0 0.5337676 0.5065781 0.010318358 0.03446875 0.289062 0.000000 0.000000 0.289062 0.000000 0.000000 0.289062 0.000000 0.000000 0.289062 0.000000 0.000000 0.289062 0.000000 0.000000 0.289062 0.000000 0.000000 0.289062 0.000000 0.000000 0.289062 0.000000 0.000000 0.289062 0.000000 0.000000 0.289062 0.000000 0.000000 0.289062 0.000000 0.000000 0.289062 0.000000 0.000000 0.289062 0.000000 0.000000 0.289062 0.000000 0.000000 0.289062 0.000000 0.000000 0.289062 0.000000 0.000000 0.289062 0.000000 0.000000
0 0.6342046 0.53763276 0.04442871 0.12470312 0.639746 0.496875 2.000000 0.640625 0.495313 2.000000 0.637988 0.495313 2.000000 0.289062 0.000000 0.000000 0.630078 0.496875 2.000000 0.645020 0.523438 2.000000 0.623926 0.525000 2.000000 0.652051 0.554688 2.000000 0.611621 0.542188 1.000000 0.652930 0.585938 2.000000 0.620410 0.564062 2.000000 0.645020 0.589063 1.000000 0.630078 0.590625 1.000000 0.289062 0.000000 0.000000 0.289062 0.000000 0.000000 0.289062 0.000000 0.000000 0.289062 0.000000 0.000000
0 0.48862258 0.51553905 0.019239256 0.058921874 0.289062 0.000000 0.000000 0.289062 0.000000 0.000000 0.289062 0.000000 0.000000 0.289062 0.000000 0.000000 0.289062 0.000000 0.000000 0.289062 0.000000 0.000000 0.289062 0.000000 0.000000 0.289062 0.000000 0.000000 0.289062 0.000000 0.000000 0.289062 0.000000 0.000000 0.289062 0.000000 0.000000 0.289062 0.000000 0.000000 0.289062 0.000000 0.000000 0.289062 0.000000 0.000000 0.289062 0.000000 0.000000 0.289062 0.000000 0.000000 0.289062 0.000000 0.000000
0 0.42770997 0.6061719 0.13846287 0.6627188 0.388379 0.415625 2.000000 0.289062 0.000000 0.000000 0.380469 0.415625 2.000000 0.289062 0.000000 0.000000 0.370801 0.445312 2.000000 0.410352 0.464063 2.000000 0.368164 0.534375 2.000000 0.440234 0.393750 2.000000 0.376953 0.604688 2.000000 0.464844 0.323438 2.000000 0.399805 0.653125 2.000000 0.436719 0.643750 2.000000 0.392773 0.654688 2.000000 0.460449 0.762500 2.000000 0.398926 0.798437 2.000000 0.429688 0.885938 2.000000 0.397168 0.882812 2.000000
0 0.351355 0.5262813 0.026024414 0.085968755 0.289062 0.000000 0.000000 0.289062 0.000000 0.000000 0.289062 0.000000 0.000000 0.289062 0.000000 0.000000 0.289062 0.000000 0.000000 0.289062 0.000000 0.000000 0.289062 0.000000 0.000000 0.289062 0.000000 0.000000 0.289062 0.000000 0.000000 0.289062 0.000000 0.000000 0.289062 0.000000 0.000000 0.289062 0.000000 0.000000 0.289062 0.000000 0.000000 0.289062 0.000000 0.000000 0.289062 0.000000 0.000000 0.289062 0.000000 0.000000 0.289062 0.000000 0.000000
0 0.51432174 0.54634374 0.032598633 0.10390625 0.507031 0.515625 2.000000 0.508789 0.510938 2.000000 0.289062 0.000000 0.000000 0.513184 0.514063 2.000000 0.289062 0.000000 0.000000 0.520215 0.534375 2.000000 0.289062 0.000000 0.000000 0.525488 0.571875 2.000000 0.289062 0.000000 0.000000 0.521094 0.603125 1.000000 0.289062 0.000000 0.000000 0.522852 0.593750 2.000000 0.289062 0.000000 0.000000 0.289062 0.000000 0.000000 0.289062 0.000000 0.000000 0.289062 0.000000 0.000000 0.289062 0.000000 0.000000
0 0.31470457 0.5321562 0.05128418 0.1368125 0.295215 0.492188 1.000000 0.295215 0.487500 2.000000 0.289062 0.000000 0.000000 0.300488 0.485938 2.000000 0.289062 0.000000 0.000000 0.301367 0.514063 2.000000 0.324219 0.498437 2.000000 0.303125 0.548437 2.000000 0.335645 0.523438 1.000000 0.291699 0.576563 2.000000 0.289062 0.000000 0.000000 0.309277 0.584375 2.000000 0.326855 0.578125 1.000000 0.289062 0.000000 0.000000 0.289062 0.000000 0.000000 0.289062 0.000000 0.000000 0.289062 0.000000 0.000000
0 0.32058445 0.46517187 0.0055810544 0.00990625 0.289062 0.000000 0.000000 0.289062 0.000000 0.000000 0.289062 0.000000 0.000000 0.289062 0.000000 0.000000 0.289062 0.000000 0.000000 0.289062 0.000000 0.000000 0.289062 0.000000 0.000000 0.289062 0.000000 0.000000 0.289062 0.000000 0.000000 0.289062 0.000000 0.000000 0.289062 0.000000 0.000000 0.289062 0.000000 0.000000 0.289062 0.000000 0.000000 0.289062 0.000000 0.000000 0.289062 0.000000 0.000000 0.289062 0.000000 0.000000 0.289062 0.000000 0.000000
0 0.55772215 0.555625 0.026024414 0.08396876 0.289062 0.000000 0.000000 0.289062 0.000000 0.000000 0.289062 0.000000 0.000000 0.289062 0.000000 0.000000 0.289062 0.000000 0.000000 0.289062 0.000000 0.000000 0.289062 0.000000 0.000000 0.289062 0.000000 0.000000 0.289062 0.000000 0.000000 0.289062 0.000000 0.000000 0.289062 0.000000 0.000000 0.289062 0.000000 0.000000 0.289062 0.000000 0.000000 0.289062 0.000000 0.000000 0.289062 0.000000 0.000000 0.289062 0.000000 0.000000 0.289062 0.000000 0.000000
0 0.65194094 0.52178127 0.015688477 0.044375 0.289062 0.000000 0.000000 0.289062 0.000000 0.000000 0.289062 0.000000 0.000000 0.289062 0.000000 0.000000 0.289062 0.000000 0.000000 0.289062 0.000000 0.000000 0.289062 0.000000 0.000000 0.289062 0.000000 0.000000 0.289062 0.000000 0.000000 0.289062 0.000000 0.000000 0.289062 0.000000 0.000000 0.289062 0.000000 0.000000 0.289062 0.000000 0.000000 0.289062 0.000000 0.000000 0.289062 0.000000 0.000000 0.289062 0.000000 0.000000 0.289062 0.000000 0.000000
0 0.6846714 0.51081246 0.015301758 0.06568751 0.289062 0.000000 0.000000 0.289062 0.000000 0.000000 0.289062 0.000000 0.000000 0.289062 0.000000 0.000000 0.289062 0.000000 0.000000 0.289062 0.000000 0.000000 0.289062 0.000000 0.000000 0.289062 0.000000 0.000000 0.289062 0.000000 0.000000 0.289062 0.000000 0.000000 0.289062 0.000000 0.000000 0.289062 0.000000 0.000000 0.289062 0.000000 0.000000 0.289062 0.000000 0.000000 0.289062 0.000000 0.000000 0.289062 0.000000 0.000000 0.289062 0.000000 0.000000
0 0.59993595 0.52980465 0.04029785 0.13345313 0.598437 0.485938 2.000000 0.599316 0.482812 2.000000 0.594922 0.482812 2.000000 0.601953 0.485938 2.000000 0.590527 0.484375 2.000000 0.607227 0.514063 2.000000 0.584375 0.514063 2.000000 0.616895 0.543750 2.000000 0.589648 0.553125 2.000000 0.600195 0.542188 2.000000 0.610742 0.551562 2.000000 0.609863 0.590625 2.000000 0.590527 0.592188 2.000000 0.289062 0.000000 0.000000 0.289062 0.000000 0.000000 0.289062 0.000000 0.000000 0.289062 0.000000 0.000000
0 0.6209507 0.498789 0.020311525 0.053578127 0.289062 0.000000 0.000000 0.289062 0.000000 0.000000 0.289062 0.000000 0.000000 0.289062 0.000000 0.000000 0.289062 0.000000 0.000000 0.289062 0.000000 0.000000 0.289062 0.000000 0.000000 0.289062 0.000000 0.000000 0.289062 0.000000 0.000000 0.289062 0.000000 0.000000 0.289062 0.000000 0.000000 0.289062 0.000000 0.000000 0.289062 0.000000 0.000000 0.289062 0.000000 0.000000 0.289062 0.000000 0.000000 0.289062 0.000000 0.000000 0.289062 0.000000 0.000000
0 0.5 0.578125 0.4201172 0.3125 0.289062 0.000000 0.000000 0.289062 0.000000 0.000000 0.289062 0.000000 0.000000 0.289062 0.000000 0.000000 0.289062 0.000000 0.000000 0.289062 0.000000 0.000000 0.289062 0.000000 0.000000 0.289062 0.000000 0.000000 0.289062 0.000000 0.000000 0.289062 0.000000 0.000000 0.289062 0.000000 0.000000 0.289062 0.000000 0.000000 0.289062 0.000000 0.000000 0.289062 0.000000 0.000000 0.289062 0.000000 0.000000 0.289062 0.000000 0.000000 0.289062 0.000000 0.000000