0 0.4017217 0.31393868 0.11175708 0.32023588 0.444281 0.238208 2.000000 0.075472 0.000000 0.000000 0.438974 0.226415 2.000000 0.075472 0.000000 0.000000 0.423054 0.224057 2.000000 0.425708 0.257075 2.000000 0.387235 0.254717 2.000000 0.441627 0.339623 1.000000 0.355395 0.330189 2.000000 0.460200 0.410377 1.000000 0.391215 0.320755 2.000000 0.411114 0.393868 1.000000 0.368662 0.396226 2.000000 0.075472 0.000000 0.000000 0.403154 0.516509 1.000000 0.075472 0.000000 0.000000 0.350088 0.478774 1.000000
0 0.44831368 0.4475354 0.101648 0.26681602 0.450914 0.372642 2.000000 0.449587 0.358491 2.000000 0.441627 0.365566 2.000000 0.075472 0.000000 0.000000 0.075472 0.000000 0.000000 0.449587 0.391509 2.000000 0.417748 0.419811 2.000000 0.075472 0.000000 0.000000 0.421728 0.483491 2.000000 0.457547 0.417453 2.000000 0.446934 0.466981 2.000000 0.465507 0.471698 2.000000 0.429688 0.514151 2.000000 0.497347 0.471698 1.000000 0.466834 0.547170 1.000000 0.075472 0.000000 0.000000 0.416421 0.551887 2.000000
0 0.54000515 0.83370286 0.16305868 0.30561322 0.075472 0.000000 0.000000 0.526533 0.783019 2.000000 0.075472 0.000000 0.000000 0.551739 0.823113 2.000000 0.075472 0.000000 0.000000 0.543779 0.879717 2.000000 0.549086 0.832547 2.000000 0.513267 0.952830 2.000000 0.075472 0.000000 0.000000 0.523880 0.853774 2.000000 0.518573 0.731132 2.000000 0.075472 0.000000 0.000000 0.594192 0.962264 2.000000 0.474794 0.962264 2.000000 0.498673 0.884434 2.000000 0.075472 0.000000 0.000000 0.075472 0.000000 0.000000
0 0.509532 0.33336085 0.069662444 0.23228773 0.518573 0.273585 2.000000 0.075472 0.000000 0.000000 0.514593 0.268868 2.000000 0.075472 0.000000 0.000000 0.497347 0.268868 2.000000 0.502653 0.297170 2.000000 0.488060 0.320755 2.000000 0.519900 0.320755 2.000000 0.496020 0.370283 2.000000 0.534493 0.313679 2.000000 0.518573 0.344340 2.000000 0.515920 0.396226 2.000000 0.503980 0.408019 2.000000 0.550413 0.415094 1.000000 0.543779 0.424528 1.000000 0.075472 0.000000 0.000000 0.075472 0.000000 0.000000
0 0.7287213 0.7024175 0.13649912 0.4067689 0.713591 0.610849 2.000000 0.724204 0.603774 2.000000 0.709611 0.594340 2.000000 0.748084 0.596698 2.000000 0.075472 0.000000 0.000000 0.738797 0.655660 2.000000 0.741450 0.603774 2.000000 0.764004 0.747642 2.000000 0.773290 0.641509 2.000000 0.765330 0.834906 2.000000 0.783903 0.686321 2.000000 0.722877 0.747642 2.000000 0.722877 0.702830 2.000000 0.671138 0.747642 2.000000 0.687058 0.674528 2.000000 0.722877 0.825472 2.000000 0.760024 0.693396 2.000000
0 0.6697649 0.12261793 0.052840512 0.24429248 0.668485 0.030660 2.000000 0.673791 0.023585 2.000000 0.665831 0.021226 2.000000 0.681751 0.033019 2.000000 0.659198 0.030660 2.000000 0.689711 0.068396 2.000000 0.649912 0.063679 2.000000 0.691038 0.103774 2.000000 0.647258 0.115566 2.000000 0.680425 0.075472 2.000000 0.663178 0.080189 2.000000 0.673791 0.176887 2.000000 0.655218 0.179245 2.000000 0.075472 0.000000 0.000000 0.075472 0.000000 0.000000 0.075472 0.000000 0.000000 0.075472 0.000000 0.000000
0 0.80897707 0.36074293 0.14720519 0.41308963 0.770637 0.221698 2.000000 0.778597 0.214623 2.000000 0.075472 0.000000 0.000000 0.075472 0.000000 0.000000 0.075472 0.000000 0.000000 0.806456 0.273585 2.000000 0.829009 0.242925 2.000000 0.789210 0.400943 2.000000 0.831663 0.389151 2.000000 0.752064 0.386792 2.000000 0.779923 0.353774 2.000000 0.844929 0.471698 2.000000 0.866156 0.443396 2.000000 0.745430 0.431604 2.000000 0.075472 0.000000 0.000000 0.830336 0.516509 2.000000 0.075472 0.000000 0.000000
0 0.24560806 0.83457553 0.18749557 0.30122644 0.075472 0.000000 0.000000 0.075472 0.000000 0.000000 0.075472 0.000000 0.000000 0.075472 0.000000 0.000000 0.221403 0.811321 2.000000 0.174971 0.853774 1.000000 0.246610 0.891509 2.000000 0.224057 0.841981 2.000000 0.278449 0.978774 1.000000 0.246610 0.813679 1.000000 0.314269 0.915094 2.000000 0.075472 0.000000 0.000000 0.075472 0.000000 0.000000 0.075472 0.000000 0.000000 0.075472 0.000000 0.000000 0.075472 0.000000 0.000000 0.075472 0.000000 0.000000
0 0.329134 0.61316043 0.12272849 0.37820756 0.308962 0.507075 2.000000 0.318249 0.495283 2.000000 0.302329 0.490566 2.000000 0.334169 0.495283 2.000000 0.075472 0.000000 0.000000 0.350088 0.542453 2.000000 0.289062 0.556604 2.000000 0.355395 0.601415 2.000000 0.310289 0.653302 2.000000 0.366008 0.650943 2.000000 0.311616 0.606132 2.000000 0.328862 0.667453 2.000000 0.299676 0.662736 2.000000 0.379275 0.643868 2.000000 0.287736 0.639151 2.000000 0.331515 0.724057 2.000000 0.291716 0.778302 2.000000
0 0.38477373 0.13996463 0.06289652 0.22191037 0.075472 0.000000 0.000000 0.075472 0.000000 0.000000 0.075472 0.000000 0.000000 0.075472 0.000000 0.000000 0.400501 0.073113 2.000000 0.366008 0.120283 2.000000 0.409788 0.113208 2.000000 0.360702 0.176887 2.000000 0.075472 0.000000 0.000000 0.075472 0.000000 0.000000 0.075472 0.000000 0.000000 0.371315 0.231132 1.000000 0.405808 0.226415 1.000000 0.075472 0.000000 0.000000 0.075472 0.000000 0.000000 0.075472 0.000000 0.000000 0.075472 0.000000 0.000000
0 0.26985925 0.25515333 0.110894755 0.5075708 0.075472 0.000000 0.000000 0.075472 0.000000 0.000000 0.075472 0.000000 0.000000 0.075472 0.000000 0.000000 0.075472 0.000000 0.000000 0.075472 0.000000 0.000000 0.234670 0.018868 2.000000 0.316922 0.073113 2.000000 0.274469 0.068396 2.000000 0.299676 0.106132 2.000000 0.312942 0.047170 2.000000 0.306309 0.181604 2.000000 0.273143 0.188679 2.000000 0.306309 0.306604 2.000000 0.279776 0.316038 2.000000 0.306309 0.438679 1.000000 0.283756 0.466981 2.000000
0 0.1997192 0.23659201 0.1388871 0.47318402 0.075472 0.000000 0.000000 0.075472 0.000000 0.000000 0.075472 0.000000 0.000000 0.075472 0.000000 0.000000 0.075472 0.000000 0.000000 0.075472 0.000000 0.000000 0.075472 0.000000 0.000000 0.147111 0.082547 2.000000 0.075472 0.000000 0.000000 0.075472 0.000000 0.000000 0.075472 0.000000 0.000000 0.192217 0.207547 2.000000 0.226710 0.193396 2.000000 0.201504 0.327830 2.000000 0.238650 0.285377 2.000000 0.222730 0.441038 2.000000 0.255896 0.410377 2.000000
0 0.5598452 0.16095519 0.090769455 0.22884436 0.571639 0.084906 2.000000 0.075472 0.000000 0.000000 0.566333 0.077830 2.000000 0.075472 0.000000 0.000000 0.075472 0.000000 0.000000 0.545106 0.108491 2.000000 0.565006 0.143868 2.000000 0.075472 0.000000 0.000000 0.583579 0.195755 2.000000 0.075472 0.000000 0.000000 0.595519 0.136792 2.000000 0.545106 0.224057 2.000000 0.565006 0.261792 1.000000 0.075472 0.000000 0.000000 0.588886 0.299528 1.000000 0.075472 0.000000 0.000000 0.075472 0.000000 0.000000
0 0.5 0.44103777 0.8464033 0.87735856 0.075472 0.000000 0.000000 0.075472 0.000000 0.000000 0.075472 0.000000 0.000000 0.075472 0.000000 0.000000 0.075472 0.000000 0.000000 0.075472 0.000000 0.000000 0.075472 0.000000 0.000000 0.075472 0.000000 0.000000 0.075472 0.000000 0.000000 0.075472 0.000000 0.000000 0.075472 0.000000 0.000000 0.075472 0.000000 0.000000 0.075472 0.000000 0.000000 0.075472 0.000000 0.000000 0.075472 0.000000 0.000000 0.075472 0.000000 0.000000 0.075472 0.000000 0.000000