0 0.34432226 0.38773957 0.060527343 0.22985418 0.359375 0.302083 2.000000 0.125000 0.000000 0.000000 0.357031 0.297917 2.000000 0.125000 0.000000 0.000000 0.346484 0.304167 2.000000 0.339453 0.322917 2.000000 0.350000 0.329167 2.000000 0.318359 0.366667 2.000000 0.364062 0.368750 2.000000 0.125000 0.000000 0.000000 0.368750 0.354167 2.000000 0.333594 0.412500 2.000000 0.341797 0.414583 2.000000 0.335938 0.485417 2.000000 0.360547 0.477083 2.000000 0.125000 0.000000 0.000000 0.125000 0.000000 0.000000
0 0.47598833 0.48279163 0.06473438 0.18670833 0.471875 0.422917 2.000000 0.474219 0.418750 2.000000 0.468359 0.418750 2.000000 0.481250 0.420833 2.000000 0.463672 0.418750 2.000000 0.485938 0.439583 2.000000 0.458984 0.445833 2.000000 0.497656 0.468750 2.000000 0.457812 0.518750 2.000000 0.501172 0.447917 2.000000 0.464844 0.554167 2.000000 0.483594 0.514583 1.000000 0.467187 0.516667 2.000000 0.125000 0.000000 0.000000 0.125000 0.000000 0.000000 0.125000 0.000000 0.000000 0.125000 0.000000 0.000000
0 0.5615 0.495125 0.0699375 0.17379166 0.125000 0.000000 0.000000 0.569141 0.439583 2.000000 0.563281 0.439583 2.000000 0.125000 0.000000 0.000000 0.551562 0.431250 2.000000 0.569141 0.452083 2.000000 0.541016 0.466667 2.000000 0.579687 0.491667 2.000000 0.530469 0.512500 2.000000 0.584375 0.477083 2.000000 0.539844 0.556250 2.000000 0.571484 0.522917 2.000000 0.551562 0.539583 1.000000 0.125000 0.000000 0.000000 0.608984 0.522917 1.000000 0.125000 0.000000 0.000000 0.125000 0.000000 0.000000
0 0.65304685 0.5011771 0.07867969 0.2044375 0.647656 0.435417 2.000000 0.650000 0.425000 2.000000 0.642969 0.427083 2.000000 0.125000 0.000000 0.000000 0.630078 0.431250 2.000000 0.651172 0.456250 2.000000 0.630078 0.468750 2.000000 0.662891 0.489583 1.000000 0.623047 0.535417 2.000000 0.667578 0.468750 2.000000 0.638281 0.575000 2.000000 0.645312 0.541667 2.000000 0.632422 0.554167 2.000000 0.678125 0.547917 2.000000 0.125000 0.000000 0.000000 0.125000 0.000000 0.000000 0.125000 0.000000 0.000000
0 0.80761135 0.5097708 0.07128516 0.19629166 0.817578 0.447917 2.000000 0.125000 0.000000 0.000000 0.815234 0.439583 2.000000 0.125000 0.000000 0.000000 0.804688 0.443750 2.000000 0.802344 0.472917 2.000000 0.794141 0.485417 2.000000 0.824609 0.508333 2.000000 0.790625 0.547917 2.000000 0.833984 0.495833 2.000000 0.808203 0.585417 2.000000 0.798828 0.560417 2.000000 0.790625 0.568750 1.000000 0.838672 0.554167 1.000000 0.125000 0.000000 0.000000 0.125000 0.000000 0.000000 0.125000 0.000000 0.000000
0 0.72884953 0.50053126 0.07913672 0.17102082 0.723828 0.441667 2.000000 0.727344 0.437500 2.000000 0.720312 0.437500 2.000000 0.125000 0.000000 0.000000 0.714453 0.439583 2.000000 0.732031 0.470833 2.000000 0.710938 0.477083 2.000000 0.125000 0.000000 0.000000 0.694531 0.516667 2.000000 0.125000 0.000000 0.000000 0.706250 0.562500 2.000000 0.727344 0.545833 2.000000 0.708594 0.552083 2.000000 0.761328 0.543750 2.000000 0.755469 0.556250 2.000000 0.125000 0.000000 0.000000 0.125000 0.000000 0.000000
0 0.7538574 0.47286457 0.04573828 0.14327084 0.758984 0.435417 2.000000 0.760156 0.425000 2.000000 0.755469 0.427083 2.000000 0.125000 0.000000 0.000000 0.742578 0.433333 2.000000 0.125000 0.000000 0.000000 0.739062 0.460417 2.000000 0.125000 0.000000 0.000000 0.753125 0.495833 1.000000 0.125000 0.000000 0.000000 0.777734 0.495833 1.000000 0.125000 0.000000 0.000000 0.740234 0.545833 1.000000 0.125000 0.000000 0.000000 0.125000 0.000000 0.000000 0.125000 0.000000 0.000000 0.125000 0.000000 0.000000
0 0.50943357 0.45665625 0.042234376 0.15389584 0.125000 0.000000 0.000000 0.125000 0.000000 0.000000 0.125000 0.000000 0.000000 0.125000 0.000000 0.000000 0.512891 0.408333 2.000000 0.504687 0.431250 2.000000 0.498828 0.435417 2.000000 0.125000 0.000000 0.000000 0.521094 0.462500 1.000000 0.125000 0.000000 0.000000 0.125000 0.000000 0.000000 0.501172 0.520833 2.000000 0.497656 0.525000 2.000000 0.125000 0.000000 0.000000 0.125000 0.000000 0.000000 0.125000 0.000000 0.000000 0.125000 0.000000 0.000000
0 0.59994924 0.47312498 0.05709375 0.12883334 0.125000 0.000000 0.000000 0.125000 0.000000 0.000000 0.624219 0.445833 2.000000 0.125000 0.000000 0.000000 0.613672 0.443750 2.000000 0.612500 0.460417 2.000000 0.597266 0.456250 2.000000 0.125000 0.000000 0.000000 0.620703 0.500000 1.000000 0.125000 0.000000 0.000000 0.125000 0.000000 0.000000 0.590234 0.522917 2.000000 0.569141 0.529167 1.000000 0.125000 0.000000 0.000000 0.607813 0.522917 2.000000 0.125000 0.000000 0.000000 0.125000 0.000000 0.000000
0 0.67765623 0.4641979 0.04253906 0.12852083 0.692187 0.431250 2.000000 0.695703 0.425000 2.000000 0.689844 0.425000 2.000000 0.125000 0.000000 0.000000 0.679297 0.422917 2.000000 0.682813 0.447917 2.000000 0.666406 0.447917 2.000000 0.686328 0.512500 2.000000 0.687500 0.479167 2.000000 0.708594 0.522917 1.000000 0.712109 0.477083 1.000000 0.667578 0.527083 2.000000 0.651172 0.531250 1.000000 0.125000 0.000000 0.000000 0.686328 0.535417 1.000000 0.125000 0.000000 0.000000 0.686328 0.587500 1.000000
0 0.5265371 0.1485104 0.013394532 0.045187503 0.125000 0.000000 0.000000 0.125000 0.000000 0.000000 0.125000 0.000000 0.000000 0.125000 0.000000 0.000000 0.125000 0.000000 0.000000 0.125000 0.000000 0.000000 0.125000 0.000000 0.000000 0.125000 0.000000 0.000000 0.125000 0.000000 0.000000 0.125000 0.000000 0.000000 0.125000 0.000000 0.000000 0.125000 0.000000 0.000000 0.125000 0.000000 0.000000 0.125000 0.000000 0.000000 0.125000 0.000000 0.000000 0.125000 0.000000 0.000000 0.125000 0.000000 0.000000