0 0.26060894 0.7601285 0.26098424 0.4594626 0.270006 0.792056 2.000000 0.300234 0.761682 2.000000 0.248978 0.750000 2.000000 0.317319 0.750000 2.000000 0.220064 0.733645 2.000000 0.334404 0.920561 2.000000 0.176694 0.897196 2.000000 0.079439 0.000000 0.000000 0.079439 0.000000 0.000000 0.079439 0.000000 0.000000 0.079439 0.000000 0.000000 0.079439 0.000000 0.000000 0.079439 0.000000 0.000000 0.079439 0.000000 0.000000 0.079439 0.000000 0.000000 0.079439 0.000000 0.000000 0.079439 0.000000 0.000000
0 0.39798117 0.7217874 0.14663114 0.5190888 0.380403 0.544393 2.000000 0.394860 0.535047 2.000000 0.373832 0.532710 2.000000 0.415888 0.546729 2.000000 0.367261 0.537383 2.000000 0.426402 0.635514 2.000000 0.355432 0.619159 2.000000 0.432973 0.731308 2.000000 0.331776 0.707944 1.000000 0.383032 0.738318 2.000000 0.362004 0.750000 2.000000 0.396174 0.834112 2.000000 0.352804 0.815421 2.000000 0.386974 0.990654 1.000000 0.342290 0.983645 1.000000 0.079439 0.000000 0.000000 0.079439 0.000000 0.000000
0 0.11878797 0.5031075 0.07443926 0.20785046 0.112296 0.432243 2.000000 0.079439 0.000000 0.000000 0.109667 0.427570 2.000000 0.079439 0.000000 0.000000 0.096525 0.434579 2.000000 0.113610 0.460280 2.000000 0.088639 0.464953 2.000000 0.130695 0.490654 2.000000 0.104410 0.500000 2.000000 0.141209 0.464953 2.000000 0.126752 0.471963 2.000000 0.108353 0.532710 2.000000 0.093896 0.537383 2.000000 0.142523 0.528037 2.000000 0.130695 0.532710 2.000000 0.079439 0.000000 0.000000 0.130695 0.602804 2.000000
0 0.49140483 0.52301407 0.07827687 0.40378508 0.079439 0.000000 0.000000 0.079439 0.000000 0.000000 0.079439 0.000000 0.000000 0.079439 0.000000 0.000000 0.079439 0.000000 0.000000 0.510514 0.390187 2.000000 0.476343 0.397196 2.000000 0.517085 0.467290 2.000000 0.469772 0.460280 2.000000 0.497372 0.523364 2.000000 0.457944 0.485981 2.000000 0.506571 0.518692 2.000000 0.478972 0.516355 2.000000 0.485543 0.609813 2.000000 0.457944 0.602804 2.000000 0.494743 0.696262 2.000000 0.485543 0.649533 2.000000
0 0.5379819 0.52742994 0.04615654 0.26018694 0.527599 0.427570 2.000000 0.530228 0.422897 2.000000 0.526285 0.420561 2.000000 0.540742 0.425234 2.000000 0.079439 0.000000 0.000000 0.548627 0.457944 2.000000 0.528914 0.457944 2.000000 0.555199 0.490654 2.000000 0.079439 0.000000 0.000000 0.538113 0.509346 2.000000 0.079439 0.000000 0.000000 0.539428 0.525701 2.000000 0.527599 0.528037 2.000000 0.532856 0.584112 2.000000 0.530228 0.584112 2.000000 0.524971 0.640187 2.000000 0.545999 0.626168 2.000000
0 0.6814522 0.5316589 0.043462325 0.2638318 0.677424 0.427570 2.000000 0.682681 0.422897 2.000000 0.677424 0.420561 2.000000 0.079439 0.000000 0.000000 0.079439 0.000000 0.000000 0.694509 0.464953 2.000000 0.678738 0.457944 2.000000 0.691881 0.497664 2.000000 0.079439 0.000000 0.000000 0.670853 0.516355 2.000000 0.668224 0.502336 1.000000 0.690567 0.528037 2.000000 0.678738 0.528037 2.000000 0.685310 0.586449 2.000000 0.664282 0.574766 2.000000 0.686624 0.642523 2.000000 0.678738 0.623832 2.000000
0 0.64274096 0.60483646 0.036010515 0.1953271 0.647196 0.537383 2.000000 0.649825 0.535047 2.000000 0.643254 0.532710 2.000000 0.079439 0.000000 0.000000 0.079439 0.000000 0.000000 0.655082 0.556075 1.000000 0.636682 0.549065 1.000000 0.652453 0.574766 2.000000 0.631425 0.546729 2.000000 0.649825 0.551402 2.000000 0.627482 0.523364 1.000000 0.640625 0.614486 2.000000 0.630111 0.612150 2.000000 0.640625 0.656542 2.000000 0.635368 0.649533 2.000000 0.640625 0.684579 2.000000 0.647196 0.665888 2.000000
0 0.16918297 0.6071846 0.08848861 0.2853972 0.079439 0.000000 0.000000 0.079439 0.000000 0.000000 0.079439 0.000000 0.000000 0.159609 0.497664 2.000000 0.184579 0.500000 2.000000 0.143838 0.546729 2.000000 0.197722 0.544393 2.000000 0.135952 0.609813 2.000000 0.205607 0.619159 2.000000 0.079439 0.000000 0.000000 0.079439 0.000000 0.000000 0.146466 0.679907 2.000000 0.184579 0.682243 2.000000 0.079439 0.000000 0.000000 0.079439 0.000000 0.000000 0.079439 0.000000 0.000000 0.079439 0.000000 0.000000
0 0.42330027 0.58433414 0.096019275 0.43105143 0.393546 0.429907 2.000000 0.398803 0.418224 2.000000 0.079439 0.000000 0.000000 0.418516 0.420561 2.000000 0.079439 0.000000 0.000000 0.429030 0.476636 2.000000 0.397488 0.478972 1.000000 0.450058 0.542056 2.000000 0.079439 0.000000 0.000000 0.427716 0.600467 2.000000 0.079439 0.000000 0.000000 0.436916 0.621495 1.000000 0.079439 0.000000 0.000000 0.436916 0.693925 1.000000 0.079439 0.000000 0.000000 0.459258 0.766355 2.000000 0.079439 0.000000 0.000000
0 0.6046736 0.4946262 0.06430637 0.37719628 0.588055 0.350467 2.000000 0.591998 0.341121 2.000000 0.586741 0.341121 2.000000 0.602512 0.336449 2.000000 0.079439 0.000000 0.000000 0.620911 0.380841 2.000000 0.593312 0.383178 2.000000 0.630111 0.439252 2.000000 0.595940 0.441589 2.000000 0.628797 0.492991 2.000000 0.581484 0.478972 2.000000 0.619597 0.490654 2.000000 0.598569 0.488318 2.000000 0.602512 0.570093 2.000000 0.595940 0.572430 2.000000 0.620911 0.635514 2.000000 0.597255 0.661215 2.000000
0 0.5587602 0.46813086 0.034564838 0.23 0.564398 0.373832 2.000000 0.079439 0.000000 0.000000 0.561770 0.369159 2.000000 0.079439 0.000000 0.000000 0.555199 0.376168 2.000000 0.557827 0.397196 2.000000 0.545999 0.399533 2.000000 0.079439 0.000000 0.000000 0.543370 0.432243 1.000000 0.079439 0.000000 0.000000 0.563084 0.429907 2.000000 0.560456 0.464953 2.000000 0.548627 0.467290 1.000000 0.561770 0.507009 2.000000 0.549942 0.516355 1.000000 0.560456 0.558411 2.000000 0.543370 0.567757 1.000000
0 0.876093 0.47411215 0.079814546 0.26850468 0.861419 0.380841 2.000000 0.862734 0.376168 2.000000 0.079439 0.000000 0.000000 0.873248 0.373832 2.000000 0.079439 0.000000 0.000000 0.902161 0.397196 2.000000 0.867991 0.399533 2.000000 0.911361 0.457944 2.000000 0.857477 0.453271 2.000000 0.906104 0.502336 2.000000 0.841706 0.492991 2.000000 0.882447 0.495327 2.000000 0.865362 0.492991 2.000000 0.867991 0.570093 2.000000 0.864048 0.567757 2.000000 0.871933 0.642523 1.000000 0.079439 0.000000 0.000000
0 0.78383243 0.5157594 0.033658005 0.14357477 0.079439 0.000000 0.000000 0.079439 0.000000 0.000000 0.079439 0.000000 0.000000 0.079439 0.000000 0.000000 0.079439 0.000000 0.000000 0.079439 0.000000 0.000000 0.079439 0.000000 0.000000 0.079439 0.000000 0.000000 0.079439 0.000000 0.000000 0.079439 0.000000 0.000000 0.079439 0.000000 0.000000 0.079439 0.000000 0.000000 0.079439 0.000000 0.000000 0.079439 0.000000 0.000000 0.079439 0.000000 0.000000 0.079439 0.000000 0.000000 0.079439 0.000000 0.000000
0 0.49605724 0.49065423 0.8306075 0.36448598 0.079439 0.000000 0.000000 0.079439 0.000000 0.000000 0.079439 0.000000 0.000000 0.079439 0.000000 0.000000 0.079439 0.000000 0.000000 0.079439 0.000000 0.000000 0.079439 0.000000 0.000000 0.079439 0.000000 0.000000 0.079439 0.000000 0.000000 0.079439 0.000000 0.000000 0.079439 0.000000 0.000000 0.079439 0.000000 0.000000 0.079439 0.000000 0.000000 0.079439 0.000000 0.000000 0.079439 0.000000 0.000000 0.079439 0.000000 0.000000 0.079439 0.000000 0.000000