0 0.55820996 0.5325859 0.22626562 0.5887656 0.513623 0.357812 2.000000 0.521533 0.356250 2.000000 0.312354 0.000000 0.000000 0.535596 0.362500 2.000000 0.312354 0.000000 0.000000 0.548779 0.410937 2.000000 0.541748 0.345313 2.000000 0.541748 0.506250 2.000000 0.498682 0.307813 2.000000 0.517139 0.454688 2.000000 0.462646 0.271875 2.000000 0.590967 0.496875 2.000000 0.608545 0.485938 2.000000 0.577783 0.640625 2.000000 0.630518 0.626562 2.000000 0.576025 0.770312 2.000000 0.651611 0.734375 2.000000
0 0.6685435 0.49764064 0.033899415 0.11675 0.661279 0.460938 2.000000 0.663916 0.457812 2.000000 0.657764 0.457812 2.000000 0.312354 0.000000 0.000000 0.312354 0.000000 0.000000 0.672705 0.479688 2.000000 0.654248 0.481250 1.000000 0.312354 0.000000 0.000000 0.312354 0.000000 0.000000 0.312354 0.000000 0.000000 0.312354 0.000000 0.000000 0.312354 0.000000 0.000000 0.312354 0.000000 0.000000 0.312354 0.000000 0.000000 0.312354 0.000000 0.000000 0.312354 0.000000 0.000000 0.312354 0.000000 0.000000
0 0.6655332 0.4110156 0.037335936 0.076437496 0.664795 0.392188 2.000000 0.667432 0.389062 2.000000 0.662158 0.389062 2.000000 0.671826 0.389062 2.000000 0.312354 0.000000 0.000000 0.677979 0.410937 2.000000 0.312354 0.000000 0.000000 0.672705 0.434375 2.000000 0.312354 0.000000 0.000000 0.660400 0.418750 2.000000 0.660400 0.420312 2.000000 0.676221 0.456250 1.000000 0.312354 0.000000 0.000000 0.655127 0.421875 2.000000 0.312354 0.000000 0.000000 0.650732 0.456250 1.000000 0.312354 0.000000 0.000000
0 0.62995064 0.42227346 0.050387695 0.11376562 0.641064 0.381250 2.000000 0.644580 0.378125 2.000000 0.639307 0.375000 2.000000 0.646338 0.385938 2.000000 0.312354 0.000000 0.000000 0.647217 0.407813 2.000000 0.622607 0.401563 2.000000 0.643701 0.437500 2.000000 0.612061 0.431250 2.000000 0.637549 0.407813 2.000000 0.599756 0.451562 1.000000 0.638428 0.457812 1.000000 0.617334 0.456250 2.000000 0.312354 0.000000 0.000000 0.312354 0.000000 0.000000 0.312354 0.000000 0.000000 0.312354 0.000000 0.000000
0 0.51400095 0.42134374 0.031183593 0.07584375 0.510107 0.404687 2.000000 0.512744 0.400000 2.000000 0.508350 0.401563 2.000000 0.517139 0.401563 2.000000 0.312354 0.000000 0.000000 0.525928 0.417188 2.000000 0.502197 0.423438 2.000000 0.519775 0.437500 2.000000 0.499561 0.440625 2.000000 0.516260 0.412500 2.000000 0.510986 0.443750 2.000000 0.519775 0.468750 1.000000 0.502197 0.470313 1.000000 0.312354 0.000000 0.000000 0.312354 0.000000 0.000000 0.312354 0.000000 0.000000 0.312354 0.000000 0.000000
0 0.46544582 0.41985157 0.0625166 0.070609376 0.481104 0.401563 2.000000 0.483740 0.398438 2.000000 0.479346 0.398438 2.000000 0.487256 0.403125 2.000000 0.475830 0.404687 2.000000 0.490771 0.425000 2.000000 0.471436 0.431250 2.000000 0.490771 0.450000 1.000000 0.458252 0.446875 2.000000 0.312354 0.000000 0.000000 0.441553 0.445312 2.000000 0.312354 0.000000 0.000000 0.312354 0.000000 0.000000 0.312354 0.000000 0.000000 0.312354 0.000000 0.000000 0.312354 0.000000 0.000000 0.312354 0.000000 0.000000
0 0.41986132 0.5401406 0.05090625 0.105624996 0.422217 0.510938 2.000000 0.423975 0.507812 2.000000 0.419580 0.507812 2.000000 0.431006 0.512500 2.000000 0.415186 0.512500 2.000000 0.436279 0.539062 2.000000 0.405518 0.539062 2.000000 0.437158 0.584375 2.000000 0.397607 0.585938 2.000000 0.415186 0.585938 1.000000 0.416064 0.587500 1.000000 0.312354 0.000000 0.000000 0.312354 0.000000 0.000000 0.312354 0.000000 0.000000 0.312354 0.000000 0.000000 0.312354 0.000000 0.000000 0.312354 0.000000 0.000000
0 0.4197998 0.60470307 0.049869142 0.104718745 0.418701 0.576563 2.000000 0.422217 0.570312 2.000000 0.415186 0.571875 2.000000 0.426611 0.576563 2.000000 0.413428 0.575000 2.000000 0.431885 0.595312 2.000000 0.410791 0.595312 2.000000 0.440674 0.639063 2.000000 0.397607 0.604688 2.000000 0.429248 0.617188 2.000000 0.404639 0.573438 2.000000 0.424854 0.664062 1.000000 0.409912 0.664062 1.000000 0.312354 0.000000 0.000000 0.312354 0.000000 0.000000 0.312354 0.000000 0.000000 0.312354 0.000000 0.000000
0 0.48774368 0.62414837 0.06258691 0.066296875 0.496045 0.623438 2.000000 0.498682 0.618750 2.000000 0.493408 0.618750 2.000000 0.503076 0.621875 2.000000 0.312354 0.000000 0.000000 0.509229 0.648438 2.000000 0.483740 0.639063 2.000000 0.507471 0.684375 1.000000 0.463525 0.610937 2.000000 0.493408 0.643750 2.000000 0.481982 0.601562 2.000000 0.312354 0.000000 0.000000 0.312354 0.000000 0.000000 0.312354 0.000000 0.000000 0.312354 0.000000 0.000000 0.312354 0.000000 0.000000 0.312354 0.000000 0.000000
0 0.64980084 0.51499224 0.041871093 0.12751563 0.646338 0.476562 2.000000 0.648975 0.473437 2.000000 0.643701 0.473437 2.000000 0.654248 0.475000 2.000000 0.640186 0.475000 2.000000 0.661279 0.504687 2.000000 0.634033 0.507812 2.000000 0.659521 0.534375 2.000000 0.628760 0.546875 1.000000 0.647217 0.504687 2.000000 0.312354 0.000000 0.000000 0.658643 0.575000 2.000000 0.637549 0.575000 1.000000 0.312354 0.000000 0.000000 0.312354 0.000000 0.000000 0.312354 0.000000 0.000000 0.312354 0.000000 0.000000
0 0.35257667 0.6049766 0.05678613 0.100953124 0.312354 0.000000 0.000000 0.312354 0.000000 0.000000 0.312354 0.000000 0.000000 0.361572 0.570312 1.000000 0.312354 0.000000 0.000000 0.372119 0.592188 2.000000 0.343994 0.598437 2.000000 0.364209 0.626562 2.000000 0.326416 0.576563 2.000000 0.355420 0.592188 2.000000 0.343994 0.562500 2.000000 0.368604 0.670313 1.000000 0.345752 0.670313 1.000000 0.312354 0.000000 0.000000 0.312354 0.000000 0.000000 0.312354 0.000000 0.000000 0.312354 0.000000 0.000000
0 0.3740967 0.5505469 0.047021486 0.0984375 0.372998 0.526563 2.000000 0.375635 0.523438 2.000000 0.370361 0.523438 2.000000 0.380908 0.528125 2.000000 0.365967 0.528125 2.000000 0.387061 0.543750 2.000000 0.358936 0.546875 2.000000 0.389697 0.582812 2.000000 0.312354 0.000000 0.000000 0.374756 0.595312 1.000000 0.312354 0.000000 0.000000 0.380029 0.598437 2.000000 0.362451 0.598437 1.000000 0.312354 0.000000 0.000000 0.312354 0.000000 0.000000 0.312354 0.000000 0.000000 0.312354 0.000000 0.000000
0 0.59686863 0.19607812 0.029627929 0.079906255 0.597998 0.175000 2.000000 0.600635 0.171875 2.000000 0.596240 0.171875 2.000000 0.603271 0.173438 2.000000 0.594482 0.173438 2.000000 0.607666 0.195312 2.000000 0.589209 0.193750 2.000000 0.607666 0.220313 2.000000 0.584814 0.218750 2.000000 0.597998 0.225000 2.000000 0.590967 0.223438 2.000000 0.598877 0.231250 2.000000 0.589209 0.228125 2.000000 0.312354 0.000000 0.000000 0.312354 0.000000 0.000000 0.312354 0.000000 0.000000 0.312354 0.000000 0.000000
0 0.5 0.3359375 0.37353516 0.671875 0.312354 0.000000 0.000000 0.312354 0.000000 0.000000 0.312354 0.000000 0.000000 0.312354 0.000000 0.000000 0.312354 0.000000 0.000000 0.312354 0.000000 0.000000 0.312354 0.000000 0.000000 0.312354 0.000000 0.000000 0.312354 0.000000 0.000000 0.312354 0.000000 0.000000 0.312354 0.000000 0.000000 0.312354 0.000000 0.000000 0.312354 0.000000 0.000000 0.312354 0.000000 0.000000 0.312354 0.000000 0.000000 0.312354 0.000000 0.000000 0.312354 0.000000 0.000000