0 0.47849756 0.54446095 0.18566895 0.5092969 0.465283 0.365625 2.000000 0.471436 0.364062 2.000000 0.312354 0.000000 0.000000 0.484619 0.379687 2.000000 0.312354 0.000000 0.000000 0.503955 0.451562 2.000000 0.474951 0.378125 2.000000 0.487256 0.510938 2.000000 0.438037 0.339063 2.000000 0.462646 0.467187 2.000000 0.400244 0.310937 2.000000 0.523291 0.509375 2.000000 0.535596 0.479688 2.000000 0.505713 0.626562 2.000000 0.540869 0.601562 2.000000 0.501318 0.750000 2.000000 0.552295 0.703125 2.000000
0 0.52919286 0.39808592 0.045834962 0.15710938 0.518896 0.351562 2.000000 0.523291 0.346875 2.000000 0.518018 0.345313 2.000000 0.532080 0.348437 2.000000 0.312354 0.000000 0.000000 0.546143 0.376563 2.000000 0.511865 0.378125 2.000000 0.540869 0.428125 2.000000 0.312354 0.000000 0.000000 0.528564 0.459375 1.000000 0.312354 0.000000 0.000000 0.541748 0.439063 2.000000 0.520654 0.439063 1.000000 0.312354 0.000000 0.000000 0.312354 0.000000 0.000000 0.312354 0.000000 0.000000 0.312354 0.000000 0.000000
0 0.4616621 0.25326565 0.05530078 0.18137501 0.463525 0.187500 2.000000 0.467041 0.182812 2.000000 0.461768 0.181250 2.000000 0.473193 0.185937 2.000000 0.312354 0.000000 0.000000 0.479346 0.214062 2.000000 0.451221 0.212500 2.000000 0.312354 0.000000 0.000000 0.312354 0.000000 0.000000 0.312354 0.000000 0.000000 0.312354 0.000000 0.000000 0.474072 0.268750 2.000000 0.453857 0.267188 2.000000 0.459131 0.248437 2.000000 0.463525 0.276563 2.000000 0.446826 0.309375 2.000000 0.462646 0.329688 2.000000
0 0.42101708 0.24464843 0.04077246 0.15392187 0.415186 0.200000 2.000000 0.418701 0.195312 2.000000 0.414307 0.193750 2.000000 0.427490 0.195312 2.000000 0.312354 0.000000 0.000000 0.432764 0.218750 2.000000 0.410791 0.215625 2.000000 0.430127 0.260938 2.000000 0.402881 0.246875 2.000000 0.411670 0.250000 2.000000 0.420459 0.253125 2.000000 0.429248 0.268750 2.000000 0.412549 0.267188 2.000000 0.431006 0.292188 2.000000 0.409912 0.292188 2.000000 0.312354 0.000000 0.000000 0.312354 0.000000 0.000000
0 0.6093534 0.24222656 0.047126953 0.17401563 0.601514 0.179688 2.000000 0.605029 0.176563 2.000000 0.601514 0.175000 2.000000 0.612061 0.181250 2.000000 0.312354 0.000000 0.000000 0.619092 0.203125 2.000000 0.592725 0.200000 2.000000 0.619092 0.235938 2.000000 0.592725 0.242188 2.000000 0.622607 0.259375 1.000000 0.610303 0.253125 2.000000 0.612939 0.257812 2.000000 0.592725 0.257812 2.000000 0.607666 0.279687 2.000000 0.605029 0.254687 2.000000 0.614697 0.331250 1.000000 0.619092 0.298438 2.000000
0 0.65204203 0.23996094 0.06976758 0.19289061 0.641064 0.165625 2.000000 0.645459 0.160938 2.000000 0.639307 0.160938 2.000000 0.652490 0.168750 2.000000 0.312354 0.000000 0.000000 0.662158 0.192188 2.000000 0.634033 0.193750 2.000000 0.671826 0.235938 2.000000 0.624365 0.237500 2.000000 0.659521 0.260938 2.000000 0.641064 0.256250 2.000000 0.664795 0.262500 2.000000 0.641064 0.264062 2.000000 0.682373 0.265625 2.000000 0.627881 0.268750 2.000000 0.680615 0.340625 1.000000 0.643701 0.340625 1.000000
0 0.5529629 0.17507812 0.051134765 0.1953125 0.549658 0.104687 2.000000 0.553174 0.100000 2.000000 0.547900 0.100000 2.000000 0.559326 0.103125 2.000000 0.312354 0.000000 0.000000 0.568994 0.121875 2.000000 0.539111 0.120312 2.000000 0.570752 0.165625 2.000000 0.535596 0.162500 2.000000 0.555811 0.178125 2.000000 0.544385 0.178125 2.000000 0.561963 0.176563 2.000000 0.544385 0.175000 2.000000 0.570752 0.182812 2.000000 0.532959 0.187500 2.000000 0.568994 0.257812 2.000000 0.539111 0.257812 2.000000
0 0.3800117 0.13803124 0.046933595 0.123531245 0.380908 0.096875 2.000000 0.383545 0.093750 2.000000 0.378271 0.093750 2.000000 0.390576 0.096875 1.000000 0.312354 0.000000 0.000000 0.394971 0.121875 2.000000 0.369482 0.118750 2.000000 0.396729 0.153125 2.000000 0.367725 0.143750 2.000000 0.377393 0.150000 1.000000 0.386182 0.142188 2.000000 0.388818 0.178125 2.000000 0.371240 0.176563 1.000000 0.312354 0.000000 0.000000 0.359814 0.145313 2.000000 0.312354 0.000000 0.000000 0.388818 0.173438 2.000000
0 0.37679052 0.22196874 0.04931543 0.15109375 0.374756 0.168750 2.000000 0.379150 0.165625 2.000000 0.372119 0.165625 2.000000 0.383545 0.171875 2.000000 0.370361 0.173438 1.000000 0.390576 0.203125 2.000000 0.365088 0.201562 2.000000 0.400244 0.243750 2.000000 0.358057 0.248437 2.000000 0.387939 0.259375 2.000000 0.374756 0.264062 2.000000 0.382666 0.273438 2.000000 0.367725 0.273438 2.000000 0.386182 0.295312 2.000000 0.358057 0.284375 2.000000 0.366846 0.332812 1.000000 0.373877 0.332812 1.000000
0 0.42099074 0.13322656 0.03741504 0.11401563 0.411670 0.103125 2.000000 0.414307 0.100000 2.000000 0.409912 0.100000 2.000000 0.422217 0.101562 2.000000 0.312354 0.000000 0.000000 0.432764 0.123438 2.000000 0.405518 0.121875 2.000000 0.433643 0.154687 2.000000 0.406396 0.156250 2.000000 0.423975 0.159375 2.000000 0.411670 0.160938 2.000000 0.312354 0.000000 0.000000 0.312354 0.000000 0.000000 0.312354 0.000000 0.000000 0.312354 0.000000 0.000000 0.312354 0.000000 0.000000 0.312354 0.000000 0.000000
0 0.50923294 0.07075 0.048225585 0.13581249 0.505713 0.020312 2.000000 0.508350 0.014062 2.000000 0.503076 0.014062 2.000000 0.513623 0.014062 2.000000 0.499561 0.015625 2.000000 0.524170 0.040625 2.000000 0.490771 0.042188 2.000000 0.529443 0.084375 2.000000 0.489014 0.087500 2.000000 0.515381 0.098438 2.000000 0.504834 0.100000 2.000000 0.517139 0.098438 2.000000 0.499561 0.098438 2.000000 0.523291 0.106250 2.000000 0.494287 0.109375 2.000000 0.514502 0.162500 1.000000 0.499561 0.162500 1.000000
0 0.32845506 0.22426564 0.032203123 0.1449375 0.312354 0.000000 0.000000 0.313232 0.168750 2.000000 0.312354 0.000000 0.000000 0.319385 0.171875 2.000000 0.312354 0.000000 0.000000 0.326416 0.189063 2.000000 0.312354 0.000000 0.000000 0.334326 0.234375 2.000000 0.312354 0.000000 0.000000 0.325537 0.260938 2.000000 0.312354 0.000000 0.000000 0.330811 0.264062 2.000000 0.312354 0.000000 0.000000 0.323779 0.298438 1.000000 0.317627 0.265625 2.000000 0.329053 0.350000 1.000000 0.335205 0.309375 1.000000
0 0.5921533 0.07025781 0.044683594 0.13857813 0.587451 0.017188 2.000000 0.590967 0.012500 2.000000 0.584814 0.012500 2.000000 0.597119 0.017188 2.000000 0.312354 0.000000 0.000000 0.605029 0.040625 2.000000 0.576025 0.039062 2.000000 0.609424 0.076563 2.000000 0.573389 0.076563 2.000000 0.597119 0.101562 2.000000 0.589209 0.106250 2.000000 0.601514 0.095312 2.000000 0.583936 0.095312 2.000000 0.606787 0.110937 2.000000 0.577783 0.110937 2.000000 0.312354 0.000000 0.000000 0.312354 0.000000 0.000000
0 0.49956053 0.13984375 0.37441406 0.2796875 0.312354 0.000000 0.000000 0.312354 0.000000 0.000000 0.312354 0.000000 0.000000 0.312354 0.000000 0.000000 0.312354 0.000000 0.000000 0.312354 0.000000 0.000000 0.312354 0.000000 0.000000 0.312354 0.000000 0.000000 0.312354 0.000000 0.000000 0.312354 0.000000 0.000000 0.312354 0.000000 0.000000 0.312354 0.000000 0.000000 0.312354 0.000000 0.000000 0.312354 0.000000 0.000000 0.312354 0.000000 0.000000 0.312354 0.000000 0.000000 0.312354 0.000000 0.000000