0 0.6806339 0.44269148 0.1554691 0.72358865 0.662473 0.144420 2.000000 0.669858 0.133479 2.000000 0.655088 0.135667 2.000000 0.678474 0.144420 2.000000 0.645241 0.144420 2.000000 0.694475 0.227571 2.000000 0.629240 0.229759 2.000000 0.708014 0.321663 2.000000 0.613239 0.310722 2.000000 0.732631 0.343545 2.000000 0.629240 0.312910 2.000000 0.689551 0.411379 2.000000 0.647702 0.411379 2.000000 0.701860 0.582057 2.000000 0.657549 0.586433 2.000000 0.695706 0.704595 2.000000 0.655088 0.743982 2.000000
0 0.7946478 0.430558 0.09899754 0.44474837 0.788020 0.247265 2.000000 0.785558 0.238512 2.000000 0.780635 0.238512 2.000000 0.106127 0.000000 0.000000 0.764633 0.247265 2.000000 0.763403 0.299781 2.000000 0.781865 0.288840 2.000000 0.106127 0.000000 0.000000 0.791712 0.350109 2.000000 0.106127 0.000000 0.000000 0.820022 0.402626 2.000000 0.764633 0.428884 2.000000 0.774480 0.420131 2.000000 0.772019 0.516411 2.000000 0.794174 0.496718 2.000000 0.763403 0.623632 2.000000 0.805252 0.599562 2.000000
0 0.29734614 0.5487637 0.27872676 0.9024727 0.106127 0.000000 0.000000 0.106127 0.000000 0.000000 0.106127 0.000000 0.000000 0.256291 0.249453 2.000000 0.347374 0.245077 2.000000 0.218135 0.404814 2.000000 0.392916 0.426696 2.000000 0.200903 0.649891 2.000000 0.395377 0.638950 2.000000 0.184902 0.873085 2.000000 0.401532 0.853392 2.000000 0.262445 0.853392 2.000000 0.362144 0.838074 2.000000 0.106127 0.000000 0.000000 0.106127 0.000000 0.000000 0.106127 0.000000 0.000000 0.106127 0.000000 0.000000
0 0.50037545 0.43304157 0.07598058 0.20328228 0.511078 0.352298 2.000000 0.106127 0.000000 0.000000 0.509847 0.347921 2.000000 0.106127 0.000000 0.000000 0.502462 0.347921 2.000000 0.504923 0.369803 2.000000 0.496307 0.369803 2.000000 0.509847 0.389497 2.000000 0.486461 0.400438 2.000000 0.513539 0.402626 2.000000 0.476614 0.422319 2.000000 0.503693 0.433260 2.000000 0.493846 0.433260 2.000000 0.513539 0.474836 2.000000 0.482768 0.477024 2.000000 0.527079 0.509847 2.000000 0.472921 0.514223 2.000000
0 0.39196187 0.35990155 0.020321392 0.10391685 0.106127 0.000000 0.000000 0.106127 0.000000 0.000000 0.106127 0.000000 0.000000 0.106127 0.000000 0.000000 0.106127 0.000000 0.000000 0.106127 0.000000 0.000000 0.106127 0.000000 0.000000 0.106127 0.000000 0.000000 0.106127 0.000000 0.000000 0.106127 0.000000 0.000000 0.106127 0.000000 0.000000 0.106127 0.000000 0.000000 0.106127 0.000000 0.000000 0.106127 0.000000 0.000000 0.106127 0.000000 0.000000 0.106127 0.000000 0.000000 0.106127 0.000000 0.000000
0 0.41370487 0.3720241 0.025552517 0.13849016 0.106127 0.000000 0.000000 0.106127 0.000000 0.000000 0.106127 0.000000 0.000000 0.106127 0.000000 0.000000 0.106127 0.000000 0.000000 0.106127 0.000000 0.000000 0.106127 0.000000 0.000000 0.106127 0.000000 0.000000 0.106127 0.000000 0.000000 0.106127 0.000000 0.000000 0.106127 0.000000 0.000000 0.106127 0.000000 0.000000 0.106127 0.000000 0.000000 0.106127 0.000000 0.000000 0.106127 0.000000 0.000000 0.106127 0.000000 0.000000 0.106127 0.000000 0.000000
0 0.5218046 0.37282273 0.022980034 0.12135668 0.106127 0.000000 0.000000 0.106127 0.000000 0.000000 0.106127 0.000000 0.000000 0.106127 0.000000 0.000000 0.106127 0.000000 0.000000 0.106127 0.000000 0.000000 0.106127 0.000000 0.000000 0.106127 0.000000 0.000000 0.106127 0.000000 0.000000 0.106127 0.000000 0.000000 0.106127 0.000000 0.000000 0.106127 0.000000 0.000000 0.106127 0.000000 0.000000 0.106127 0.000000 0.000000 0.106127 0.000000 0.000000 0.106127 0.000000 0.000000 0.106127 0.000000 0.000000
0 0.44656867 0.4264661 0.05430525 0.18763676 0.106127 0.000000 0.000000 0.106127 0.000000 0.000000 0.106127 0.000000 0.000000 0.106127 0.000000 0.000000 0.106127 0.000000 0.000000 0.106127 0.000000 0.000000 0.106127 0.000000 0.000000 0.106127 0.000000 0.000000 0.106127 0.000000 0.000000 0.106127 0.000000 0.000000 0.106127 0.000000 0.000000 0.106127 0.000000 0.000000 0.106127 0.000000 0.000000 0.106127 0.000000 0.000000 0.106127 0.000000 0.000000 0.106127 0.000000 0.000000 0.106127 0.000000 0.000000
0 0.37587458 0.34594092 0.018696664 0.08413567 0.106127 0.000000 0.000000 0.106127 0.000000 0.000000 0.106127 0.000000 0.000000 0.106127 0.000000 0.000000 0.106127 0.000000 0.000000 0.106127 0.000000 0.000000 0.106127 0.000000 0.000000 0.106127 0.000000 0.000000 0.106127 0.000000 0.000000 0.106127 0.000000 0.000000 0.106127 0.000000 0.000000 0.106127 0.000000 0.000000 0.106127 0.000000 0.000000 0.106127 0.000000 0.000000 0.106127 0.000000 0.000000 0.106127 0.000000 0.000000 0.106127 0.000000 0.000000
0 0.35394695 0.3361488 0.020776805 0.050065644 0.106127 0.000000 0.000000 0.106127 0.000000 0.000000 0.106127 0.000000 0.000000 0.106127 0.000000 0.000000 0.106127 0.000000 0.000000 0.106127 0.000000 0.000000 0.106127 0.000000 0.000000 0.106127 0.000000 0.000000 0.106127 0.000000 0.000000 0.106127 0.000000 0.000000 0.106127 0.000000 0.000000 0.106127 0.000000 0.000000 0.106127 0.000000 0.000000 0.106127 0.000000 0.000000 0.106127 0.000000 0.000000 0.106127 0.000000 0.000000 0.106127 0.000000 0.000000
0 0.16870351 0.6531072 0.050932717 0.53334796 0.106127 0.000000 0.000000 0.106127 0.000000 0.000000 0.106127 0.000000 0.000000 0.106127 0.000000 0.000000 0.176286 0.448578 2.000000 0.106127 0.000000 0.000000 0.165208 0.505470 2.000000 0.106127 0.000000 0.000000 0.151668 0.610503 2.000000 0.106127 0.000000 0.000000 0.154130 0.671772 2.000000 0.106127 0.000000 0.000000 0.173824 0.652079 1.000000 0.106127 0.000000 0.000000 0.171362 0.772429 1.000000 0.106127 0.000000 0.000000 0.171362 0.873085 2.000000
0 0.54846483 0.35143328 0.01579185 0.07017506 0.106127 0.000000 0.000000 0.106127 0.000000 0.000000 0.106127 0.000000 0.000000 0.106127 0.000000 0.000000 0.106127 0.000000 0.000000 0.106127 0.000000 0.000000 0.106127 0.000000 0.000000 0.106127 0.000000 0.000000 0.106127 0.000000 0.000000 0.106127 0.000000 0.000000 0.106127 0.000000 0.000000 0.106127 0.000000 0.000000 0.106127 0.000000 0.000000 0.106127 0.000000 0.000000 0.106127 0.000000 0.000000 0.106127 0.000000 0.000000 0.106127 0.000000 0.000000
0 0.21374042 0.3315099 0.012628556 0.05483589 0.106127 0.000000 0.000000 0.106127 0.000000 0.000000 0.106127 0.000000 0.000000 0.106127 0.000000 0.000000 0.106127 0.000000 0.000000 0.106127 0.000000 0.000000 0.106127 0.000000 0.000000 0.106127 0.000000 0.000000 0.106127 0.000000 0.000000 0.106127 0.000000 0.000000 0.106127 0.000000 0.000000 0.106127 0.000000 0.000000 0.106127 0.000000 0.000000 0.106127 0.000000 0.000000 0.106127 0.000000 0.000000 0.106127 0.000000 0.000000 0.106127 0.000000 0.000000
0 0.49384576 0.3894967 0.77543765 0.22757111 0.106127 0.000000 0.000000 0.106127 0.000000 0.000000 0.106127 0.000000 0.000000 0.106127 0.000000 0.000000 0.106127 0.000000 0.000000 0.106127 0.000000 0.000000 0.106127 0.000000 0.000000 0.106127 0.000000 0.000000 0.106127 0.000000 0.000000 0.106127 0.000000 0.000000 0.106127 0.000000 0.000000 0.106127 0.000000 0.000000 0.106127 0.000000 0.000000 0.106127 0.000000 0.000000 0.106127 0.000000 0.000000 0.106127 0.000000 0.000000 0.106127 0.000000 0.000000