0 0.16548096 0.7524349 0.035317384 0.18757811 0.031250 0.000000 0.000000 0.031250 0.000000 0.000000 0.031250 0.000000 0.000000 0.031250 0.000000 0.000000 0.031250 0.000000 0.000000 0.173340 0.695312 2.000000 0.158691 0.695312 2.000000 0.179199 0.726562 2.000000 0.152832 0.721354 2.000000 0.171875 0.752604 2.000000 0.152832 0.742188 2.000000 0.171875 0.750000 2.000000 0.163086 0.750000 2.000000 0.174805 0.789062 2.000000 0.161621 0.789062 2.000000 0.176270 0.828125 2.000000 0.160156 0.830729 2.000000
0 0.2273047 0.65376306 0.0225 0.15231772 0.031250 0.000000 0.000000 0.031250 0.000000 0.000000 0.031250 0.000000 0.000000 0.031250 0.000000 0.000000 0.031250 0.000000 0.000000 0.031250 0.000000 0.000000 0.031250 0.000000 0.000000 0.031250 0.000000 0.000000 0.031250 0.000000 0.000000 0.031250 0.000000 0.000000 0.031250 0.000000 0.000000 0.031250 0.000000 0.000000 0.031250 0.000000 0.000000 0.031250 0.000000 0.000000 0.031250 0.000000 0.000000 0.031250 0.000000 0.000000 0.031250 0.000000 0.000000
0 0.9330518 0.81537765 0.033251956 0.22627604 0.924805 0.723958 1.000000 0.926270 0.721354 2.000000 0.031250 0.000000 0.000000 0.933594 0.723958 2.000000 0.031250 0.000000 0.000000 0.933594 0.750000 2.000000 0.031250 0.000000 0.000000 0.932129 0.783854 2.000000 0.031250 0.000000 0.000000 0.926270 0.812500 2.000000 0.031250 0.000000 0.000000 0.933594 0.817708 2.000000 0.929199 0.817708 2.000000 0.936523 0.864583 2.000000 0.920410 0.851562 2.000000 0.943848 0.914062 2.000000 0.930664 0.906250 2.000000
0 0.6731226 0.5257552 0.024360351 0.082447916 0.031250 0.000000 0.000000 0.031250 0.000000 0.000000 0.031250 0.000000 0.000000 0.031250 0.000000 0.000000 0.031250 0.000000 0.000000 0.031250 0.000000 0.000000 0.031250 0.000000 0.000000 0.031250 0.000000 0.000000 0.031250 0.000000 0.000000 0.031250 0.000000 0.000000 0.031250 0.000000 0.000000 0.031250 0.000000 0.000000 0.031250 0.000000 0.000000 0.031250 0.000000 0.000000 0.031250 0.000000 0.000000 0.031250 0.000000 0.000000 0.031250 0.000000 0.000000
0 0.8118506 0.36098957 0.019042969 0.057395834 0.031250 0.000000 0.000000 0.031250 0.000000 0.000000 0.031250 0.000000 0.000000 0.031250 0.000000 0.000000 0.031250 0.000000 0.000000 0.031250 0.000000 0.000000 0.031250 0.000000 0.000000 0.031250 0.000000 0.000000 0.031250 0.000000 0.000000 0.031250 0.000000 0.000000 0.031250 0.000000 0.000000 0.031250 0.000000 0.000000 0.031250 0.000000 0.000000 0.031250 0.000000 0.000000 0.031250 0.000000 0.000000 0.031250 0.000000 0.000000 0.031250 0.000000 0.000000
0 0.07733398 0.69125 0.03392578 0.13395834 0.031250 0.000000 0.000000 0.031250 0.000000 0.000000 0.031250 0.000000 0.000000 0.031250 0.000000 0.000000 0.031250 0.000000 0.000000 0.031250 0.000000 0.000000 0.031250 0.000000 0.000000 0.031250 0.000000 0.000000 0.031250 0.000000 0.000000 0.031250 0.000000 0.000000 0.031250 0.000000 0.000000 0.031250 0.000000 0.000000 0.031250 0.000000 0.000000 0.031250 0.000000 0.000000 0.031250 0.000000 0.000000 0.031250 0.000000 0.000000 0.031250 0.000000 0.000000
0 0.3405884 0.6390625 0.02239746 0.12078126 0.031250 0.000000 0.000000 0.031250 0.000000 0.000000 0.031250 0.000000 0.000000 0.031250 0.000000 0.000000 0.031250 0.000000 0.000000 0.031250 0.000000 0.000000 0.031250 0.000000 0.000000 0.031250 0.000000 0.000000 0.031250 0.000000 0.000000 0.031250 0.000000 0.000000 0.031250 0.000000 0.000000 0.031250 0.000000 0.000000 0.031250 0.000000 0.000000 0.031250 0.000000 0.000000 0.031250 0.000000 0.000000 0.031250 0.000000 0.000000 0.031250 0.000000 0.000000
0 0.5950098 0.3505729 0.017695311 0.076406255 0.031250 0.000000 0.000000 0.031250 0.000000 0.000000 0.031250 0.000000 0.000000 0.031250 0.000000 0.000000 0.031250 0.000000 0.000000 0.031250 0.000000 0.000000 0.031250 0.000000 0.000000 0.031250 0.000000 0.000000 0.031250 0.000000 0.000000 0.031250 0.000000 0.000000 0.031250 0.000000 0.000000 0.031250 0.000000 0.000000 0.031250 0.000000 0.000000 0.031250 0.000000 0.000000 0.031250 0.000000 0.000000 0.031250 0.000000 0.000000 0.031250 0.000000 0.000000
0 0.08620361 0.72768235 0.015454101 0.11302084 0.031250 0.000000 0.000000 0.031250 0.000000 0.000000 0.031250 0.000000 0.000000 0.031250 0.000000 0.000000 0.031250 0.000000 0.000000 0.031250 0.000000 0.000000 0.031250 0.000000 0.000000 0.031250 0.000000 0.000000 0.031250 0.000000 0.000000 0.031250 0.000000 0.000000 0.031250 0.000000 0.000000 0.031250 0.000000 0.000000 0.031250 0.000000 0.000000 0.031250 0.000000 0.000000 0.031250 0.000000 0.000000 0.031250 0.000000 0.000000 0.031250 0.000000 0.000000
0 0.06921143 0.76167965 0.021987306 0.15117188 0.031250 0.000000 0.000000 0.031250 0.000000 0.000000 0.031250 0.000000 0.000000 0.031250 0.000000 0.000000 0.031250 0.000000 0.000000 0.031250 0.000000 0.000000 0.031250 0.000000 0.000000 0.031250 0.000000 0.000000 0.031250 0.000000 0.000000 0.031250 0.000000 0.000000 0.031250 0.000000 0.000000 0.031250 0.000000 0.000000 0.031250 0.000000 0.000000 0.031250 0.000000 0.000000 0.031250 0.000000 0.000000 0.031250 0.000000 0.000000 0.031250 0.000000 0.000000
0 0.57601076 0.3575651 0.009199219 0.04940104 0.031250 0.000000 0.000000 0.031250 0.000000 0.000000 0.031250 0.000000 0.000000 0.031250 0.000000 0.000000 0.031250 0.000000 0.000000 0.031250 0.000000 0.000000 0.031250 0.000000 0.000000 0.031250 0.000000 0.000000 0.031250 0.000000 0.000000 0.031250 0.000000 0.000000 0.031250 0.000000 0.000000 0.031250 0.000000 0.000000 0.031250 0.000000 0.000000 0.031250 0.000000 0.000000 0.031250 0.000000 0.000000 0.031250 0.000000 0.000000 0.031250 0.000000 0.000000
0 0.83545655 0.566849 0.010297852 0.03828125 0.031250 0.000000 0.000000 0.031250 0.000000 0.000000 0.031250 0.000000 0.000000 0.031250 0.000000 0.000000 0.031250 0.000000 0.000000 0.031250 0.000000 0.000000 0.031250 0.000000 0.000000 0.031250 0.000000 0.000000 0.031250 0.000000 0.000000 0.031250 0.000000 0.000000 0.031250 0.000000 0.000000 0.031250 0.000000 0.000000 0.031250 0.000000 0.000000 0.031250 0.000000 0.000000 0.031250 0.000000 0.000000 0.031250 0.000000 0.000000 0.031250 0.000000 0.000000
0 0.538313 0.5672656 0.0061669922 0.0096875 0.031250 0.000000 0.000000 0.031250 0.000000 0.000000 0.031250 0.000000 0.000000 0.031250 0.000000 0.000000 0.031250 0.000000 0.000000 0.031250 0.000000 0.000000 0.031250 0.000000 0.000000 0.031250 0.000000 0.000000 0.031250 0.000000 0.000000 0.031250 0.000000 0.000000 0.031250 0.000000 0.000000 0.031250 0.000000 0.000000 0.031250 0.000000 0.000000 0.031250 0.000000 0.000000 0.031250 0.000000 0.000000 0.031250 0.000000 0.000000 0.031250 0.000000 0.000000
0 0.27661133 0.62369794 0.013183594 0.111979164 0.031250 0.000000 0.000000 0.031250 0.000000 0.000000 0.031250 0.000000 0.000000 0.031250 0.000000 0.000000 0.031250 0.000000 0.000000 0.031250 0.000000 0.000000 0.031250 0.000000 0.000000 0.031250 0.000000 0.000000 0.031250 0.000000 0.000000 0.031250 0.000000 0.000000 0.031250 0.000000 0.000000 0.031250 0.000000 0.000000 0.031250 0.000000 0.000000 0.031250 0.000000 0.000000 0.031250 0.000000 0.000000 0.031250 0.000000 0.000000 0.031250 0.000000 0.000000