0 0.5028848 0.35071263 0.06136244 0.13469627 0.522342 0.327103 2.000000 0.079439 0.000000 0.000000 0.521028 0.320093 2.000000 0.079439 0.000000 0.000000 0.514457 0.317757 2.000000 0.513143 0.334112 2.000000 0.498686 0.315421 2.000000 0.518400 0.362150 2.000000 0.496057 0.350467 2.000000 0.524971 0.383178 2.000000 0.493429 0.385514 2.000000 0.481600 0.369159 2.000000 0.480286 0.348131 2.000000 0.506571 0.371495 2.000000 0.509200 0.357477 2.000000 0.509200 0.390187 2.000000 0.500000 0.397196 2.000000
0 0.7770378 0.45918223 0.009764895 0.020093458 0.079439 0.000000 0.000000 0.079439 0.000000 0.000000 0.079439 0.000000 0.000000 0.079439 0.000000 0.000000 0.079439 0.000000 0.000000 0.079439 0.000000 0.000000 0.079439 0.000000 0.000000 0.079439 0.000000 0.000000 0.079439 0.000000 0.000000 0.079439 0.000000 0.000000 0.079439 0.000000 0.000000 0.079439 0.000000 0.000000 0.079439 0.000000 0.000000 0.079439 0.000000 0.000000 0.079439 0.000000 0.000000 0.079439 0.000000 0.000000 0.079439 0.000000 0.000000
0 0.5404658 0.54663557 0.004284463 0.010654205 0.079439 0.000000 0.000000 0.079439 0.000000 0.000000 0.079439 0.000000 0.000000 0.079439 0.000000 0.000000 0.079439 0.000000 0.000000 0.079439 0.000000 0.000000 0.079439 0.000000 0.000000 0.079439 0.000000 0.000000 0.079439 0.000000 0.000000 0.079439 0.000000 0.000000 0.079439 0.000000 0.000000 0.079439 0.000000 0.000000 0.079439 0.000000 0.000000 0.079439 0.000000 0.000000 0.079439 0.000000 0.000000 0.079439 0.000000 0.000000 0.079439 0.000000 0.000000
0 0.5360171 0.5575584 0.008187792 0.03212617 0.079439 0.000000 0.000000 0.079439 0.000000 0.000000 0.079439 0.000000 0.000000 0.079439 0.000000 0.000000 0.079439 0.000000 0.000000 0.079439 0.000000 0.000000 0.079439 0.000000 0.000000 0.079439 0.000000 0.000000 0.079439 0.000000 0.000000 0.079439 0.000000 0.000000 0.079439 0.000000 0.000000 0.079439 0.000000 0.000000 0.079439 0.000000 0.000000 0.079439 0.000000 0.000000 0.079439 0.000000 0.000000 0.079439 0.000000 0.000000 0.079439 0.000000 0.000000
0 0.4986069 0.5614837 0.0055198595 0.016004674 0.079439 0.000000 0.000000 0.079439 0.000000 0.000000 0.079439 0.000000 0.000000 0.079439 0.000000 0.000000 0.079439 0.000000 0.000000 0.079439 0.000000 0.000000 0.079439 0.000000 0.000000 0.079439 0.000000 0.000000 0.079439 0.000000 0.000000 0.079439 0.000000 0.000000 0.079439 0.000000 0.000000 0.079439 0.000000 0.000000 0.079439 0.000000 0.000000 0.079439 0.000000 0.000000 0.079439 0.000000 0.000000 0.079439 0.000000 0.000000 0.079439 0.000000 0.000000
0 0.20762485 0.7321613 0.007399241 0.028714953 0.079439 0.000000 0.000000 0.079439 0.000000 0.000000 0.079439 0.000000 0.000000 0.079439 0.000000 0.000000 0.079439 0.000000 0.000000 0.079439 0.000000 0.000000 0.079439 0.000000 0.000000 0.079439 0.000000 0.000000 0.079439 0.000000 0.000000 0.079439 0.000000 0.000000 0.079439 0.000000 0.000000 0.079439 0.000000 0.000000 0.079439 0.000000 0.000000 0.079439 0.000000 0.000000 0.079439 0.000000 0.000000 0.079439 0.000000 0.000000 0.079439 0.000000 0.000000
0 0.40633327 0.6000233 0.0072021033 0.022757009 0.079439 0.000000 0.000000 0.079439 0.000000 0.000000 0.079439 0.000000 0.000000 0.079439 0.000000 0.000000 0.079439 0.000000 0.000000 0.079439 0.000000 0.000000 0.079439 0.000000 0.000000 0.079439 0.000000 0.000000 0.079439 0.000000 0.000000 0.079439 0.000000 0.000000 0.079439 0.000000 0.000000 0.079439 0.000000 0.000000 0.079439 0.000000 0.000000 0.079439 0.000000 0.000000 0.079439 0.000000 0.000000 0.079439 0.000000 0.000000 0.079439 0.000000 0.000000
0 0.42004088 0.62802577 0.0048101638 0.020443926 0.079439 0.000000 0.000000 0.079439 0.000000 0.000000 0.079439 0.000000 0.000000 0.079439 0.000000 0.000000 0.079439 0.000000 0.000000 0.079439 0.000000 0.000000 0.079439 0.000000 0.000000 0.079439 0.000000 0.000000 0.079439 0.000000 0.000000 0.079439 0.000000 0.000000 0.079439 0.000000 0.000000 0.079439 0.000000 0.000000 0.079439 0.000000 0.000000 0.079439 0.000000 0.000000 0.079439 0.000000 0.000000 0.079439 0.000000 0.000000 0.079439 0.000000 0.000000
0 0.21432754 0.7965771 0.010868867 0.0257243 0.079439 0.000000 0.000000 0.079439 0.000000 0.000000 0.079439 0.000000 0.000000 0.079439 0.000000 0.000000 0.079439 0.000000 0.000000 0.079439 0.000000 0.000000 0.079439 0.000000 0.000000 0.079439 0.000000 0.000000 0.079439 0.000000 0.000000 0.079439 0.000000 0.000000 0.079439 0.000000 0.000000 0.079439 0.000000 0.000000 0.079439 0.000000 0.000000 0.079439 0.000000 0.000000 0.079439 0.000000 0.000000 0.079439 0.000000 0.000000 0.079439 0.000000 0.000000
0 0.2038201 0.78991824 0.012091121 0.030864486 0.079439 0.000000 0.000000 0.079439 0.000000 0.000000 0.079439 0.000000 0.000000 0.079439 0.000000 0.000000 0.079439 0.000000 0.000000 0.079439 0.000000 0.000000 0.079439 0.000000 0.000000 0.079439 0.000000 0.000000 0.079439 0.000000 0.000000 0.079439 0.000000 0.000000 0.079439 0.000000 0.000000 0.079439 0.000000 0.000000 0.079439 0.000000 0.000000 0.079439 0.000000 0.000000 0.079439 0.000000 0.000000 0.079439 0.000000 0.000000 0.079439 0.000000 0.000000
0 0.52673846 0.562021 0.010527162 0.030303739 0.079439 0.000000 0.000000 0.079439 0.000000 0.000000 0.079439 0.000000 0.000000 0.079439 0.000000 0.000000 0.079439 0.000000 0.000000 0.079439 0.000000 0.000000 0.079439 0.000000 0.000000 0.079439 0.000000 0.000000 0.079439 0.000000 0.000000 0.079439 0.000000 0.000000 0.079439 0.000000 0.000000 0.079439 0.000000 0.000000 0.079439 0.000000 0.000000 0.079439 0.000000 0.000000 0.079439 0.000000 0.000000 0.079439 0.000000 0.000000 0.079439 0.000000 0.000000