0 0.6709697 0.5374941 0.2846092 0.81672126 0.571136 0.203747 2.000000 0.581674 0.192037 2.000000 0.078454 0.000000 0.000000 0.078454 0.000000 0.000000 0.078454 0.000000 0.000000 0.643589 0.285714 2.000000 0.567184 0.295082 2.000000 0.646224 0.391101 2.000000 0.560597 0.351288 2.000000 0.618560 0.372365 2.000000 0.597482 0.323185 2.000000 0.638320 0.517564 2.000000 0.608021 0.533958 2.000000 0.554011 0.665105 2.000000 0.659397 0.768150 2.000000 0.600117 0.868852 2.000000 0.784543 0.845433 2.000000
0 0.79089284 0.5881264 0.13660714 0.27559718 0.800351 0.501171 2.000000 0.808255 0.489461 2.000000 0.796399 0.489461 2.000000 0.820111 0.498829 2.000000 0.078454 0.000000 0.000000 0.834602 0.566745 2.000000 0.777957 0.569087 2.000000 0.842506 0.646370 2.000000 0.764783 0.639344 2.000000 0.814842 0.653396 2.000000 0.751610 0.632318 2.000000 0.824063 0.697892 2.000000 0.779274 0.690866 2.000000 0.796399 0.674473 2.000000 0.742389 0.667447 2.000000 0.797717 0.763466 1.000000 0.729215 0.754098 1.000000
0 0.8634251 0.6086066 0.04802986 0.2471897 0.853045 0.533958 2.000000 0.860949 0.522248 2.000000 0.851727 0.522248 2.000000 0.872804 0.529274 2.000000 0.078454 0.000000 0.000000 0.887295 0.576112 2.000000 0.842506 0.571429 1.000000 0.884660 0.655738 2.000000 0.078454 0.000000 0.000000 0.854362 0.686183 2.000000 0.078454 0.000000 0.000000 0.879391 0.697892 2.000000 0.849092 0.693208 2.000000 0.078454 0.000000 0.000000 0.078454 0.000000 0.000000 0.078454 0.000000 0.000000 0.078454 0.000000 0.000000
0 0.27227312 0.5008899 0.100512296 0.40229505 0.261563 0.346604 2.000000 0.266833 0.341920 2.000000 0.257611 0.341920 2.000000 0.281323 0.344262 2.000000 0.078454 0.000000 0.000000 0.286593 0.381733 2.000000 0.241803 0.386417 2.000000 0.282641 0.470726 2.000000 0.233899 0.470726 2.000000 0.257611 0.543326 2.000000 0.240486 0.540984 2.000000 0.299766 0.508197 2.000000 0.269467 0.501171 2.000000 0.278689 0.580796 2.000000 0.277371 0.629977 2.000000 0.293179 0.672131 2.000000 0.278689 0.702576 1.000000
0 0.19044717 0.49368852 0.09061914 0.42906326 0.185158 0.334895 2.000000 0.191745 0.323185 2.000000 0.182523 0.323185 2.000000 0.202283 0.325527 2.000000 0.078454 0.000000 0.000000 0.210187 0.355972 2.000000 0.165398 0.365340 2.000000 0.191745 0.447307 2.000000 0.160129 0.449649 2.000000 0.178571 0.402810 2.000000 0.185158 0.412178 2.000000 0.224678 0.484777 2.000000 0.191745 0.487119 2.000000 0.191745 0.597190 2.000000 0.200966 0.597190 2.000000 0.219409 0.700234 2.000000 0.206235 0.697892 2.000000
0 0.13006733 0.49937937 0.10322599 0.4054567 0.112705 0.344262 2.000000 0.117974 0.334895 2.000000 0.108753 0.334895 2.000000 0.129830 0.339578 2.000000 0.078454 0.000000 0.000000 0.143004 0.377049 2.000000 0.095580 0.379391 2.000000 0.139052 0.468384 2.000000 0.086358 0.473068 2.000000 0.127196 0.543326 2.000000 0.091628 0.540984 2.000000 0.164081 0.494145 2.000000 0.132465 0.501171 2.000000 0.158811 0.608899 2.000000 0.117974 0.634660 2.000000 0.164081 0.681499 2.000000 0.164081 0.686183 2.000000
0 0.42862704 0.14724825 0.074323766 0.10274004 0.430182 0.138173 2.000000 0.434133 0.128806 2.000000 0.426230 0.128806 2.000000 0.442037 0.128806 2.000000 0.078454 0.000000 0.000000 0.451259 0.159251 2.000000 0.417008 0.161592 2.000000 0.459163 0.194379 2.000000 0.078454 0.000000 0.000000 0.427547 0.199063 1.000000 0.078454 0.000000 0.000000 0.443355 0.236534 1.000000 0.423595 0.236534 1.000000 0.078454 0.000000 0.000000 0.078454 0.000000 0.000000 0.078454 0.000000 0.000000 0.078454 0.000000 0.000000
0 0.5471604 0.101405144 0.09134367 0.198548 0.548741 0.037471 2.000000 0.554011 0.030445 2.000000 0.546107 0.028103 2.000000 0.567184 0.032787 2.000000 0.078454 0.000000 0.000000 0.571136 0.067916 2.000000 0.522395 0.072600 2.000000 0.556645 0.112412 2.000000 0.500000 0.105386 1.000000 0.528981 0.100703 2.000000 0.513173 0.110070 2.000000 0.552693 0.177986 2.000000 0.509221 0.170960 1.000000 0.078454 0.000000 0.000000 0.078454 0.000000 0.000000 0.078454 0.000000 0.000000 0.078454 0.000000 0.000000
0 0.66732067 0.13497658 0.068224534 0.13861826 0.668618 0.098361 2.000000 0.673888 0.093677 2.000000 0.663349 0.093677 2.000000 0.685744 0.098361 2.000000 0.078454 0.000000 0.000000 0.687061 0.138173 2.000000 0.654128 0.140515 2.000000 0.675205 0.187354 2.000000 0.078454 0.000000 0.000000 0.637002 0.192037 2.000000 0.078454 0.000000 0.000000 0.078454 0.000000 0.000000 0.078454 0.000000 0.000000 0.078454 0.000000 0.000000 0.078454 0.000000 0.000000 0.078454 0.000000 0.000000 0.078454 0.000000 0.000000
0 0.7646187 0.56044495 0.050387878 0.15540983 0.078454 0.000000 0.000000 0.078454 0.000000 0.000000 0.078454 0.000000 0.000000 0.078454 0.000000 0.000000 0.078454 0.000000 0.000000 0.078454 0.000000 0.000000 0.078454 0.000000 0.000000 0.078454 0.000000 0.000000 0.078454 0.000000 0.000000 0.078454 0.000000 0.000000 0.078454 0.000000 0.000000 0.078454 0.000000 0.000000 0.078454 0.000000 0.000000 0.078454 0.000000 0.000000 0.078454 0.000000 0.000000 0.078454 0.000000 0.000000 0.078454 0.000000 0.000000
0 0.7072885 0.5946253 0.06885685 0.2511241 0.691013 0.508197 2.000000 0.696282 0.496487 2.000000 0.685744 0.498829 2.000000 0.708138 0.505855 2.000000 0.683109 0.508197 2.000000 0.722629 0.559719 2.000000 0.677840 0.557377 2.000000 0.726581 0.644028 2.000000 0.668618 0.615925 1.000000 0.701551 0.669789 2.000000 0.677840 0.667447 1.000000 0.712090 0.665105 2.000000 0.681792 0.665105 1.000000 0.712090 0.683841 2.000000 0.655445 0.681499 1.000000 0.078454 0.000000 0.000000 0.078454 0.000000 0.000000
0 0.4840998 0.07774005 0.07269028 0.15182671 0.493413 0.037471 2.000000 0.498683 0.030445 2.000000 0.489461 0.030445 2.000000 0.509221 0.030445 1.000000 0.484192 0.032787 2.000000 0.513173 0.070258 2.000000 0.473653 0.072600 2.000000 0.078454 0.000000 0.000000 0.453893 0.117096 2.000000 0.078454 0.000000 0.000000 0.078454 0.000000 0.000000 0.489461 0.149883 2.000000 0.471019 0.147541 2.000000 0.078454 0.000000 0.000000 0.078454 0.000000 0.000000 0.078454 0.000000 0.000000 0.078454 0.000000 0.000000
0 0.5021538 0.47272837 0.10811329 0.46751758 0.503952 0.276347 2.000000 0.510539 0.266979 2.000000 0.498683 0.266979 2.000000 0.521077 0.278689 2.000000 0.078454 0.000000 0.000000 0.543472 0.330211 1.000000 0.489461 0.337237 2.000000 0.531616 0.386417 2.000000 0.464432 0.395785 2.000000 0.507904 0.395785 2.000000 0.467067 0.320843 2.000000 0.534251 0.501171 2.000000 0.502635 0.501171 2.000000 0.534251 0.611241 2.000000 0.509221 0.615925 2.000000 0.540837 0.730679 1.000000 0.517125 0.737705 1.000000
0 0.5 0.39227164 0.84045666 0.7845433 0.078454 0.000000 0.000000 0.078454 0.000000 0.000000 0.078454 0.000000 0.000000 0.078454 0.000000 0.000000 0.078454 0.000000 0.000000 0.078454 0.000000 0.000000 0.078454 0.000000 0.000000 0.078454 0.000000 0.000000 0.078454 0.000000 0.000000 0.078454 0.000000 0.000000 0.078454 0.000000 0.000000 0.078454 0.000000 0.000000 0.078454 0.000000 0.000000 0.078454 0.000000 0.000000 0.078454 0.000000 0.000000 0.078454 0.000000 0.000000 0.078454 0.000000 0.000000