0 0.7589442 0.6786526 0.09101476 0.43596882 0.751810 0.503341 2.000000 0.758074 0.496659 2.000000 0.748051 0.494432 2.000000 0.768096 0.496659 2.000000 0.099109 0.000000 0.000000 0.783129 0.547884 2.000000 0.734271 0.538976 2.000000 0.800668 0.608018 2.000000 0.722996 0.605791 2.000000 0.774360 0.639198 2.000000 0.722996 0.665924 2.000000 0.775612 0.679287 2.000000 0.739282 0.674833 2.000000 0.770601 0.766147 2.000000 0.741787 0.759465 2.000000 0.769349 0.846325 2.000000 0.748051 0.859688 2.000000
0 0.86182904 0.5957015 0.037758905 0.17897551 0.099109 0.000000 0.000000 0.099109 0.000000 0.000000 0.099109 0.000000 0.000000 0.853285 0.523385 2.000000 0.863307 0.523385 1.000000 0.843263 0.541203 1.000000 0.865813 0.538976 2.000000 0.099109 0.000000 0.000000 0.877088 0.565702 2.000000 0.099109 0.000000 0.000000 0.869571 0.574610 2.000000 0.852032 0.603563 2.000000 0.863307 0.599109 2.000000 0.850780 0.634744 2.000000 0.864560 0.630290 2.000000 0.850780 0.672606 2.000000 0.863307 0.672606 2.000000
0 0.8258867 0.60344094 0.04585189 0.18046771 0.099109 0.000000 0.000000 0.099109 0.000000 0.000000 0.099109 0.000000 0.000000 0.820713 0.527840 2.000000 0.099109 0.000000 0.000000 0.823218 0.545657 2.000000 0.836999 0.545657 2.000000 0.819460 0.572383 2.000000 0.099109 0.000000 0.000000 0.810690 0.599109 2.000000 0.099109 0.000000 0.000000 0.825724 0.603563 2.000000 0.839504 0.603563 2.000000 0.831988 0.639198 2.000000 0.821965 0.634744 2.000000 0.840757 0.681515 2.000000 0.814449 0.674833 2.000000
0 0.41036958 0.52457684 0.027323218 0.047728285 0.099109 0.000000 0.000000 0.099109 0.000000 0.000000 0.099109 0.000000 0.000000 0.099109 0.000000 0.000000 0.099109 0.000000 0.000000 0.099109 0.000000 0.000000 0.099109 0.000000 0.000000 0.099109 0.000000 0.000000 0.099109 0.000000 0.000000 0.099109 0.000000 0.000000 0.099109 0.000000 0.000000 0.099109 0.000000 0.000000 0.099109 0.000000 0.000000 0.099109 0.000000 0.000000 0.099109 0.000000 0.000000 0.099109 0.000000 0.000000 0.099109 0.000000 0.000000
0 0.17737055 0.5845212 0.01618597 0.085968815 0.099109 0.000000 0.000000 0.099109 0.000000 0.000000 0.099109 0.000000 0.000000 0.099109 0.000000 0.000000 0.099109 0.000000 0.000000 0.099109 0.000000 0.000000 0.099109 0.000000 0.000000 0.099109 0.000000 0.000000 0.099109 0.000000 0.000000 0.099109 0.000000 0.000000 0.099109 0.000000 0.000000 0.099109 0.000000 0.000000 0.099109 0.000000 0.000000 0.099109 0.000000 0.000000 0.099109 0.000000 0.000000 0.099109 0.000000 0.000000 0.099109 0.000000 0.000000
0 0.15738866 0.5869154 0.014983296 0.07757238 0.099109 0.000000 0.000000 0.099109 0.000000 0.000000 0.099109 0.000000 0.000000 0.099109 0.000000 0.000000 0.099109 0.000000 0.000000 0.099109 0.000000 0.000000 0.099109 0.000000 0.000000 0.099109 0.000000 0.000000 0.099109 0.000000 0.000000 0.099109 0.000000 0.000000 0.099109 0.000000 0.000000 0.099109 0.000000 0.000000 0.099109 0.000000 0.000000 0.099109 0.000000 0.000000 0.099109 0.000000 0.000000 0.099109 0.000000 0.000000 0.099109 0.000000 0.000000
0 0.88866997 0.57515585 0.014494711 0.10946548 0.099109 0.000000 0.000000 0.099109 0.000000 0.000000 0.099109 0.000000 0.000000 0.099109 0.000000 0.000000 0.099109 0.000000 0.000000 0.099109 0.000000 0.000000 0.099109 0.000000 0.000000 0.099109 0.000000 0.000000 0.099109 0.000000 0.000000 0.099109 0.000000 0.000000 0.099109 0.000000 0.000000 0.099109 0.000000 0.000000 0.099109 0.000000 0.000000 0.099109 0.000000 0.000000 0.099109 0.000000 0.000000 0.099109 0.000000 0.000000 0.099109 0.000000 0.000000
0 0.14462277 0.5814588 0.011701003 0.07387527 0.099109 0.000000 0.000000 0.099109 0.000000 0.000000 0.099109 0.000000 0.000000 0.099109 0.000000 0.000000 0.099109 0.000000 0.000000 0.099109 0.000000 0.000000 0.099109 0.000000 0.000000 0.099109 0.000000 0.000000 0.099109 0.000000 0.000000 0.099109 0.000000 0.000000 0.099109 0.000000 0.000000 0.099109 0.000000 0.000000 0.099109 0.000000 0.000000 0.099109 0.000000 0.000000 0.099109 0.000000 0.000000 0.099109 0.000000 0.000000 0.099109 0.000000 0.000000
0 0.19058116 0.5697439 0.011964086 0.055879734 0.099109 0.000000 0.000000 0.099109 0.000000 0.000000 0.099109 0.000000 0.000000 0.099109 0.000000 0.000000 0.099109 0.000000 0.000000 0.099109 0.000000 0.000000 0.099109 0.000000 0.000000 0.099109 0.000000 0.000000 0.099109 0.000000 0.000000 0.099109 0.000000 0.000000 0.099109 0.000000 0.000000 0.099109 0.000000 0.000000 0.099109 0.000000 0.000000 0.099109 0.000000 0.000000 0.099109 0.000000 0.000000 0.099109 0.000000 0.000000 0.099109 0.000000 0.000000
0 0.80925596 0.5869265 0.014569878 0.14587973 0.099109 0.000000 0.000000 0.099109 0.000000 0.000000 0.099109 0.000000 0.000000 0.099109 0.000000 0.000000 0.099109 0.000000 0.000000 0.099109 0.000000 0.000000 0.099109 0.000000 0.000000 0.099109 0.000000 0.000000 0.099109 0.000000 0.000000 0.099109 0.000000 0.000000 0.099109 0.000000 0.000000 0.099109 0.000000 0.000000 0.099109 0.000000 0.000000 0.099109 0.000000 0.000000 0.099109 0.000000 0.000000 0.099109 0.000000 0.000000 0.099109 0.000000 0.000000
0 0.16340202 0.5564922 0.011951559 0.028975502 0.099109 0.000000 0.000000 0.099109 0.000000 0.000000 0.099109 0.000000 0.000000 0.099109 0.000000 0.000000 0.099109 0.000000 0.000000 0.099109 0.000000 0.000000 0.099109 0.000000 0.000000 0.099109 0.000000 0.000000 0.099109 0.000000 0.000000 0.099109 0.000000 0.000000 0.099109 0.000000 0.000000 0.099109 0.000000 0.000000 0.099109 0.000000 0.000000 0.099109 0.000000 0.000000 0.099109 0.000000 0.000000 0.099109 0.000000 0.000000 0.099109 0.000000 0.000000
0 0.13569042 0.5609689 0.010523384 0.04452116 0.099109 0.000000 0.000000 0.099109 0.000000 0.000000 0.099109 0.000000 0.000000 0.099109 0.000000 0.000000 0.099109 0.000000 0.000000 0.099109 0.000000 0.000000 0.099109 0.000000 0.000000 0.099109 0.000000 0.000000 0.099109 0.000000 0.000000 0.099109 0.000000 0.000000 0.099109 0.000000 0.000000 0.099109 0.000000 0.000000 0.099109 0.000000 0.000000 0.099109 0.000000 0.000000 0.099109 0.000000 0.000000 0.099109 0.000000 0.000000 0.099109 0.000000 0.000000
0 0.22341663 0.5784076 0.0104607465 0.06977729 0.099109 0.000000 0.000000 0.099109 0.000000 0.000000 0.099109 0.000000 0.000000 0.099109 0.000000 0.000000 0.099109 0.000000 0.000000 0.099109 0.000000 0.000000 0.099109 0.000000 0.000000 0.099109 0.000000 0.000000 0.099109 0.000000 0.000000 0.099109 0.000000 0.000000 0.099109 0.000000 0.000000 0.099109 0.000000 0.000000 0.099109 0.000000 0.000000 0.099109 0.000000 0.000000 0.099109 0.000000 0.000000 0.099109 0.000000 0.000000 0.099109 0.000000 0.000000
0 0.8225919 0.65256125 0.02881403 0.07126949 0.099109 0.000000 0.000000 0.099109 0.000000 0.000000 0.099109 0.000000 0.000000 0.099109 0.000000 0.000000 0.099109 0.000000 0.000000 0.099109 0.000000 0.000000 0.099109 0.000000 0.000000 0.099109 0.000000 0.000000 0.099109 0.000000 0.000000 0.099109 0.000000 0.000000 0.099109 0.000000 0.000000 0.099109 0.000000 0.000000 0.099109 0.000000 0.000000 0.099109 0.000000 0.000000 0.099109 0.000000 0.000000 0.099109 0.000000 0.000000 0.099109 0.000000 0.000000