0 0.422791 0.50553125 0.2481914 0.4429792 0.463672 0.366667 2.000000 0.467187 0.345833 2.000000 0.454297 0.352083 2.000000 0.125000 0.000000 0.000000 0.442578 0.347917 2.000000 0.477734 0.383333 2.000000 0.419141 0.379167 2.000000 0.512891 0.475000 2.000000 0.386328 0.487500 2.000000 0.551562 0.427083 1.000000 0.360547 0.437500 2.000000 0.460156 0.529167 2.000000 0.419141 0.527083 2.000000 0.403906 0.531250 2.000000 0.375781 0.525000 2.000000 0.395703 0.685417 2.000000 0.350000 0.689583 2.000000
0 0.54882616 0.49180207 0.1610039 0.6276875 0.507031 0.272917 2.000000 0.508203 0.256250 2.000000 0.495313 0.272917 2.000000 0.514063 0.216667 2.000000 0.125000 0.000000 0.000000 0.563281 0.243750 2.000000 0.480078 0.287500 2.000000 0.598437 0.300000 2.000000 0.503516 0.391667 2.000000 0.578516 0.383333 2.000000 0.545703 0.431250 2.000000 0.585547 0.431250 2.000000 0.523438 0.443750 2.000000 0.592578 0.583333 2.000000 0.529297 0.591667 2.000000 0.600781 0.704167 2.000000 0.539844 0.739583 2.000000
0 0.33290237 0.26044792 0.023765625 0.08597916 0.125000 0.000000 0.000000 0.125000 0.000000 0.000000 0.125000 0.000000 0.000000 0.125000 0.000000 0.000000 0.125000 0.000000 0.000000 0.125000 0.000000 0.000000 0.125000 0.000000 0.000000 0.125000 0.000000 0.000000 0.125000 0.000000 0.000000 0.125000 0.000000 0.000000 0.125000 0.000000 0.000000 0.125000 0.000000 0.000000 0.125000 0.000000 0.000000 0.125000 0.000000 0.000000 0.125000 0.000000 0.000000 0.125000 0.000000 0.000000 0.125000 0.000000 0.000000
0 0.26290625 0.33952084 0.04214062 0.157375 0.259766 0.279167 2.000000 0.260938 0.275000 2.000000 0.257422 0.277083 2.000000 0.264453 0.279167 2.000000 0.253906 0.281250 2.000000 0.270312 0.297917 2.000000 0.250391 0.300000 2.000000 0.277344 0.322917 2.000000 0.245703 0.325000 2.000000 0.270312 0.341667 2.000000 0.256250 0.341667 2.000000 0.269141 0.341667 2.000000 0.251563 0.341667 2.000000 0.276172 0.360417 2.000000 0.255078 0.358333 2.000000 0.279687 0.400000 2.000000 0.255078 0.400000 2.000000
0 0.18325391 0.27325 0.054515623 0.108500004 0.125000 0.000000 0.000000 0.125000 0.000000 0.000000 0.125000 0.000000 0.000000 0.125000 0.000000 0.000000 0.125000 0.000000 0.000000 0.125000 0.000000 0.000000 0.125000 0.000000 0.000000 0.125000 0.000000 0.000000 0.125000 0.000000 0.000000 0.125000 0.000000 0.000000 0.125000 0.000000 0.000000 0.125000 0.000000 0.000000 0.125000 0.000000 0.000000 0.125000 0.000000 0.000000 0.125000 0.000000 0.000000 0.125000 0.000000 0.000000 0.125000 0.000000 0.000000
0 0.35379687 0.33066666 0.046593748 0.157375 0.347656 0.275000 2.000000 0.350000 0.272917 2.000000 0.346484 0.272917 2.000000 0.125000 0.000000 0.000000 0.125000 0.000000 0.000000 0.360547 0.289583 2.000000 0.339453 0.289583 2.000000 0.362891 0.314583 2.000000 0.337109 0.314583 2.000000 0.357031 0.327083 2.000000 0.344141 0.331250 2.000000 0.358203 0.327083 2.000000 0.346484 0.329167 2.000000 0.355859 0.339583 2.000000 0.358203 0.350000 2.000000 0.351172 0.375000 2.000000 0.368750 0.385417 2.000000
0 0.43388864 0.31173956 0.026707033 0.09185416 0.125000 0.000000 0.000000 0.125000 0.000000 0.000000 0.125000 0.000000 0.000000 0.125000 0.000000 0.000000 0.125000 0.000000 0.000000 0.125000 0.000000 0.000000 0.125000 0.000000 0.000000 0.125000 0.000000 0.000000 0.125000 0.000000 0.000000 0.125000 0.000000 0.000000 0.125000 0.000000 0.000000 0.125000 0.000000 0.000000 0.125000 0.000000 0.000000 0.125000 0.000000 0.000000 0.125000 0.000000 0.000000 0.125000 0.000000 0.000000 0.125000 0.000000 0.000000
0 0.3173047 0.33839586 0.037570313 0.16258334 0.324219 0.279167 2.000000 0.125000 0.000000 0.000000 0.323047 0.272917 2.000000 0.125000 0.000000 0.000000 0.317187 0.275000 2.000000 0.325391 0.291667 2.000000 0.307813 0.291667 2.000000 0.331250 0.322917 2.000000 0.303125 0.322917 2.000000 0.330078 0.341667 2.000000 0.301953 0.347917 2.000000 0.324219 0.337500 2.000000 0.311328 0.337500 2.000000 0.325391 0.364583 2.000000 0.318359 0.368750 2.000000 0.327734 0.397917 2.000000 0.327734 0.400000 2.000000
0 0.22845313 0.29045835 0.042 0.13612498 0.125000 0.000000 0.000000 0.125000 0.000000 0.000000 0.125000 0.000000 0.000000 0.125000 0.000000 0.000000 0.125000 0.000000 0.000000 0.125000 0.000000 0.000000 0.125000 0.000000 0.000000 0.125000 0.000000 0.000000 0.125000 0.000000 0.000000 0.125000 0.000000 0.000000 0.125000 0.000000 0.000000 0.125000 0.000000 0.000000 0.125000 0.000000 0.000000 0.125000 0.000000 0.000000 0.125000 0.000000 0.000000 0.125000 0.000000 0.000000 0.125000 0.000000 0.000000
0 0.22082421 0.3474271 0.0339375 0.15618749 0.221094 0.283333 2.000000 0.223438 0.279167 2.000000 0.218750 0.279167 2.000000 0.225781 0.281250 1.000000 0.214062 0.283333 2.000000 0.229297 0.300000 2.000000 0.209375 0.302083 2.000000 0.232812 0.329167 2.000000 0.210547 0.331250 2.000000 0.225781 0.352083 2.000000 0.219922 0.354167 2.000000 0.224609 0.337500 2.000000 0.212891 0.343750 2.000000 0.233984 0.364583 2.000000 0.216406 0.368750 2.000000 0.221094 0.395833 2.000000 0.225781 0.397917 2.000000
0 0.4215195 0.31812498 0.020226562 0.102416664 0.125000 0.000000 0.000000 0.125000 0.000000 0.000000 0.125000 0.000000 0.000000 0.125000 0.000000 0.000000 0.125000 0.000000 0.000000 0.125000 0.000000 0.000000 0.125000 0.000000 0.000000 0.125000 0.000000 0.000000 0.125000 0.000000 0.000000 0.125000 0.000000 0.000000 0.125000 0.000000 0.000000 0.125000 0.000000 0.000000 0.125000 0.000000 0.000000 0.125000 0.000000 0.000000 0.125000 0.000000 0.000000 0.125000 0.000000 0.000000 0.125000 0.000000 0.000000
0 0.3758047 0.24434374 0.016265625 0.06435417 0.125000 0.000000 0.000000 0.125000 0.000000 0.000000 0.125000 0.000000 0.000000 0.125000 0.000000 0.000000 0.125000 0.000000 0.000000 0.125000 0.000000 0.000000 0.125000 0.000000 0.000000 0.125000 0.000000 0.000000 0.125000 0.000000 0.000000 0.125000 0.000000 0.000000 0.125000 0.000000 0.000000 0.125000 0.000000 0.000000 0.125000 0.000000 0.000000 0.125000 0.000000 0.000000 0.125000 0.000000 0.000000 0.125000 0.000000 0.000000 0.125000 0.000000 0.000000
0 0.36497068 0.25909376 0.025535159 0.0848125 0.125000 0.000000 0.000000 0.125000 0.000000 0.000000 0.125000 0.000000 0.000000 0.125000 0.000000 0.000000 0.125000 0.000000 0.000000 0.125000 0.000000 0.000000 0.125000 0.000000 0.000000 0.125000 0.000000 0.000000 0.125000 0.000000 0.000000 0.125000 0.000000 0.000000 0.125000 0.000000 0.000000 0.125000 0.000000 0.000000 0.125000 0.000000 0.000000 0.125000 0.000000 0.000000 0.125000 0.000000 0.000000 0.125000 0.000000 0.000000 0.125000 0.000000 0.000000
0 0.28847656 0.32291666 0.26367188 0.2375 0.125000 0.000000 0.000000 0.125000 0.000000 0.000000 0.125000 0.000000 0.000000 0.125000 0.000000 0.000000 0.125000 0.000000 0.000000 0.125000 0.000000 0.000000 0.125000 0.000000 0.000000 0.125000 0.000000 0.000000 0.125000 0.000000 0.000000 0.125000 0.000000 0.000000 0.125000 0.000000 0.000000 0.125000 0.000000 0.000000 0.125000 0.000000 0.000000 0.125000 0.000000 0.000000 0.125000 0.000000 0.000000 0.125000 0.000000 0.000000 0.125000 0.000000 0.000000