0 0.4943966 0.71955127 0.086725965 0.22535898 0.501442 0.674359 2.000000 0.507212 0.658974 2.000000 0.495673 0.658974 2.000000 0.515865 0.656410 2.000000 0.485577 0.653846 2.000000 0.518750 0.694872 2.000000 0.476923 0.700000 2.000000 0.510096 0.751282 2.000000 0.476923 0.756410 2.000000 0.487019 0.735897 2.000000 0.501442 0.751282 2.000000 0.507212 0.802564 2.000000 0.481250 0.802564 2.000000 0.530288 0.769231 2.000000 0.458173 0.769231 2.000000 0.482692 0.823077 2.000000 0.502885 0.823077 1.000000
0 0.55634373 0.72569233 0.08929327 0.25425643 0.554808 0.666667 2.000000 0.559135 0.653846 2.000000 0.547596 0.656410 2.000000 0.570673 0.646154 2.000000 0.038462 0.000000 0.000000 0.579327 0.694872 2.000000 0.540385 0.687180 2.000000 0.570673 0.766667 2.000000 0.534615 0.746154 2.000000 0.538942 0.743590 2.000000 0.556250 0.746154 2.000000 0.569231 0.797436 2.000000 0.541827 0.794872 2.000000 0.586538 0.789744 2.000000 0.517308 0.792308 2.000000 0.543269 0.830769 2.000000 0.560577 0.833333 2.000000
0 0.9469496 0.22697437 0.029177884 0.13692309 0.038462 0.000000 0.000000 0.038462 0.000000 0.000000 0.038462 0.000000 0.000000 0.038462 0.000000 0.000000 0.038462 0.000000 0.000000 0.038462 0.000000 0.000000 0.038462 0.000000 0.000000 0.038462 0.000000 0.000000 0.038462 0.000000 0.000000 0.038462 0.000000 0.000000 0.038462 0.000000 0.000000 0.038462 0.000000 0.000000 0.038462 0.000000 0.000000 0.038462 0.000000 0.000000 0.038462 0.000000 0.000000 0.038462 0.000000 0.000000 0.038462 0.000000 0.000000
0 0.74232936 0.7381026 0.09509135 0.2594359 0.737981 0.669231 2.000000 0.745192 0.658974 2.000000 0.730769 0.658974 2.000000 0.756731 0.661538 2.000000 0.723558 0.661538 2.000000 0.762500 0.697436 2.000000 0.722115 0.700000 2.000000 0.038462 0.000000 0.000000 0.038462 0.000000 0.000000 0.745192 0.758974 2.000000 0.038462 0.000000 0.000000 0.758173 0.800000 2.000000 0.733654 0.800000 2.000000 0.784135 0.771795 2.000000 0.703365 0.787180 2.000000 0.736539 0.841026 2.000000 0.753846 0.833333 2.000000
0 0.6671346 0.7364744 0.09265385 0.25412822 0.671635 0.684615 2.000000 0.678846 0.671795 2.000000 0.665865 0.671795 2.000000 0.690385 0.664103 2.000000 0.038462 0.000000 0.000000 0.700481 0.715385 2.000000 0.654327 0.712821 2.000000 0.697596 0.782051 2.000000 0.652885 0.779487 2.000000 0.670192 0.802564 2.000000 0.680288 0.769231 2.000000 0.686058 0.825641 2.000000 0.652885 0.823077 2.000000 0.701923 0.810256 2.000000 0.621154 0.800000 1.000000 0.660096 0.848718 2.000000 0.667308 0.846154 2.000000
0 0.8380481 0.5872051 0.034298077 0.086666666 0.038462 0.000000 0.000000 0.038462 0.000000 0.000000 0.038462 0.000000 0.000000 0.038462 0.000000 0.000000 0.038462 0.000000 0.000000 0.038462 0.000000 0.000000 0.038462 0.000000 0.000000 0.038462 0.000000 0.000000 0.038462 0.000000 0.000000 0.038462 0.000000 0.000000 0.038462 0.000000 0.000000 0.038462 0.000000 0.000000 0.038462 0.000000 0.000000 0.038462 0.000000 0.000000 0.038462 0.000000 0.000000 0.038462 0.000000 0.000000 0.038462 0.000000 0.000000
0 0.9186442 0.52124363 0.08192308 0.21233332 0.908173 0.479487 2.000000 0.913942 0.466667 2.000000 0.902404 0.469231 2.000000 0.926923 0.464103 2.000000 0.898077 0.466667 2.000000 0.935577 0.515385 2.000000 0.892308 0.515385 2.000000 0.947115 0.592308 2.000000 0.882212 0.582051 1.000000 0.038462 0.000000 0.000000 0.038462 0.000000 0.000000 0.928365 0.610256 2.000000 0.898077 0.607692 1.000000 0.038462 0.000000 0.000000 0.038462 0.000000 0.000000 0.038462 0.000000 0.000000 0.038462 0.000000 0.000000
0 0.8102332 0.2076282 0.047322117 0.1535641 0.812981 0.166667 2.000000 0.817308 0.158974 2.000000 0.810096 0.158974 2.000000 0.824519 0.164103 2.000000 0.804327 0.164103 2.000000 0.834615 0.202564 1.000000 0.794231 0.200000 2.000000 0.038462 0.000000 0.000000 0.038462 0.000000 0.000000 0.038462 0.000000 0.000000 0.038462 0.000000 0.000000 0.823077 0.282051 1.000000 0.802885 0.282051 1.000000 0.038462 0.000000 0.000000 0.038462 0.000000 0.000000 0.038462 0.000000 0.000000 0.038462 0.000000 0.000000
0 0.59208417 0.4250513 0.051187504 0.17748718 0.587981 0.376923 2.000000 0.592308 0.369231 2.000000 0.585096 0.369231 2.000000 0.599519 0.374359 2.000000 0.576442 0.371795 2.000000 0.606731 0.412821 2.000000 0.567788 0.412821 1.000000 0.038462 0.000000 0.000000 0.038462 0.000000 0.000000 0.038462 0.000000 0.000000 0.038462 0.000000 0.000000 0.038462 0.000000 0.000000 0.038462 0.000000 0.000000 0.038462 0.000000 0.000000 0.038462 0.000000 0.000000 0.038462 0.000000 0.000000 0.038462 0.000000 0.000000
0 0.5560841 0.43166667 0.089177884 0.18138462 0.556250 0.384615 2.000000 0.560577 0.374359 2.000000 0.550481 0.376923 2.000000 0.566346 0.379487 2.000000 0.541827 0.384615 2.000000 0.586538 0.428205 2.000000 0.527404 0.425641 2.000000 0.589423 0.492308 1.000000 0.524519 0.500000 2.000000 0.038462 0.000000 0.000000 0.038462 0.000000 0.000000 0.570673 0.530769 1.000000 0.541827 0.533333 1.000000 0.038462 0.000000 0.000000 0.038462 0.000000 0.000000 0.038462 0.000000 0.000000 0.038462 0.000000 0.000000
0 0.4368197 0.50105125 0.060879808 0.172 0.439423 0.471795 2.000000 0.443750 0.464103 2.000000 0.433654 0.464103 2.000000 0.450962 0.466667 2.000000 0.425000 0.466667 2.000000 0.461058 0.515385 2.000000 0.410577 0.517949 2.000000 0.465385 0.584615 1.000000 0.409135 0.587179 1.000000 0.038462 0.000000 0.000000 0.038462 0.000000 0.000000 0.453846 0.623077 1.000000 0.420673 0.620513 1.000000 0.038462 0.000000 0.000000 0.038462 0.000000 0.000000 0.038462 0.000000 0.000000 0.038462 0.000000 0.000000
0 0.3201803 0.44828206 0.07238942 0.2283077 0.326923 0.387180 2.000000 0.331250 0.376923 2.000000 0.321154 0.376923 2.000000 0.338462 0.379487 2.000000 0.313942 0.374359 2.000000 0.352885 0.430769 2.000000 0.295192 0.425641 2.000000 0.350000 0.502564 2.000000 0.295192 0.500000 2.000000 0.335577 0.548718 1.000000 0.316827 0.551282 2.000000 0.345673 0.535897 1.000000 0.308173 0.538462 2.000000 0.038462 0.000000 0.000000 0.038462 0.000000 0.000000 0.038462 0.000000 0.000000 0.038462 0.000000 0.000000
0 0.55353844 0.5209487 0.05180769 0.18507694 0.551923 0.484615 2.000000 0.556250 0.476923 2.000000 0.546154 0.476923 2.000000 0.563462 0.476923 2.000000 0.536058 0.479487 1.000000 0.567788 0.528205 2.000000 0.528846 0.530769 2.000000 0.038462 0.000000 0.000000 0.038462 0.000000 0.000000 0.038462 0.000000 0.000000 0.038462 0.000000 0.000000 0.038462 0.000000 0.000000 0.038462 0.000000 0.000000 0.038462 0.000000 0.000000 0.038462 0.000000 0.000000 0.038462 0.000000 0.000000 0.038462 0.000000 0.000000
0 0.5 0.51923084 0.92019236 0.8384616 0.038462 0.000000 0.000000 0.038462 0.000000 0.000000 0.038462 0.000000 0.000000 0.038462 0.000000 0.000000 0.038462 0.000000 0.000000 0.038462 0.000000 0.000000 0.038462 0.000000 0.000000 0.038462 0.000000 0.000000 0.038462 0.000000 0.000000 0.038462 0.000000 0.000000 0.038462 0.000000 0.000000 0.038462 0.000000 0.000000 0.038462 0.000000 0.000000 0.038462 0.000000 0.000000 0.038462 0.000000 0.000000 0.038462 0.000000 0.000000 0.038462 0.000000 0.000000