0 0.45752683 0.47752348 0.25155175 0.60898435 0.434082 0.239063 1.000000 0.439355 0.229687 2.000000 0.312793 0.000000 0.000000 0.456934 0.240625 2.000000 0.312793 0.000000 0.000000 0.521094 0.265625 2.000000 0.442871 0.296875 2.000000 0.579102 0.276563 2.000000 0.465723 0.368750 2.000000 0.543066 0.284375 2.000000 0.510547 0.326562 2.000000 0.519336 0.489062 2.000000 0.464844 0.475000 2.000000 0.517578 0.615625 2.000000 0.404199 0.612500 2.000000 0.537793 0.753125 1.000000 0.354980 0.725000 2.000000
0 0.5801386 0.69775 0.20351954 0.37978125 0.312793 0.000000 0.000000 0.553613 0.571875 1.000000 0.312793 0.000000 0.000000 0.571191 0.579687 2.000000 0.312793 0.000000 0.000000 0.564160 0.632812 2.000000 0.630078 0.621875 2.000000 0.502637 0.770312 2.000000 0.677539 0.739062 1.000000 0.498242 0.737500 2.000000 0.663477 0.834375 2.000000 0.596680 0.814062 2.000000 0.643262 0.815625 2.000000 0.514941 0.704687 2.000000 0.312793 0.000000 0.000000 0.550977 0.834375 2.000000 0.633594 0.846875 2.000000
0 0.545602 0.08719532 0.050458007 0.10295313 0.548340 0.064062 2.000000 0.551855 0.059375 2.000000 0.547461 0.059375 2.000000 0.558008 0.059375 2.000000 0.312793 0.000000 0.000000 0.565918 0.079687 2.000000 0.545703 0.085938 2.000000 0.566797 0.109375 2.000000 0.535156 0.104687 2.000000 0.554492 0.078125 2.000000 0.537793 0.076563 2.000000 0.558887 0.125000 1.000000 0.545703 0.125000 1.000000 0.312793 0.000000 0.000000 0.533398 0.112500 2.000000 0.312793 0.000000 0.000000 0.525488 0.150000 1.000000
0 0.5813604 0.14349218 0.037511718 0.10529688 0.573828 0.114063 2.000000 0.577344 0.112500 2.000000 0.312793 0.000000 0.000000 0.582617 0.115625 2.000000 0.312793 0.000000 0.000000 0.591406 0.143750 2.000000 0.571191 0.143750 2.000000 0.312793 0.000000 0.000000 0.312793 0.000000 0.000000 0.312793 0.000000 0.000000 0.312793 0.000000 0.000000 0.583496 0.189063 2.000000 0.572070 0.185937 2.000000 0.312793 0.000000 0.000000 0.312793 0.000000 0.000000 0.312793 0.000000 0.000000 0.312793 0.000000 0.000000
0 0.3766323 0.08346875 0.04827832 0.15521875 0.376953 0.026563 2.000000 0.378711 0.023438 2.000000 0.374316 0.023438 2.000000 0.383105 0.025000 2.000000 0.371680 0.026563 2.000000 0.388379 0.050000 2.000000 0.369043 0.053125 2.000000 0.395410 0.082813 2.000000 0.365527 0.085938 2.000000 0.387500 0.096875 2.000000 0.358496 0.100000 2.000000 0.384863 0.126563 2.000000 0.369922 0.125000 2.000000 0.386621 0.185937 1.000000 0.370801 0.182812 1.000000 0.312793 0.000000 0.000000 0.312793 0.000000 0.000000
0 0.34565526 0.09663281 0.04044727 0.18876562 0.350586 0.029687 2.000000 0.354102 0.026563 2.000000 0.348828 0.026563 2.000000 0.358496 0.031250 2.000000 0.312793 0.000000 0.000000 0.363770 0.057813 1.000000 0.342676 0.054688 2.000000 0.368164 0.098438 1.000000 0.336523 0.095312 2.000000 0.363770 0.125000 2.000000 0.333008 0.121875 2.000000 0.355859 0.134375 2.000000 0.340039 0.131250 2.000000 0.356738 0.182812 2.000000 0.341797 0.176563 2.000000 0.360254 0.226562 1.000000 0.345313 0.225000 1.000000
0 0.622102 0.1358125 0.021981446 0.0508125 0.312793 0.000000 0.000000 0.312793 0.000000 0.000000 0.312793 0.000000 0.000000 0.312793 0.000000 0.000000 0.312793 0.000000 0.000000 0.312793 0.000000 0.000000 0.312793 0.000000 0.000000 0.312793 0.000000 0.000000 0.312793 0.000000 0.000000 0.312793 0.000000 0.000000 0.312793 0.000000 0.000000 0.312793 0.000000 0.000000 0.312793 0.000000 0.000000 0.312793 0.000000 0.000000 0.312793 0.000000 0.000000 0.312793 0.000000 0.000000 0.312793 0.000000 0.000000
0 0.5514643 0.14378126 0.041668944 0.09878125 0.554492 0.109375 2.000000 0.556250 0.104687 2.000000 0.550977 0.104687 2.000000 0.560645 0.106250 2.000000 0.548340 0.106250 2.000000 0.565918 0.131250 2.000000 0.542188 0.129688 2.000000 0.568555 0.162500 2.000000 0.537793 0.154687 2.000000 0.565039 0.176563 2.000000 0.537793 0.162500 2.000000 0.560645 0.184375 2.000000 0.544824 0.184375 2.000000 0.312793 0.000000 0.000000 0.312793 0.000000 0.000000 0.312793 0.000000 0.000000 0.312793 0.000000 0.000000
0 0.6174702 0.049992185 0.032668944 0.08067188 0.616895 0.023438 2.000000 0.619531 0.021875 2.000000 0.616016 0.018750 2.000000 0.312793 0.000000 0.000000 0.312793 0.000000 0.000000 0.623926 0.037500 2.000000 0.611621 0.039062 2.000000 0.623047 0.062500 2.000000 0.605469 0.057813 2.000000 0.610742 0.067188 2.000000 0.602832 0.068750 2.000000 0.312793 0.000000 0.000000 0.312793 0.000000 0.000000 0.312793 0.000000 0.000000 0.312793 0.000000 0.000000 0.312793 0.000000 0.000000 0.312793 0.000000 0.000000
0 0.4646064 0.11167969 0.030779298 0.09207813 0.467480 0.089062 2.000000 0.470117 0.085938 2.000000 0.464844 0.085938 2.000000 0.471875 0.084375 2.000000 0.463086 0.084375 2.000000 0.474512 0.101562 2.000000 0.457812 0.100000 2.000000 0.475391 0.125000 2.000000 0.454297 0.126563 2.000000 0.312793 0.000000 0.000000 0.312793 0.000000 0.000000 0.312793 0.000000 0.000000 0.312793 0.000000 0.000000 0.312793 0.000000 0.000000 0.312793 0.000000 0.000000 0.312793 0.000000 0.000000 0.312793 0.000000 0.000000
0 0.6711099 0.14983594 0.032194335 0.10273437 0.680176 0.118750 2.000000 0.682813 0.112500 2.000000 0.678418 0.114063 2.000000 0.312793 0.000000 0.000000 0.677539 0.120312 2.000000 0.312793 0.000000 0.000000 0.674902 0.137500 2.000000 0.682813 0.167187 2.000000 0.312793 0.000000 0.000000 0.669629 0.178125 2.000000 0.312793 0.000000 0.000000 0.684570 0.184375 1.000000 0.667871 0.181250 2.000000 0.681934 0.182812 2.000000 0.647656 0.184375 1.000000 0.312793 0.000000 0.000000 0.312793 0.000000 0.000000
0 0.42925245 0.06444531 0.031086914 0.09885938 0.427051 0.031250 2.000000 0.429688 0.028125 2.000000 0.425293 0.028125 2.000000 0.434082 0.032812 2.000000 0.421777 0.034375 2.000000 0.437598 0.053125 2.000000 0.418262 0.054688 2.000000 0.436719 0.084375 2.000000 0.419141 0.085938 2.000000 0.436719 0.114063 1.000000 0.415625 0.115625 1.000000 0.432324 0.093750 2.000000 0.422656 0.093750 2.000000 0.312793 0.000000 0.000000 0.312793 0.000000 0.000000 0.312793 0.000000 0.000000 0.312793 0.000000 0.000000
0 0.66501456 0.10811719 0.036281247 0.08189062 0.312793 0.000000 0.000000 0.312793 0.000000 0.000000 0.312793 0.000000 0.000000 0.312793 0.000000 0.000000 0.312793 0.000000 0.000000 0.312793 0.000000 0.000000 0.312793 0.000000 0.000000 0.312793 0.000000 0.000000 0.312793 0.000000 0.000000 0.312793 0.000000 0.000000 0.312793 0.000000 0.000000 0.312793 0.000000 0.000000 0.312793 0.000000 0.000000 0.312793 0.000000 0.000000 0.312793 0.000000 0.000000 0.312793 0.000000 0.000000 0.312793 0.000000 0.000000
0 0.5 0.12734374 0.37265626 0.2546875 0.312793 0.000000 0.000000 0.312793 0.000000 0.000000 0.312793 0.000000 0.000000 0.312793 0.000000 0.000000 0.312793 0.000000 0.000000 0.312793 0.000000 0.000000 0.312793 0.000000 0.000000 0.312793 0.000000 0.000000 0.312793 0.000000 0.000000 0.312793 0.000000 0.000000 0.312793 0.000000 0.000000 0.312793 0.000000 0.000000 0.312793 0.000000 0.000000 0.312793 0.000000 0.000000 0.312793 0.000000 0.000000 0.312793 0.000000 0.000000 0.312793 0.000000 0.000000