0 0.5172159 0.40261072 0.18996504 0.50592077 0.488199 0.195804 2.000000 0.493444 0.184149 2.000000 0.485577 0.184149 2.000000 0.506556 0.191142 2.000000 0.080420 0.000000 0.000000 0.519668 0.235431 2.000000 0.480332 0.223776 2.000000 0.523601 0.296037 2.000000 0.520979 0.263403 2.000000 0.551136 0.335664 2.000000 0.548514 0.254079 2.000000 0.511801 0.384615 2.000000 0.477710 0.389277 2.000000 0.551136 0.424242 2.000000 0.465909 0.494173 2.000000 0.583916 0.533800 2.000000 0.435752 0.580420 2.000000
0 0.17468093 0.37785548 0.13253497 0.3100233 0.164336 0.261072 2.000000 0.166958 0.254079 2.000000 0.157780 0.254079 2.000000 0.174825 0.254079 1.000000 0.151224 0.256410 2.000000 0.184004 0.279720 2.000000 0.145979 0.279720 2.000000 0.197115 0.344988 2.000000 0.138112 0.340326 2.000000 0.203671 0.391608 2.000000 0.134178 0.389277 2.000000 0.181381 0.354312 2.000000 0.151224 0.356643 2.000000 0.207605 0.424242 2.000000 0.131556 0.419580 2.000000 0.222028 0.491841 2.000000 0.123689 0.491841 2.000000
0 0.2423186 0.11949884 0.054794583 0.06207459 0.080420 0.000000 0.000000 0.080420 0.000000 0.000000 0.080420 0.000000 0.000000 0.080420 0.000000 0.000000 0.080420 0.000000 0.000000 0.080420 0.000000 0.000000 0.080420 0.000000 0.000000 0.080420 0.000000 0.000000 0.080420 0.000000 0.000000 0.080420 0.000000 0.000000 0.080420 0.000000 0.000000 0.080420 0.000000 0.000000 0.080420 0.000000 0.000000 0.080420 0.000000 0.000000 0.080420 0.000000 0.000000 0.080420 0.000000 0.000000 0.080420 0.000000 0.000000
0 0.3108676 0.11102563 0.049340036 0.075244755 0.080420 0.000000 0.000000 0.080420 0.000000 0.000000 0.080420 0.000000 0.000000 0.080420 0.000000 0.000000 0.080420 0.000000 0.000000 0.080420 0.000000 0.000000 0.080420 0.000000 0.000000 0.080420 0.000000 0.000000 0.080420 0.000000 0.000000 0.080420 0.000000 0.000000 0.080420 0.000000 0.000000 0.080420 0.000000 0.000000 0.080420 0.000000 0.000000 0.080420 0.000000 0.000000 0.080420 0.000000 0.000000 0.080420 0.000000 0.000000 0.080420 0.000000 0.000000
0 0.3728147 0.10808857 0.05263112 0.08261072 0.372815 0.097902 2.000000 0.376748 0.090909 2.000000 0.367570 0.093240 2.000000 0.380682 0.097902 2.000000 0.363636 0.097902 2.000000 0.393794 0.130536 2.000000 0.353147 0.130536 2.000000 0.080420 0.000000 0.000000 0.080420 0.000000 0.000000 0.080420 0.000000 0.000000 0.080420 0.000000 0.000000 0.080420 0.000000 0.000000 0.080420 0.000000 0.000000 0.080420 0.000000 0.000000 0.080420 0.000000 0.000000 0.080420 0.000000 0.000000 0.080420 0.000000 0.000000
0 0.43868878 0.09973193 0.05116259 0.0948951 0.080420 0.000000 0.000000 0.080420 0.000000 0.000000 0.080420 0.000000 0.000000 0.080420 0.000000 0.000000 0.080420 0.000000 0.000000 0.080420 0.000000 0.000000 0.080420 0.000000 0.000000 0.080420 0.000000 0.000000 0.080420 0.000000 0.000000 0.080420 0.000000 0.000000 0.080420 0.000000 0.000000 0.080420 0.000000 0.000000 0.080420 0.000000 0.000000 0.080420 0.000000 0.000000 0.080420 0.000000 0.000000 0.080420 0.000000 0.000000 0.080420 0.000000 0.000000
0 0.5056381 0.073321685 0.07541958 0.1458042 0.503934 0.032634 2.000000 0.506556 0.025641 2.000000 0.500000 0.025641 2.000000 0.511801 0.030303 2.000000 0.492133 0.027972 2.000000 0.519668 0.076923 2.000000 0.479021 0.067599 2.000000 0.527535 0.125874 2.000000 0.477710 0.111888 2.000000 0.524913 0.146853 1.000000 0.500000 0.132867 1.000000 0.080420 0.000000 0.000000 0.080420 0.000000 0.000000 0.080420 0.000000 0.000000 0.080420 0.000000 0.000000 0.080420 0.000000 0.000000 0.080420 0.000000 0.000000
0 0.31177884 0.072331004 0.062701054 0.13202797 0.315122 0.048951 2.000000 0.317745 0.044289 2.000000 0.309878 0.046620 2.000000 0.080420 0.000000 0.000000 0.302011 0.041958 2.000000 0.328234 0.072261 2.000000 0.296766 0.072261 2.000000 0.338724 0.128205 2.000000 0.286276 0.048951 2.000000 0.326923 0.109557 2.000000 0.300699 0.044289 2.000000 0.319056 0.151515 1.000000 0.296766 0.151515 1.000000 0.080420 0.000000 0.000000 0.080420 0.000000 0.000000 0.080420 0.000000 0.000000 0.080420 0.000000 0.000000
0 0.24603583 0.07751748 0.062701054 0.13881119 0.240385 0.046620 2.000000 0.243007 0.039627 2.000000 0.236451 0.039627 2.000000 0.250874 0.037296 2.000000 0.231206 0.044289 2.000000 0.266608 0.074592 2.000000 0.223339 0.069930 2.000000 0.270542 0.125874 2.000000 0.220717 0.121212 2.000000 0.236451 0.130536 1.000000 0.256119 0.135198 1.000000 0.260052 0.142191 1.000000 0.232517 0.142191 1.000000 0.080420 0.000000 0.000000 0.080420 0.000000 0.000000 0.080420 0.000000 0.000000 0.080420 0.000000 0.000000
0 0.17689686 0.111689985 0.05874126 0.082960375 0.080420 0.000000 0.000000 0.080420 0.000000 0.000000 0.080420 0.000000 0.000000 0.080420 0.000000 0.000000 0.080420 0.000000 0.000000 0.080420 0.000000 0.000000 0.080420 0.000000 0.000000 0.080420 0.000000 0.000000 0.080420 0.000000 0.000000 0.080420 0.000000 0.000000 0.080420 0.000000 0.000000 0.080420 0.000000 0.000000 0.080420 0.000000 0.000000 0.080420 0.000000 0.000000 0.080420 0.000000 0.000000 0.080420 0.000000 0.000000 0.080420 0.000000 0.000000
0 0.50183564 0.10869464 0.061153844 0.08135199 0.080420 0.000000 0.000000 0.080420 0.000000 0.000000 0.080420 0.000000 0.000000 0.080420 0.000000 0.000000 0.080420 0.000000 0.000000 0.080420 0.000000 0.000000 0.080420 0.000000 0.000000 0.080420 0.000000 0.000000 0.080420 0.000000 0.000000 0.080420 0.000000 0.000000 0.080420 0.000000 0.000000 0.080420 0.000000 0.000000 0.080420 0.000000 0.000000 0.080420 0.000000 0.000000 0.080420 0.000000 0.000000 0.080420 0.000000 0.000000 0.080420 0.000000 0.000000
0 0.18176135 0.071620055 0.07143357 0.1420746 0.181381 0.027972 2.000000 0.184004 0.020979 2.000000 0.176136 0.020979 2.000000 0.189248 0.023310 2.000000 0.168269 0.023310 2.000000 0.203671 0.065268 2.000000 0.157780 0.067599 2.000000 0.210227 0.132867 2.000000 0.155157 0.128205 1.000000 0.185315 0.142191 1.000000 0.080420 0.000000 0.000000 0.080420 0.000000 0.000000 0.080420 0.000000 0.000000 0.080420 0.000000 0.000000 0.080420 0.000000 0.000000 0.080420 0.000000 0.000000 0.080420 0.000000 0.000000
0 0.45357734 0.08750582 0.033710662 0.11636363 0.080420 0.000000 0.000000 0.080420 0.000000 0.000000 0.080420 0.000000 0.000000 0.080420 0.000000 0.000000 0.080420 0.000000 0.000000 0.080420 0.000000 0.000000 0.080420 0.000000 0.000000 0.080420 0.000000 0.000000 0.080420 0.000000 0.000000 0.080420 0.000000 0.000000 0.080420 0.000000 0.000000 0.080420 0.000000 0.000000 0.080420 0.000000 0.000000 0.080420 0.000000 0.000000 0.080420 0.000000 0.000000 0.080420 0.000000 0.000000 0.080420 0.000000 0.000000
0 0.5 0.28787878 0.83653843 0.57575756 0.080420 0.000000 0.000000 0.080420 0.000000 0.000000 0.080420 0.000000 0.000000 0.080420 0.000000 0.000000 0.080420 0.000000 0.000000 0.080420 0.000000 0.000000 0.080420 0.000000 0.000000 0.080420 0.000000 0.000000 0.080420 0.000000 0.000000 0.080420 0.000000 0.000000 0.080420 0.000000 0.000000 0.080420 0.000000 0.000000 0.080420 0.000000 0.000000 0.080420 0.000000 0.000000 0.080420 0.000000 0.000000 0.080420 0.000000 0.000000 0.080420 0.000000 0.000000