0 0.6548516 0.47669792 0.035203125 0.13410418 0.642969 0.431250 2.000000 0.644141 0.427083 2.000000 0.640625 0.429167 2.000000 0.651172 0.427083 2.000000 0.125000 0.000000 0.000000 0.658203 0.452083 2.000000 0.647656 0.452083 2.000000 0.661719 0.483333 2.000000 0.125000 0.000000 0.000000 0.658203 0.516667 2.000000 0.637109 0.506250 1.000000 0.655859 0.520833 2.000000 0.650000 0.516667 2.000000 0.640625 0.550000 1.000000 0.657031 0.556250 1.000000 0.125000 0.000000 0.000000 0.125000 0.000000 0.000000
0 0.8258282 0.5652812 0.058125 0.27914584 0.816406 0.452083 2.000000 0.818750 0.445833 2.000000 0.812891 0.447917 2.000000 0.823438 0.441667 2.000000 0.125000 0.000000 0.000000 0.839844 0.479167 2.000000 0.811719 0.485417 2.000000 0.843359 0.520833 2.000000 0.805859 0.529167 2.000000 0.849219 0.562500 2.000000 0.803516 0.560417 2.000000 0.838672 0.562500 2.000000 0.819922 0.564583 2.000000 0.837500 0.616667 2.000000 0.822266 0.620833 2.000000 0.837500 0.675000 2.000000 0.825781 0.685417 2.000000
0 0.79356647 0.54279166 0.04999219 0.28304166 0.784766 0.433333 1.000000 0.125000 0.000000 0.000000 0.125000 0.000000 0.000000 0.787109 0.429167 2.000000 0.797656 0.427083 2.000000 0.792969 0.456250 2.000000 0.802344 0.447917 2.000000 0.792969 0.504167 2.000000 0.125000 0.000000 0.000000 0.782422 0.514583 2.000000 0.125000 0.000000 0.000000 0.792969 0.535417 2.000000 0.125000 0.000000 0.000000 0.798828 0.597917 2.000000 0.125000 0.000000 0.000000 0.807031 0.660417 2.000000 0.125000 0.000000 0.000000
0 0.601543 0.47865623 0.035390627 0.12135417 0.125000 0.000000 0.000000 0.125000 0.000000 0.000000 0.125000 0.000000 0.000000 0.125000 0.000000 0.000000 0.611328 0.437500 2.000000 0.605469 0.450000 2.000000 0.597266 0.452083 2.000000 0.125000 0.000000 0.000000 0.590234 0.491667 2.000000 0.125000 0.000000 0.000000 0.587891 0.522917 2.000000 0.603125 0.527083 1.000000 0.594922 0.533333 1.000000 0.125000 0.000000 0.000000 0.125000 0.000000 0.000000 0.125000 0.000000 0.000000 0.125000 0.000000 0.000000
0 0.58017963 0.48795834 0.025429688 0.13641667 0.125000 0.000000 0.000000 0.125000 0.000000 0.000000 0.125000 0.000000 0.000000 0.125000 0.000000 0.000000 0.125000 0.000000 0.000000 0.125000 0.000000 0.000000 0.125000 0.000000 0.000000 0.125000 0.000000 0.000000 0.125000 0.000000 0.000000 0.125000 0.000000 0.000000 0.125000 0.000000 0.000000 0.125000 0.000000 0.000000 0.125000 0.000000 0.000000 0.125000 0.000000 0.000000 0.125000 0.000000 0.000000 0.125000 0.000000 0.000000 0.125000 0.000000 0.000000
0 0.71050984 0.5218646 0.02391797 0.08927083 0.125000 0.000000 0.000000 0.125000 0.000000 0.000000 0.125000 0.000000 0.000000 0.125000 0.000000 0.000000 0.125000 0.000000 0.000000 0.125000 0.000000 0.000000 0.125000 0.000000 0.000000 0.125000 0.000000 0.000000 0.125000 0.000000 0.000000 0.125000 0.000000 0.000000 0.125000 0.000000 0.000000 0.125000 0.000000 0.000000 0.125000 0.000000 0.000000 0.125000 0.000000 0.000000 0.125000 0.000000 0.000000 0.125000 0.000000 0.000000 0.125000 0.000000 0.000000
0 0.5068438 0.48632294 0.034453128 0.119979165 0.502344 0.447917 2.000000 0.503516 0.445833 2.000000 0.500000 0.445833 2.000000 0.508203 0.445833 2.000000 0.497656 0.447917 2.000000 0.517578 0.470833 2.000000 0.492969 0.470833 2.000000 0.521094 0.495833 2.000000 0.125000 0.000000 0.000000 0.125000 0.000000 0.000000 0.125000 0.000000 0.000000 0.512891 0.535417 2.000000 0.500000 0.533333 2.000000 0.125000 0.000000 0.000000 0.125000 0.000000 0.000000 0.125000 0.000000 0.000000 0.125000 0.000000 0.000000
0 0.42425585 0.5327708 0.03301172 0.2015 0.437891 0.452083 1.000000 0.125000 0.000000 0.000000 0.436719 0.447917 2.000000 0.125000 0.000000 0.000000 0.432031 0.450000 2.000000 0.416797 0.483333 2.000000 0.428516 0.475000 2.000000 0.413281 0.522917 2.000000 0.425000 0.512500 2.000000 0.426172 0.539583 2.000000 0.422656 0.545833 2.000000 0.427344 0.541667 2.000000 0.430859 0.541667 2.000000 0.428516 0.589583 2.000000 0.430859 0.591667 2.000000 0.427344 0.643750 1.000000 0.429688 0.643750 1.000000
0 0.22233595 0.4943854 0.18960938 0.9887708 0.125000 0.000000 0.000000 0.125000 0.000000 0.000000 0.125000 0.000000 0.000000 0.125000 0.000000 0.000000 0.125000 0.000000 0.000000 0.251563 0.002083 1.000000 0.155469 0.002083 2.000000 0.312500 0.168750 2.000000 0.166016 0.227083 2.000000 0.277344 0.118750 2.000000 0.229297 0.083333 2.000000 0.264453 0.262500 2.000000 0.201172 0.266667 2.000000 0.299609 0.635417 2.000000 0.221094 0.656250 2.000000 0.244531 0.850000 2.000000 0.233984 0.908333 2.000000
0 0.38617578 0.5430313 0.0320625 0.19002083 0.382812 0.470833 2.000000 0.125000 0.000000 0.000000 0.379297 0.468750 2.000000 0.125000 0.000000 0.000000 0.373437 0.475000 2.000000 0.383984 0.487500 2.000000 0.372266 0.489583 1.000000 0.395703 0.493750 2.000000 0.125000 0.000000 0.000000 0.388672 0.472917 2.000000 0.125000 0.000000 0.000000 0.386328 0.539583 2.000000 0.376953 0.543750 1.000000 0.388672 0.581250 2.000000 0.125000 0.000000 0.000000 0.389844 0.629167 2.000000 0.125000 0.000000 0.000000
0 0.4508281 0.5428229 0.028101562 0.19347917 0.455469 0.470833 2.000000 0.125000 0.000000 0.000000 0.455469 0.466667 2.000000 0.125000 0.000000 0.000000 0.453125 0.464583 2.000000 0.437891 0.481250 2.000000 0.451953 0.487500 2.000000 0.125000 0.000000 0.000000 0.450781 0.522917 2.000000 0.125000 0.000000 0.000000 0.460156 0.545833 1.000000 0.125000 0.000000 0.000000 0.449609 0.545833 2.000000 0.125000 0.000000 0.000000 0.455469 0.593750 2.000000 0.125000 0.000000 0.000000 0.458984 0.639583 1.000000
0 0.36688086 0.5434792 0.035871092 0.18054168 0.368750 0.472917 2.000000 0.369922 0.466667 2.000000 0.366406 0.466667 2.000000 0.125000 0.000000 0.000000 0.360547 0.468750 2.000000 0.374609 0.489583 1.000000 0.352344 0.489583 1.000000 0.374609 0.522917 2.000000 0.353516 0.520833 2.000000 0.368750 0.495833 2.000000 0.367578 0.520833 2.000000 0.371094 0.541667 2.000000 0.361719 0.541667 2.000000 0.374609 0.589583 2.000000 0.364062 0.591667 2.000000 0.379297 0.631250 1.000000 0.367578 0.622917 1.000000