0 0.47879404 0.7647535 0.09150529 0.28161973 0.077465 0.000000 0.000000 0.077465 0.000000 0.000000 0.077465 0.000000 0.000000 0.464349 0.650235 2.000000 0.478873 0.640845 2.000000 0.464349 0.683099 2.000000 0.494718 0.661972 2.000000 0.452465 0.732394 2.000000 0.513204 0.687793 2.000000 0.441901 0.767606 2.000000 0.517165 0.730047 2.000000 0.481514 0.753521 2.000000 0.503961 0.751174 2.000000 0.478873 0.821596 2.000000 0.502641 0.816901 2.000000 0.480194 0.889671 2.000000 0.498680 0.873239 2.000000
0 0.42706645 0.7402934 0.046597715 0.18866198 0.420775 0.664319 2.000000 0.423416 0.661972 2.000000 0.418134 0.661972 2.000000 0.427377 0.664319 2.000000 0.416813 0.664319 2.000000 0.430018 0.687793 2.000000 0.412852 0.687793 2.000000 0.439261 0.701878 2.000000 0.408891 0.704225 2.000000 0.445863 0.713615 2.000000 0.408891 0.718310 2.000000 0.426056 0.732394 2.000000 0.415493 0.734742 2.000000 0.427377 0.774648 2.000000 0.419454 0.776995 2.000000 0.427377 0.819249 2.000000 0.419454 0.821596 2.000000
0 0.37064478 0.6656221 0.02222271 0.032840375 0.077465 0.000000 0.000000 0.077465 0.000000 0.000000 0.077465 0.000000 0.000000 0.077465 0.000000 0.000000 0.077465 0.000000 0.000000 0.077465 0.000000 0.000000 0.077465 0.000000 0.000000 0.077465 0.000000 0.000000 0.077465 0.000000 0.000000 0.077465 0.000000 0.000000 0.077465 0.000000 0.000000 0.077465 0.000000 0.000000 0.077465 0.000000 0.000000 0.077465 0.000000 0.000000 0.077465 0.000000 0.000000 0.077465 0.000000 0.000000 0.077465 0.000000 0.000000
0 0.34908232 0.6737441 0.015726233 0.03241784 0.077465 0.000000 0.000000 0.077465 0.000000 0.000000 0.077465 0.000000 0.000000 0.077465 0.000000 0.000000 0.077465 0.000000 0.000000 0.077465 0.000000 0.000000 0.077465 0.000000 0.000000 0.077465 0.000000 0.000000 0.077465 0.000000 0.000000 0.077465 0.000000 0.000000 0.077465 0.000000 0.000000 0.077465 0.000000 0.000000 0.077465 0.000000 0.000000 0.077465 0.000000 0.000000 0.077465 0.000000 0.000000 0.077465 0.000000 0.000000 0.077465 0.000000 0.000000
0 0.3383011 0.6534977 0.012808098 0.030234743 0.077465 0.000000 0.000000 0.077465 0.000000 0.000000 0.077465 0.000000 0.000000 0.077465 0.000000 0.000000 0.077465 0.000000 0.000000 0.077465 0.000000 0.000000 0.077465 0.000000 0.000000 0.077465 0.000000 0.000000 0.077465 0.000000 0.000000 0.077465 0.000000 0.000000 0.077465 0.000000 0.000000 0.077465 0.000000 0.000000 0.077465 0.000000 0.000000 0.077465 0.000000 0.000000 0.077465 0.000000 0.000000 0.077465 0.000000 0.000000 0.077465 0.000000 0.000000
0 0.34993398 0.601608 0.009322183 0.024859156 0.077465 0.000000 0.000000 0.077465 0.000000 0.000000 0.077465 0.000000 0.000000 0.077465 0.000000 0.000000 0.077465 0.000000 0.000000 0.077465 0.000000 0.000000 0.077465 0.000000 0.000000 0.077465 0.000000 0.000000 0.077465 0.000000 0.000000 0.077465 0.000000 0.000000 0.077465 0.000000 0.000000 0.077465 0.000000 0.000000 0.077465 0.000000 0.000000 0.077465 0.000000 0.000000 0.077465 0.000000 0.000000 0.077465 0.000000 0.000000 0.077465 0.000000 0.000000
0 0.89440364 0.7695775 0.026263203 0.05690141 0.077465 0.000000 0.000000 0.077465 0.000000 0.000000 0.077465 0.000000 0.000000 0.077465 0.000000 0.000000 0.077465 0.000000 0.000000 0.077465 0.000000 0.000000 0.077465 0.000000 0.000000 0.077465 0.000000 0.000000 0.077465 0.000000 0.000000 0.077465 0.000000 0.000000 0.077465 0.000000 0.000000 0.077465 0.000000 0.000000 0.077465 0.000000 0.000000 0.077465 0.000000 0.000000 0.077465 0.000000 0.000000 0.077465 0.000000 0.000000 0.077465 0.000000 0.000000
0 0.35165054 0.65826285 0.012676057 0.04089202 0.077465 0.000000 0.000000 0.077465 0.000000 0.000000 0.077465 0.000000 0.000000 0.077465 0.000000 0.000000 0.077465 0.000000 0.000000 0.077465 0.000000 0.000000 0.077465 0.000000 0.000000 0.077465 0.000000 0.000000 0.077465 0.000000 0.000000 0.077465 0.000000 0.000000 0.077465 0.000000 0.000000 0.077465 0.000000 0.000000 0.077465 0.000000 0.000000 0.077465 0.000000 0.000000 0.077465 0.000000 0.000000 0.077465 0.000000 0.000000 0.077465 0.000000 0.000000
0 0.33236572 0.6181456 0.0084375 0.031502347 0.077465 0.000000 0.000000 0.077465 0.000000 0.000000 0.077465 0.000000 0.000000 0.077465 0.000000 0.000000 0.077465 0.000000 0.000000 0.077465 0.000000 0.000000 0.077465 0.000000 0.000000 0.077465 0.000000 0.000000 0.077465 0.000000 0.000000 0.077465 0.000000 0.000000 0.077465 0.000000 0.000000 0.077465 0.000000 0.000000 0.077465 0.000000 0.000000 0.077465 0.000000 0.000000 0.077465 0.000000 0.000000 0.077465 0.000000 0.000000 0.077465 0.000000 0.000000
0 0.8753895 0.63235915 0.010708626 0.01814554 0.077465 0.000000 0.000000 0.077465 0.000000 0.000000 0.077465 0.000000 0.000000 0.077465 0.000000 0.000000 0.077465 0.000000 0.000000 0.077465 0.000000 0.000000 0.077465 0.000000 0.000000 0.077465 0.000000 0.000000 0.077465 0.000000 0.000000 0.077465 0.000000 0.000000 0.077465 0.000000 0.000000 0.077465 0.000000 0.000000 0.077465 0.000000 0.000000 0.077465 0.000000 0.000000 0.077465 0.000000 0.000000 0.077465 0.000000 0.000000 0.077465 0.000000 0.000000
0 0.8520577 0.6383921 0.014088909 0.031713616 0.077465 0.000000 0.000000 0.077465 0.000000 0.000000 0.077465 0.000000 0.000000 0.077465 0.000000 0.000000 0.077465 0.000000 0.000000 0.077465 0.000000 0.000000 0.077465 0.000000 0.000000 0.077465 0.000000 0.000000 0.077465 0.000000 0.000000 0.077465 0.000000 0.000000 0.077465 0.000000 0.000000 0.077465 0.000000 0.000000 0.077465 0.000000 0.000000 0.077465 0.000000 0.000000 0.077465 0.000000 0.000000 0.077465 0.000000 0.000000 0.077465 0.000000 0.000000
0 0.38296434 0.5987559 0.008067782 0.023427231 0.077465 0.000000 0.000000 0.077465 0.000000 0.000000 0.077465 0.000000 0.000000 0.077465 0.000000 0.000000 0.077465 0.000000 0.000000 0.077465 0.000000 0.000000 0.077465 0.000000 0.000000 0.077465 0.000000 0.000000 0.077465 0.000000 0.000000 0.077465 0.000000 0.000000 0.077465 0.000000 0.000000 0.077465 0.000000 0.000000 0.077465 0.000000 0.000000 0.077465 0.000000 0.000000 0.077465 0.000000 0.000000 0.077465 0.000000 0.000000 0.077465 0.000000 0.000000
0 0.86336714 0.6405517 0.009533451 0.018333334 0.077465 0.000000 0.000000 0.077465 0.000000 0.000000 0.077465 0.000000 0.000000 0.077465 0.000000 0.000000 0.077465 0.000000 0.000000 0.077465 0.000000 0.000000 0.077465 0.000000 0.000000 0.077465 0.000000 0.000000 0.077465 0.000000 0.000000 0.077465 0.000000 0.000000 0.077465 0.000000 0.000000 0.077465 0.000000 0.000000 0.077465 0.000000 0.000000 0.077465 0.000000 0.000000 0.077465 0.000000 0.000000 0.077465 0.000000 0.000000 0.077465 0.000000 0.000000