0 0.6706133 0.40841404 0.07889063 0.33873436 0.662598 0.368750 2.000000 0.668750 0.348437 2.000000 0.658203 0.348437 2.000000 0.289941 0.000000 0.000000 0.289941 0.000000 0.000000 0.289941 0.000000 0.000000 0.289941 0.000000 0.000000 0.683691 0.564062 2.000000 0.289941 0.000000 0.000000 0.669629 0.443750 2.000000 0.289941 0.000000 0.000000 0.289941 0.000000 0.000000 0.289941 0.000000 0.000000 0.289941 0.000000 0.000000 0.289941 0.000000 0.000000 0.289941 0.000000 0.000000 0.289941 0.000000 0.000000
0 0.3477163 0.6494297 0.112016596 0.18829687 0.289941 0.000000 0.000000 0.289941 0.000000 0.000000 0.289941 0.000000 0.000000 0.289941 0.000000 0.000000 0.289941 0.000000 0.000000 0.289941 0.000000 0.000000 0.289941 0.000000 0.000000 0.289941 0.000000 0.000000 0.289941 0.000000 0.000000 0.313672 0.625000 2.000000 0.289941 0.000000 0.000000 0.289941 0.000000 0.000000 0.289941 0.000000 0.000000 0.289941 0.000000 0.000000 0.289941 0.000000 0.000000 0.289941 0.000000 0.000000 0.289941 0.000000 0.000000
0 0.32704884 0.4436719 0.074214846 0.26896873 0.344434 0.371875 2.000000 0.289941 0.000000 0.000000 0.330371 0.362500 2.000000 0.289941 0.000000 0.000000 0.298730 0.382812 2.000000 0.313672 0.451562 2.000000 0.289941 0.000000 0.000000 0.289941 0.000000 0.000000 0.289941 0.000000 0.000000 0.289941 0.000000 0.000000 0.289941 0.000000 0.000000 0.289941 0.000000 0.000000 0.289941 0.000000 0.000000 0.289941 0.000000 0.000000 0.289941 0.000000 0.000000 0.289941 0.000000 0.000000 0.289941 0.000000 0.000000
0 0.6223877 0.4359531 0.09859571 0.37303126 0.614258 0.334375 2.000000 0.625684 0.317187 2.000000 0.608105 0.323438 2.000000 0.289941 0.000000 0.000000 0.289941 0.000000 0.000000 0.660840 0.396875 1.000000 0.620410 0.398438 2.000000 0.635352 0.584375 2.000000 0.608105 0.512500 2.000000 0.585254 0.582812 1.000000 0.577344 0.546875 1.000000 0.616016 0.598437 1.000000 0.599316 0.579687 1.000000 0.289941 0.000000 0.000000 0.289941 0.000000 0.000000 0.289941 0.000000 0.000000 0.289941 0.000000 0.000000
0 0.37123585 0.42007813 0.02445996 0.14306249 0.373437 0.387500 2.000000 0.289941 0.000000 0.000000 0.369922 0.382812 2.000000 0.289941 0.000000 0.000000 0.359375 0.382812 1.000000 0.364648 0.415625 2.000000 0.289941 0.000000 0.000000 0.289941 0.000000 0.000000 0.289941 0.000000 0.000000 0.289941 0.000000 0.000000 0.289941 0.000000 0.000000 0.289941 0.000000 0.000000 0.289941 0.000000 0.000000 0.289941 0.000000 0.000000 0.289941 0.000000 0.000000 0.289941 0.000000 0.000000 0.289941 0.000000 0.000000
0 0.3951201 0.3977891 0.03930469 0.07773437 0.289941 0.000000 0.000000 0.289941 0.000000 0.000000 0.289941 0.000000 0.000000 0.289941 0.000000 0.000000 0.289941 0.000000 0.000000 0.400684 0.395312 2.000000 0.289941 0.000000 0.000000 0.389258 0.421875 2.000000 0.289941 0.000000 0.000000 0.382227 0.396875 2.000000 0.289941 0.000000 0.000000 0.289941 0.000000 0.000000 0.289941 0.000000 0.000000 0.289941 0.000000 0.000000 0.289941 0.000000 0.000000 0.289941 0.000000 0.000000 0.289941 0.000000 0.000000
0 0.56274956 0.44182032 0.092083 0.20464063 0.553613 0.409375 2.000000 0.556250 0.398438 2.000000 0.289941 0.000000 0.000000 0.573828 0.403125 2.000000 0.289941 0.000000 0.000000 0.589648 0.443750 2.000000 0.591406 0.440625 2.000000 0.564160 0.529688 2.000000 0.289941 0.000000 0.000000 0.533398 0.493750 2.000000 0.289941 0.000000 0.000000 0.590527 0.584375 1.000000 0.289941 0.000000 0.000000 0.289941 0.000000 0.000000 0.289941 0.000000 0.000000 0.289941 0.000000 0.000000 0.289941 0.000000 0.000000
0 0.5167607 0.41130468 0.050589845 0.14785938 0.500879 0.382812 2.000000 0.503516 0.375000 2.000000 0.498242 0.376563 2.000000 0.518457 0.379687 2.000000 0.289941 0.000000 0.000000 0.533398 0.417188 1.000000 0.505273 0.412500 2.000000 0.525488 0.485938 1.000000 0.289941 0.000000 0.000000 0.488574 0.456250 1.000000 0.289941 0.000000 0.000000 0.289941 0.000000 0.000000 0.289941 0.000000 0.000000 0.289941 0.000000 0.000000 0.289941 0.000000 0.000000 0.289941 0.000000 0.000000 0.289941 0.000000 0.000000
0 0.5570322 0.3366328 0.020882813 0.036421876 0.289941 0.000000 0.000000 0.289941 0.000000 0.000000 0.289941 0.000000 0.000000 0.289941 0.000000 0.000000 0.289941 0.000000 0.000000 0.289941 0.000000 0.000000 0.289941 0.000000 0.000000 0.289941 0.000000 0.000000 0.289941 0.000000 0.000000 0.289941 0.000000 0.000000 0.289941 0.000000 0.000000 0.289941 0.000000 0.000000 0.289941 0.000000 0.000000 0.289941 0.000000 0.000000 0.289941 0.000000 0.000000 0.289941 0.000000 0.000000 0.289941 0.000000 0.000000
0 0.5980376 0.3555078 0.040491212 0.14198437 0.579102 0.318750 2.000000 0.582617 0.310937 2.000000 0.289941 0.000000 0.000000 0.592285 0.310937 2.000000 0.289941 0.000000 0.000000 0.592285 0.346875 1.000000 0.608105 0.342187 1.000000 0.289941 0.000000 0.000000 0.289941 0.000000 0.000000 0.289941 0.000000 0.000000 0.289941 0.000000 0.000000 0.289941 0.000000 0.000000 0.289941 0.000000 0.000000 0.289941 0.000000 0.000000 0.289941 0.000000 0.000000 0.289941 0.000000 0.000000 0.289941 0.000000 0.000000
0 0.40869483 0.3935625 0.020944335 0.054343745 0.289941 0.000000 0.000000 0.289941 0.000000 0.000000 0.289941 0.000000 0.000000 0.289941 0.000000 0.000000 0.289941 0.000000 0.000000 0.289941 0.000000 0.000000 0.289941 0.000000 0.000000 0.289941 0.000000 0.000000 0.289941 0.000000 0.000000 0.289941 0.000000 0.000000 0.289941 0.000000 0.000000 0.289941 0.000000 0.000000 0.289941 0.000000 0.000000 0.289941 0.000000 0.000000 0.289941 0.000000 0.000000 0.289941 0.000000 0.000000 0.289941 0.000000 0.000000
0 0.3569888 0.42782032 0.025743164 0.14664063 0.289941 0.000000 0.000000 0.289941 0.000000 0.000000 0.289941 0.000000 0.000000 0.289941 0.000000 0.000000 0.289941 0.000000 0.000000 0.355859 0.429688 2.000000 0.340918 0.435937 1.000000 0.289941 0.000000 0.000000 0.289941 0.000000 0.000000 0.289941 0.000000 0.000000 0.289941 0.000000 0.000000 0.369922 0.514063 1.000000 0.355859 0.523438 1.000000 0.289941 0.000000 0.000000 0.289941 0.000000 0.000000 0.289941 0.000000 0.000000 0.289941 0.000000 0.000000
0 0.67944187 0.6171875 0.061233398 0.1015625 0.289941 0.000000 0.000000 0.289941 0.000000 0.000000 0.289941 0.000000 0.000000 0.289941 0.000000 0.000000 0.289941 0.000000 0.000000 0.289941 0.000000 0.000000 0.289941 0.000000 0.000000 0.289941 0.000000 0.000000 0.289941 0.000000 0.000000 0.289941 0.000000 0.000000 0.707422 0.621875 2.000000 0.289941 0.000000 0.000000 0.289941 0.000000 0.000000 0.289941 0.000000 0.000000 0.289941 0.000000 0.000000 0.289941 0.000000 0.000000 0.289941 0.000000 0.000000
0 0.47407228 0.3828125 0.3665039 0.2375 0.289941 0.000000 0.000000 0.289941 0.000000 0.000000 0.289941 0.000000 0.000000 0.289941 0.000000 0.000000 0.289941 0.000000 0.000000 0.289941 0.000000 0.000000 0.289941 0.000000 0.000000 0.289941 0.000000 0.000000 0.289941 0.000000 0.000000 0.289941 0.000000 0.000000 0.289941 0.000000 0.000000 0.289941 0.000000 0.000000 0.289941 0.000000 0.000000 0.289941 0.000000 0.000000 0.289941 0.000000 0.000000 0.289941 0.000000 0.000000 0.289941 0.000000 0.000000