0 0.67420363 0.56715626 0.07346777 0.23912498 0.665234 0.510938 2.000000 0.667871 0.496875 2.000000 0.654688 0.509375 2.000000 0.677539 0.485938 2.000000 0.648535 0.514063 2.000000 0.697754 0.551562 2.000000 0.671387 0.523438 2.000000 0.678418 0.653125 2.000000 0.289062 0.000000 0.000000 0.289062 0.000000 0.000000 0.289062 0.000000 0.000000 0.289062 0.000000 0.000000 0.289062 0.000000 0.000000 0.289062 0.000000 0.000000 0.289062 0.000000 0.000000 0.289062 0.000000 0.000000 0.289062 0.000000 0.000000
0 0.31242383 0.56084377 0.04528125 0.19646876 0.289062 0.000000 0.000000 0.289062 0.000000 0.000000 0.289062 0.000000 0.000000 0.289062 0.000000 0.000000 0.289062 0.000000 0.000000 0.303125 0.557813 2.000000 0.290820 0.582812 2.000000 0.289062 0.000000 0.000000 0.296094 0.667188 1.000000 0.289062 0.000000 0.000000 0.320703 0.607813 2.000000 0.289062 0.000000 0.000000 0.289062 0.000000 0.000000 0.289062 0.000000 0.000000 0.289062 0.000000 0.000000 0.289062 0.000000 0.000000 0.289062 0.000000 0.000000
0 0.4033203 0.5243281 0.058693357 0.12893748 0.289062 0.000000 0.000000 0.289062 0.000000 0.000000 0.289062 0.000000 0.000000 0.289062 0.000000 0.000000 0.430566 0.498437 2.000000 0.403320 0.501562 2.000000 0.401563 0.504687 2.000000 0.398926 0.567187 2.000000 0.388379 0.578125 2.000000 0.417383 0.554688 2.000000 0.289062 0.000000 0.000000 0.376953 0.618750 1.000000 0.380469 0.614062 1.000000 0.289062 0.000000 0.000000 0.289062 0.000000 0.000000 0.289062 0.000000 0.000000 0.289062 0.000000 0.000000
0 0.6134492 0.4811641 0.03533203 0.09542187 0.607227 0.457812 2.000000 0.609863 0.453125 2.000000 0.289062 0.000000 0.000000 0.618652 0.457812 2.000000 0.289062 0.000000 0.000000 0.625684 0.481250 2.000000 0.615137 0.478125 2.000000 0.606348 0.525000 2.000000 0.601074 0.525000 2.000000 0.605469 0.495313 2.000000 0.602832 0.493750 2.000000 0.289062 0.000000 0.000000 0.289062 0.000000 0.000000 0.289062 0.000000 0.000000 0.289062 0.000000 0.000000 0.289062 0.000000 0.000000 0.289062 0.000000 0.000000
0 0.56987303 0.48932818 0.040816408 0.073343754 0.289062 0.000000 0.000000 0.289062 0.000000 0.000000 0.289062 0.000000 0.000000 0.289062 0.000000 0.000000 0.289062 0.000000 0.000000 0.289062 0.000000 0.000000 0.289062 0.000000 0.000000 0.289062 0.000000 0.000000 0.289062 0.000000 0.000000 0.289062 0.000000 0.000000 0.289062 0.000000 0.000000 0.289062 0.000000 0.000000 0.289062 0.000000 0.000000 0.289062 0.000000 0.000000 0.289062 0.000000 0.000000 0.289062 0.000000 0.000000 0.289062 0.000000 0.000000
0 0.49106592 0.4650625 0.035147466 0.102874994 0.496484 0.434375 2.000000 0.498242 0.431250 2.000000 0.493848 0.431250 2.000000 0.289062 0.000000 0.000000 0.488574 0.429688 2.000000 0.506152 0.454688 2.000000 0.481543 0.457812 2.000000 0.509668 0.475000 1.000000 0.476270 0.485938 2.000000 0.499121 0.478125 2.000000 0.478027 0.506250 2.000000 0.502637 0.515625 1.000000 0.487695 0.515625 1.000000 0.289062 0.000000 0.000000 0.289062 0.000000 0.000000 0.289062 0.000000 0.000000 0.289062 0.000000 0.000000
0 0.6498271 0.42120314 0.022007814 0.061625 0.289062 0.000000 0.000000 0.289062 0.000000 0.000000 0.289062 0.000000 0.000000 0.289062 0.000000 0.000000 0.289062 0.000000 0.000000 0.289062 0.000000 0.000000 0.289062 0.000000 0.000000 0.289062 0.000000 0.000000 0.289062 0.000000 0.000000 0.289062 0.000000 0.000000 0.289062 0.000000 0.000000 0.289062 0.000000 0.000000 0.289062 0.000000 0.000000 0.289062 0.000000 0.000000 0.289062 0.000000 0.000000 0.289062 0.000000 0.000000 0.289062 0.000000 0.000000
0 0.6251255 0.4313672 0.021295898 0.047609374 0.289062 0.000000 0.000000 0.289062 0.000000 0.000000 0.289062 0.000000 0.000000 0.289062 0.000000 0.000000 0.289062 0.000000 0.000000 0.289062 0.000000 0.000000 0.289062 0.000000 0.000000 0.289062 0.000000 0.000000 0.289062 0.000000 0.000000 0.289062 0.000000 0.000000 0.289062 0.000000 0.000000 0.289062 0.000000 0.000000 0.289062 0.000000 0.000000 0.289062 0.000000 0.000000 0.289062 0.000000 0.000000 0.289062 0.000000 0.000000 0.289062 0.000000 0.000000
0 0.34835795 0.52726567 0.05942285 0.22496875 0.341797 0.478125 2.000000 0.347949 0.465625 2.000000 0.334766 0.464063 2.000000 0.356738 0.460938 2.000000 0.325098 0.457812 1.000000 0.356738 0.523438 2.000000 0.318945 0.523438 1.000000 0.289062 0.000000 0.000000 0.330371 0.617188 1.000000 0.289062 0.000000 0.000000 0.367285 0.614062 1.000000 0.289062 0.000000 0.000000 0.289062 0.000000 0.000000 0.289062 0.000000 0.000000 0.289062 0.000000 0.000000 0.289062 0.000000 0.000000 0.289062 0.000000 0.000000
0 0.39941797 0.48081246 0.04368164 0.078125 0.289062 0.000000 0.000000 0.289062 0.000000 0.000000 0.289062 0.000000 0.000000 0.289062 0.000000 0.000000 0.289062 0.000000 0.000000 0.289062 0.000000 0.000000 0.289062 0.000000 0.000000 0.289062 0.000000 0.000000 0.289062 0.000000 0.000000 0.289062 0.000000 0.000000 0.289062 0.000000 0.000000 0.289062 0.000000 0.000000 0.289062 0.000000 0.000000 0.289062 0.000000 0.000000 0.289062 0.000000 0.000000 0.289062 0.000000 0.000000 0.289062 0.000000 0.000000
0 0.66926414 0.4140703 0.022631835 0.056140624 0.289062 0.000000 0.000000 0.289062 0.000000 0.000000 0.289062 0.000000 0.000000 0.289062 0.000000 0.000000 0.289062 0.000000 0.000000 0.289062 0.000000 0.000000 0.289062 0.000000 0.000000 0.289062 0.000000 0.000000 0.289062 0.000000 0.000000 0.289062 0.000000 0.000000 0.289062 0.000000 0.000000 0.289062 0.000000 0.000000 0.289062 0.000000 0.000000 0.289062 0.000000 0.000000 0.289062 0.000000 0.000000 0.289062 0.000000 0.000000 0.289062 0.000000 0.000000
0 0.69331986 0.48306248 0.035235353 0.07515625 0.289062 0.000000 0.000000 0.688086 0.485938 2.000000 0.289062 0.000000 0.000000 0.702148 0.484375 2.000000 0.289062 0.000000 0.000000 0.289062 0.000000 0.000000 0.289062 0.000000 0.000000 0.289062 0.000000 0.000000 0.289062 0.000000 0.000000 0.289062 0.000000 0.000000 0.289062 0.000000 0.000000 0.289062 0.000000 0.000000 0.289062 0.000000 0.000000 0.289062 0.000000 0.000000 0.289062 0.000000 0.000000 0.289062 0.000000 0.000000 0.289062 0.000000 0.000000
0 0.43743506 0.51478904 0.042125978 0.06823438 0.289062 0.000000 0.000000 0.289062 0.000000 0.000000 0.289062 0.000000 0.000000 0.289062 0.000000 0.000000 0.289062 0.000000 0.000000 0.289062 0.000000 0.000000 0.289062 0.000000 0.000000 0.289062 0.000000 0.000000 0.289062 0.000000 0.000000 0.289062 0.000000 0.000000 0.289062 0.000000 0.000000 0.289062 0.000000 0.000000 0.289062 0.000000 0.000000 0.289062 0.000000 0.000000 0.289062 0.000000 0.000000 0.289062 0.000000 0.000000 0.289062 0.000000 0.000000