0 0.16564842 0.6383841 0.046817914 0.2615457 0.078454 0.000000 0.000000 0.078454 0.000000 0.000000 0.078454 0.000000 0.000000 0.161446 0.533958 2.000000 0.175937 0.538642 2.000000 0.149590 0.566745 2.000000 0.173302 0.566745 2.000000 0.145638 0.606557 2.000000 0.182523 0.608899 2.000000 0.078454 0.000000 0.000000 0.186475 0.632318 2.000000 0.154859 0.639344 2.000000 0.173302 0.639344 2.000000 0.157494 0.707260 2.000000 0.175937 0.686183 2.000000 0.160129 0.754098 2.000000 0.170667 0.730679 2.000000
0 0.81606704 0.6297424 0.05229801 0.29138172 0.078454 0.000000 0.000000 0.078454 0.000000 0.000000 0.078454 0.000000 0.000000 0.078454 0.000000 0.000000 0.078454 0.000000 0.000000 0.796399 0.536300 2.000000 0.824063 0.536300 2.000000 0.078454 0.000000 0.000000 0.834602 0.571429 2.000000 0.078454 0.000000 0.000000 0.078454 0.000000 0.000000 0.804303 0.597190 2.000000 0.817477 0.594848 2.000000 0.808255 0.674473 2.000000 0.822746 0.674473 2.000000 0.809573 0.735363 2.000000 0.821429 0.730679 2.000000
0 0.7699341 0.6180445 0.04918911 0.2701405 0.777957 0.503513 2.000000 0.779274 0.496487 2.000000 0.774005 0.496487 2.000000 0.078454 0.000000 0.000000 0.768735 0.505855 2.000000 0.783226 0.526932 2.000000 0.755562 0.533958 2.000000 0.078454 0.000000 0.000000 0.751610 0.564403 2.000000 0.078454 0.000000 0.000000 0.770053 0.569087 2.000000 0.781909 0.604215 2.000000 0.762149 0.606557 2.000000 0.781909 0.672131 2.000000 0.759514 0.669789 2.000000 0.781909 0.721311 2.000000 0.759514 0.718970 2.000000
0 0.5135224 0.45944965 0.036582258 0.099461354 0.078454 0.000000 0.000000 0.078454 0.000000 0.000000 0.078454 0.000000 0.000000 0.078454 0.000000 0.000000 0.078454 0.000000 0.000000 0.078454 0.000000 0.000000 0.078454 0.000000 0.000000 0.078454 0.000000 0.000000 0.078454 0.000000 0.000000 0.078454 0.000000 0.000000 0.078454 0.000000 0.000000 0.078454 0.000000 0.000000 0.078454 0.000000 0.000000 0.078454 0.000000 0.000000 0.078454 0.000000 0.000000 0.078454 0.000000 0.000000 0.078454 0.000000 0.000000
0 0.36671913 0.58007026 0.011315866 0.033723652 0.078454 0.000000 0.000000 0.078454 0.000000 0.000000 0.078454 0.000000 0.000000 0.078454 0.000000 0.000000 0.078454 0.000000 0.000000 0.078454 0.000000 0.000000 0.078454 0.000000 0.000000 0.078454 0.000000 0.000000 0.078454 0.000000 0.000000 0.078454 0.000000 0.000000 0.078454 0.000000 0.000000 0.078454 0.000000 0.000000 0.078454 0.000000 0.000000 0.078454 0.000000 0.000000 0.078454 0.000000 0.000000 0.078454 0.000000 0.000000 0.078454 0.000000 0.000000
0 0.6679333 0.6177518 0.02879684 0.18163934 0.078454 0.000000 0.000000 0.078454 0.000000 0.000000 0.078454 0.000000 0.000000 0.078454 0.000000 0.000000 0.078454 0.000000 0.000000 0.078454 0.000000 0.000000 0.078454 0.000000 0.000000 0.078454 0.000000 0.000000 0.078454 0.000000 0.000000 0.078454 0.000000 0.000000 0.078454 0.000000 0.000000 0.078454 0.000000 0.000000 0.078454 0.000000 0.000000 0.078454 0.000000 0.000000 0.078454 0.000000 0.000000 0.078454 0.000000 0.000000 0.078454 0.000000 0.000000
0 0.580311 0.45701408 0.05318062 0.12470726 0.078454 0.000000 0.000000 0.078454 0.000000 0.000000 0.078454 0.000000 0.000000 0.078454 0.000000 0.000000 0.078454 0.000000 0.000000 0.556645 0.449649 2.000000 0.582992 0.449649 2.000000 0.078454 0.000000 0.000000 0.594848 0.477752 2.000000 0.078454 0.000000 0.000000 0.602752 0.519906 1.000000 0.564549 0.529274 1.000000 0.586944 0.526932 1.000000 0.078454 0.000000 0.000000 0.078454 0.000000 0.000000 0.078454 0.000000 0.000000 0.078454 0.000000 0.000000
0 0.24126318 0.61168617 0.010723068 0.08112412 0.078454 0.000000 0.000000 0.078454 0.000000 0.000000 0.078454 0.000000 0.000000 0.078454 0.000000 0.000000 0.078454 0.000000 0.000000 0.078454 0.000000 0.000000 0.078454 0.000000 0.000000 0.078454 0.000000 0.000000 0.078454 0.000000 0.000000 0.078454 0.000000 0.000000 0.078454 0.000000 0.000000 0.078454 0.000000 0.000000 0.078454 0.000000 0.000000 0.078454 0.000000 0.000000 0.078454 0.000000 0.000000 0.078454 0.000000 0.000000 0.078454 0.000000 0.000000
0 0.3439293 0.58279854 0.0076009952 0.03740047 0.078454 0.000000 0.000000 0.078454 0.000000 0.000000 0.078454 0.000000 0.000000 0.078454 0.000000 0.000000 0.078454 0.000000 0.000000 0.078454 0.000000 0.000000 0.078454 0.000000 0.000000 0.078454 0.000000 0.000000 0.078454 0.000000 0.000000 0.078454 0.000000 0.000000 0.078454 0.000000 0.000000 0.078454 0.000000 0.000000 0.078454 0.000000 0.000000 0.078454 0.000000 0.000000 0.078454 0.000000 0.000000 0.078454 0.000000 0.000000 0.078454 0.000000 0.000000
0 0.25929084 0.6032436 0.006415398 0.06822014 0.078454 0.000000 0.000000 0.078454 0.000000 0.000000 0.078454 0.000000 0.000000 0.078454 0.000000 0.000000 0.078454 0.000000 0.000000 0.078454 0.000000 0.000000 0.078454 0.000000 0.000000 0.078454 0.000000 0.000000 0.078454 0.000000 0.000000 0.078454 0.000000 0.000000 0.078454 0.000000 0.000000 0.078454 0.000000 0.000000 0.078454 0.000000 0.000000 0.078454 0.000000 0.000000 0.078454 0.000000 0.000000 0.078454 0.000000 0.000000 0.078454 0.000000 0.000000
0 0.09206894 0.5942974 0.021485655 0.060070258 0.078454 0.000000 0.000000 0.078454 0.000000 0.000000 0.078454 0.000000 0.000000 0.078454 0.000000 0.000000 0.078454 0.000000 0.000000 0.078454 0.000000 0.000000 0.078454 0.000000 0.000000 0.078454 0.000000 0.000000 0.078454 0.000000 0.000000 0.078454 0.000000 0.000000 0.078454 0.000000 0.000000 0.078454 0.000000 0.000000 0.078454 0.000000 0.000000 0.078454 0.000000 0.000000 0.078454 0.000000 0.000000 0.078454 0.000000 0.000000 0.078454 0.000000 0.000000