0 0.26278135 0.7980815 0.03898414 0.15574017 0.075151 0.000000 0.000000 0.075151 0.000000 0.000000 0.075151 0.000000 0.000000 0.075151 0.000000 0.000000 0.075151 0.000000 0.000000 0.075151 0.000000 0.000000 0.075151 0.000000 0.000000 0.075151 0.000000 0.000000 0.075151 0.000000 0.000000 0.075151 0.000000 0.000000 0.075151 0.000000 0.000000 0.075151 0.000000 0.000000 0.075151 0.000000 0.000000 0.075151 0.000000 0.000000 0.075151 0.000000 0.000000 0.075151 0.000000 0.000000 0.075151 0.000000 0.000000
0 0.6318561 0.7023414 0.016042296 0.07924471 0.075151 0.000000 0.000000 0.075151 0.000000 0.000000 0.075151 0.000000 0.000000 0.075151 0.000000 0.000000 0.075151 0.000000 0.000000 0.075151 0.000000 0.000000 0.075151 0.000000 0.000000 0.075151 0.000000 0.000000 0.075151 0.000000 0.000000 0.075151 0.000000 0.000000 0.075151 0.000000 0.000000 0.075151 0.000000 0.000000 0.075151 0.000000 0.000000 0.075151 0.000000 0.000000 0.075151 0.000000 0.000000 0.075151 0.000000 0.000000 0.075151 0.000000 0.000000
0 0.3241805 0.77651054 0.026714502 0.16093655 0.075151 0.000000 0.000000 0.075151 0.000000 0.000000 0.075151 0.000000 0.000000 0.075151 0.000000 0.000000 0.075151 0.000000 0.000000 0.075151 0.000000 0.000000 0.075151 0.000000 0.000000 0.075151 0.000000 0.000000 0.075151 0.000000 0.000000 0.075151 0.000000 0.000000 0.075151 0.000000 0.000000 0.075151 0.000000 0.000000 0.075151 0.000000 0.000000 0.075151 0.000000 0.000000 0.075151 0.000000 0.000000 0.075151 0.000000 0.000000 0.075151 0.000000 0.000000
0 0.79187965 0.8000453 0.041686177 0.17459214 0.075151 0.000000 0.000000 0.075151 0.000000 0.000000 0.075151 0.000000 0.000000 0.075151 0.000000 0.000000 0.075151 0.000000 0.000000 0.075151 0.000000 0.000000 0.075151 0.000000 0.000000 0.075151 0.000000 0.000000 0.075151 0.000000 0.000000 0.075151 0.000000 0.000000 0.075151 0.000000 0.000000 0.075151 0.000000 0.000000 0.075151 0.000000 0.000000 0.075151 0.000000 0.000000 0.075151 0.000000 0.000000 0.075151 0.000000 0.000000 0.075151 0.000000 0.000000
0 0.19966578 0.8013897 0.04204305 0.19154078 0.075151 0.000000 0.000000 0.075151 0.000000 0.000000 0.075151 0.000000 0.000000 0.075151 0.000000 0.000000 0.075151 0.000000 0.000000 0.075151 0.000000 0.000000 0.075151 0.000000 0.000000 0.075151 0.000000 0.000000 0.075151 0.000000 0.000000 0.075151 0.000000 0.000000 0.075151 0.000000 0.000000 0.075151 0.000000 0.000000 0.075151 0.000000 0.000000 0.075151 0.000000 0.000000 0.075151 0.000000 0.000000 0.075151 0.000000 0.000000 0.075151 0.000000 0.000000
0 0.60573643 0.793142 0.047820993 0.18435045 0.075151 0.000000 0.000000 0.075151 0.000000 0.000000 0.075151 0.000000 0.000000 0.075151 0.000000 0.000000 0.075151 0.000000 0.000000 0.075151 0.000000 0.000000 0.075151 0.000000 0.000000 0.075151 0.000000 0.000000 0.075151 0.000000 0.000000 0.075151 0.000000 0.000000 0.075151 0.000000 0.000000 0.075151 0.000000 0.000000 0.075151 0.000000 0.000000 0.075151 0.000000 0.000000 0.075151 0.000000 0.000000 0.075151 0.000000 0.000000 0.075151 0.000000 0.000000
0 0.16837989 0.7887009 0.0357213 0.1618127 0.075151 0.000000 0.000000 0.075151 0.000000 0.000000 0.075151 0.000000 0.000000 0.075151 0.000000 0.000000 0.075151 0.000000 0.000000 0.075151 0.000000 0.000000 0.075151 0.000000 0.000000 0.075151 0.000000 0.000000 0.075151 0.000000 0.000000 0.075151 0.000000 0.000000 0.075151 0.000000 0.000000 0.075151 0.000000 0.000000 0.075151 0.000000 0.000000 0.075151 0.000000 0.000000 0.075151 0.000000 0.000000 0.075151 0.000000 0.000000 0.075151 0.000000 0.000000
0 0.39467144 0.767719 0.030589124 0.14734139 0.075151 0.000000 0.000000 0.075151 0.000000 0.000000 0.075151 0.000000 0.000000 0.075151 0.000000 0.000000 0.075151 0.000000 0.000000 0.075151 0.000000 0.000000 0.075151 0.000000 0.000000 0.075151 0.000000 0.000000 0.075151 0.000000 0.000000 0.075151 0.000000 0.000000 0.075151 0.000000 0.000000 0.075151 0.000000 0.000000 0.075151 0.000000 0.000000 0.075151 0.000000 0.000000 0.075151 0.000000 0.000000 0.075151 0.000000 0.000000 0.075151 0.000000 0.000000
0 0.706502 0.78436553 0.02768316 0.1674018 0.075151 0.000000 0.000000 0.075151 0.000000 0.000000 0.075151 0.000000 0.000000 0.075151 0.000000 0.000000 0.075151 0.000000 0.000000 0.075151 0.000000 0.000000 0.075151 0.000000 0.000000 0.075151 0.000000 0.000000 0.075151 0.000000 0.000000 0.075151 0.000000 0.000000 0.075151 0.000000 0.000000 0.075151 0.000000 0.000000 0.075151 0.000000 0.000000 0.075151 0.000000 0.000000 0.075151 0.000000 0.000000 0.075151 0.000000 0.000000 0.075151 0.000000 0.000000
0 0.58366126 0.72549844 0.026986403 0.089184284 0.075151 0.000000 0.000000 0.075151 0.000000 0.000000 0.075151 0.000000 0.000000 0.075151 0.000000 0.000000 0.075151 0.000000 0.000000 0.075151 0.000000 0.000000 0.075151 0.000000 0.000000 0.075151 0.000000 0.000000 0.075151 0.000000 0.000000 0.075151 0.000000 0.000000 0.075151 0.000000 0.000000 0.075151 0.000000 0.000000 0.075151 0.000000 0.000000 0.075151 0.000000 0.000000 0.075151 0.000000 0.000000 0.075151 0.000000 0.000000 0.075151 0.000000 0.000000
0 0.5896431 0.7812084 0.017163897 0.16628398 0.075151 0.000000 0.000000 0.075151 0.000000 0.000000 0.075151 0.000000 0.000000 0.075151 0.000000 0.000000 0.075151 0.000000 0.000000 0.075151 0.000000 0.000000 0.075151 0.000000 0.000000 0.075151 0.000000 0.000000 0.075151 0.000000 0.000000 0.075151 0.000000 0.000000 0.075151 0.000000 0.000000 0.075151 0.000000 0.000000 0.075151 0.000000 0.000000 0.075151 0.000000 0.000000 0.075151 0.000000 0.000000 0.075151 0.000000 0.000000 0.075151 0.000000 0.000000
0 0.8225538 0.797432 0.044881042 0.16042295 0.075151 0.000000 0.000000 0.075151 0.000000 0.000000 0.075151 0.000000 0.000000 0.075151 0.000000 0.000000 0.075151 0.000000 0.000000 0.075151 0.000000 0.000000 0.075151 0.000000 0.000000 0.075151 0.000000 0.000000 0.075151 0.000000 0.000000 0.075151 0.000000 0.000000 0.075151 0.000000 0.000000 0.075151 0.000000 0.000000 0.075151 0.000000 0.000000 0.075151 0.000000 0.000000 0.075151 0.000000 0.000000 0.075151 0.000000 0.000000 0.075151 0.000000 0.000000
0 0.6845969 0.7841843 0.03179569 0.18148035 0.075151 0.000000 0.000000 0.075151 0.000000 0.000000 0.075151 0.000000 0.000000 0.075151 0.000000 0.000000 0.075151 0.000000 0.000000 0.075151 0.000000 0.000000 0.075151 0.000000 0.000000 0.075151 0.000000 0.000000 0.075151 0.000000 0.000000 0.075151 0.000000 0.000000 0.075151 0.000000 0.000000 0.075151 0.000000 0.000000 0.075151 0.000000 0.000000 0.075151 0.000000 0.000000 0.075151 0.000000 0.000000 0.075151 0.000000 0.000000 0.075151 0.000000 0.000000
0 0.61555886 0.7915408 0.5268127 0.22356495 0.075151 0.000000 0.000000 0.075151 0.000000 0.000000 0.075151 0.000000 0.000000 0.075151 0.000000 0.000000 0.075151 0.000000 0.000000 0.075151 0.000000 0.000000 0.075151 0.000000 0.000000 0.075151 0.000000 0.000000 0.075151 0.000000 0.000000 0.075151 0.000000 0.000000 0.075151 0.000000 0.000000 0.075151 0.000000 0.000000 0.075151 0.000000 0.000000 0.075151 0.000000 0.000000 0.075151 0.000000 0.000000 0.075151 0.000000 0.000000 0.075151 0.000000 0.000000