0 0.47391847 0.57509375 0.13434082 0.56584376 0.312793 0.000000 0.000000 0.312793 0.000000 0.000000 0.312793 0.000000 0.000000 0.312793 0.000000 0.000000 0.312793 0.000000 0.000000 0.426172 0.426562 2.000000 0.501758 0.418750 2.000000 0.421777 0.498437 2.000000 0.526367 0.490625 2.000000 0.432324 0.565625 2.000000 0.511426 0.543750 2.000000 0.452539 0.584375 2.000000 0.492969 0.578125 2.000000 0.475391 0.700000 2.000000 0.492969 0.696875 2.000000 0.494727 0.815625 2.000000 0.507031 0.807813 2.000000
0 0.51124996 0.40377346 0.057128906 0.17107813 0.488574 0.364062 2.000000 0.493848 0.356250 2.000000 0.487695 0.356250 2.000000 0.507031 0.356250 2.000000 0.312793 0.000000 0.000000 0.505273 0.407813 1.000000 0.312793 0.000000 0.000000 0.312793 0.000000 0.000000 0.312793 0.000000 0.000000 0.312793 0.000000 0.000000 0.312793 0.000000 0.000000 0.509668 0.553125 1.000000 0.312793 0.000000 0.000000 0.312793 0.000000 0.000000 0.312793 0.000000 0.000000 0.312793 0.000000 0.000000 0.312793 0.000000 0.000000
0 0.62650543 0.5836406 0.055133786 0.26740623 0.312793 0.000000 0.000000 0.312793 0.000000 0.000000 0.312793 0.000000 0.000000 0.312793 0.000000 0.000000 0.312793 0.000000 0.000000 0.615137 0.503125 2.000000 0.643262 0.506250 2.000000 0.602832 0.540625 2.000000 0.650293 0.548437 2.000000 0.312793 0.000000 0.000000 0.644141 0.565625 2.000000 0.623926 0.575000 2.000000 0.638867 0.576563 2.000000 0.618652 0.634375 2.000000 0.635352 0.640625 2.000000 0.620410 0.676562 2.000000 0.640625 0.679688 2.000000
0 0.60357916 0.4422578 0.022166016 0.08392187 0.312793 0.000000 0.000000 0.312793 0.000000 0.000000 0.312793 0.000000 0.000000 0.312793 0.000000 0.000000 0.312793 0.000000 0.000000 0.312793 0.000000 0.000000 0.312793 0.000000 0.000000 0.312793 0.000000 0.000000 0.312793 0.000000 0.000000 0.312793 0.000000 0.000000 0.312793 0.000000 0.000000 0.312793 0.000000 0.000000 0.312793 0.000000 0.000000 0.312793 0.000000 0.000000 0.312793 0.000000 0.000000 0.312793 0.000000 0.000000 0.312793 0.000000 0.000000
0 0.61007863 0.37339061 0.0077431644 0.055624995 0.312793 0.000000 0.000000 0.312793 0.000000 0.000000 0.312793 0.000000 0.000000 0.312793 0.000000 0.000000 0.312793 0.000000 0.000000 0.312793 0.000000 0.000000 0.312793 0.000000 0.000000 0.312793 0.000000 0.000000 0.312793 0.000000 0.000000 0.312793 0.000000 0.000000 0.312793 0.000000 0.000000 0.312793 0.000000 0.000000 0.312793 0.000000 0.000000 0.312793 0.000000 0.000000 0.312793 0.000000 0.000000 0.312793 0.000000 0.000000 0.312793 0.000000 0.000000
0 0.55363965 0.37067187 0.02473242 0.08471876 0.312793 0.000000 0.000000 0.312793 0.000000 0.000000 0.312793 0.000000 0.000000 0.312793 0.000000 0.000000 0.312793 0.000000 0.000000 0.312793 0.000000 0.000000 0.312793 0.000000 0.000000 0.312793 0.000000 0.000000 0.312793 0.000000 0.000000 0.312793 0.000000 0.000000 0.312793 0.000000 0.000000 0.312793 0.000000 0.000000 0.312793 0.000000 0.000000 0.312793 0.000000 0.000000 0.312793 0.000000 0.000000 0.312793 0.000000 0.000000 0.312793 0.000000 0.000000
0 0.5825205 0.35752344 0.014976563 0.051484376 0.312793 0.000000 0.000000 0.312793 0.000000 0.000000 0.312793 0.000000 0.000000 0.312793 0.000000 0.000000 0.312793 0.000000 0.000000 0.312793 0.000000 0.000000 0.312793 0.000000 0.000000 0.312793 0.000000 0.000000 0.312793 0.000000 0.000000 0.312793 0.000000 0.000000 0.312793 0.000000 0.000000 0.312793 0.000000 0.000000 0.312793 0.000000 0.000000 0.312793 0.000000 0.000000 0.312793 0.000000 0.000000 0.312793 0.000000 0.000000 0.312793 0.000000 0.000000
0 0.5710552 0.34877345 0.011856445 0.06432813 0.312793 0.000000 0.000000 0.312793 0.000000 0.000000 0.312793 0.000000 0.000000 0.312793 0.000000 0.000000 0.312793 0.000000 0.000000 0.312793 0.000000 0.000000 0.312793 0.000000 0.000000 0.312793 0.000000 0.000000 0.312793 0.000000 0.000000 0.312793 0.000000 0.000000 0.312793 0.000000 0.000000 0.312793 0.000000 0.000000 0.312793 0.000000 0.000000 0.312793 0.000000 0.000000 0.312793 0.000000 0.000000 0.312793 0.000000 0.000000 0.312793 0.000000 0.000000
0 0.54119873 0.43402344 0.0308584 0.12157812 0.312793 0.000000 0.000000 0.312793 0.000000 0.000000 0.312793 0.000000 0.000000 0.312793 0.000000 0.000000 0.312793 0.000000 0.000000 0.312793 0.000000 0.000000 0.312793 0.000000 0.000000 0.312793 0.000000 0.000000 0.312793 0.000000 0.000000 0.312793 0.000000 0.000000 0.312793 0.000000 0.000000 0.312793 0.000000 0.000000 0.312793 0.000000 0.000000 0.312793 0.000000 0.000000 0.312793 0.000000 0.000000 0.312793 0.000000 0.000000 0.312793 0.000000 0.000000
0 0.54195017 0.35190624 0.019476563 0.072031245 0.312793 0.000000 0.000000 0.312793 0.000000 0.000000 0.312793 0.000000 0.000000 0.312793 0.000000 0.000000 0.312793 0.000000 0.000000 0.312793 0.000000 0.000000 0.312793 0.000000 0.000000 0.312793 0.000000 0.000000 0.312793 0.000000 0.000000 0.312793 0.000000 0.000000 0.312793 0.000000 0.000000 0.312793 0.000000 0.000000 0.312793 0.000000 0.000000 0.312793 0.000000 0.000000 0.312793 0.000000 0.000000 0.312793 0.000000 0.000000 0.312793 0.000000 0.000000
0 0.5204653 0.3126406 0.018958008 0.0716875 0.312793 0.000000 0.000000 0.312793 0.000000 0.000000 0.312793 0.000000 0.000000 0.312793 0.000000 0.000000 0.312793 0.000000 0.000000 0.312793 0.000000 0.000000 0.312793 0.000000 0.000000 0.312793 0.000000 0.000000 0.312793 0.000000 0.000000 0.312793 0.000000 0.000000 0.312793 0.000000 0.000000 0.312793 0.000000 0.000000 0.312793 0.000000 0.000000 0.312793 0.000000 0.000000 0.312793 0.000000 0.000000 0.312793 0.000000 0.000000 0.312793 0.000000 0.000000
0 0.6330796 0.3761719 0.010327148 0.0429375 0.312793 0.000000 0.000000 0.312793 0.000000 0.000000 0.312793 0.000000 0.000000 0.312793 0.000000 0.000000 0.312793 0.000000 0.000000 0.312793 0.000000 0.000000 0.312793 0.000000 0.000000 0.312793 0.000000 0.000000 0.312793 0.000000 0.000000 0.312793 0.000000 0.000000 0.312793 0.000000 0.000000 0.312793 0.000000 0.000000 0.312793 0.000000 0.000000 0.312793 0.000000 0.000000 0.312793 0.000000 0.000000 0.312793 0.000000 0.000000 0.312793 0.000000 0.000000
0 0.51278806 0.29707032 0.018017579 0.052265625 0.312793 0.000000 0.000000 0.312793 0.000000 0.000000 0.312793 0.000000 0.000000 0.312793 0.000000 0.000000 0.312793 0.000000 0.000000 0.312793 0.000000 0.000000 0.312793 0.000000 0.000000 0.312793 0.000000 0.000000 0.312793 0.000000 0.000000 0.312793 0.000000 0.000000 0.312793 0.000000 0.000000 0.312793 0.000000 0.000000 0.312793 0.000000 0.000000 0.312793 0.000000 0.000000 0.312793 0.000000 0.000000 0.312793 0.000000 0.000000 0.312793 0.000000 0.000000
0 0.52856445 0.46640626 0.21533203 0.5953125 0.312793 0.000000 0.000000 0.312793 0.000000 0.000000 0.312793 0.000000 0.000000 0.312793 0.000000 0.000000 0.312793 0.000000 0.000000 0.312793 0.000000 0.000000 0.312793 0.000000 0.000000 0.312793 0.000000 0.000000 0.312793 0.000000 0.000000 0.312793 0.000000 0.000000 0.312793 0.000000 0.000000 0.312793 0.000000 0.000000 0.312793 0.000000 0.000000 0.312793 0.000000 0.000000 0.312793 0.000000 0.000000 0.312793 0.000000 0.000000 0.312793 0.000000 0.000000