0 0.16102344 0.66324997 0.072046876 0.52641666 0.125000 0.000000 0.000000 0.125000 0.000000 0.000000 0.125000 0.000000 0.000000 0.125000 0.000000 0.000000 0.149609 0.443750 2.000000 0.125000 0.000000 0.000000 0.163672 0.506250 2.000000 0.125000 0.000000 0.000000 0.183594 0.595833 2.000000 0.125000 0.000000 0.000000 0.157813 0.666667 2.000000 0.126172 0.635417 2.000000 0.166016 0.631250 2.000000 0.141406 0.758333 2.000000 0.177734 0.762500 2.000000 0.146094 0.875000 2.000000 0.173047 0.887500 2.000000
0 0.40446287 0.27202085 0.01817578 0.07079167 0.125000 0.000000 0.000000 0.125000 0.000000 0.000000 0.125000 0.000000 0.000000 0.125000 0.000000 0.000000 0.125000 0.000000 0.000000 0.125000 0.000000 0.000000 0.125000 0.000000 0.000000 0.125000 0.000000 0.000000 0.125000 0.000000 0.000000 0.125000 0.000000 0.000000 0.125000 0.000000 0.000000 0.125000 0.000000 0.000000 0.125000 0.000000 0.000000 0.125000 0.000000 0.000000 0.125000 0.000000 0.000000 0.125000 0.000000 0.000000 0.125000 0.000000 0.000000
0 0.74263674 0.53725 0.07059375 0.21266668 0.125000 0.000000 0.000000 0.125000 0.000000 0.000000 0.125000 0.000000 0.000000 0.744922 0.462500 2.000000 0.761328 0.460417 2.000000 0.743750 0.491667 2.000000 0.769531 0.483333 2.000000 0.740234 0.539583 1.000000 0.125000 0.000000 0.000000 0.727344 0.529167 2.000000 0.729688 0.522917 2.000000 0.755469 0.568750 1.000000 0.774219 0.568750 1.000000 0.741406 0.552083 2.000000 0.735547 0.545833 1.000000 0.751953 0.616667 2.000000 0.726172 0.597917 1.000000
0 0.24065822 0.58989584 0.09985547 0.49662498 0.125000 0.000000 0.000000 0.125000 0.000000 0.000000 0.125000 0.000000 0.000000 0.210547 0.391667 2.000000 0.125000 0.000000 0.000000 0.212891 0.447917 2.000000 0.256250 0.437500 2.000000 0.200000 0.550000 2.000000 0.280859 0.514583 2.000000 0.125000 0.000000 0.000000 0.125000 0.000000 0.000000 0.238672 0.572917 2.000000 0.260938 0.566667 2.000000 0.241016 0.714583 2.000000 0.259766 0.660417 2.000000 0.256250 0.802083 2.000000 0.269141 0.758333 2.000000
0 0.34794337 0.32738543 0.025769532 0.11810417 0.125000 0.000000 0.000000 0.125000 0.000000 0.000000 0.125000 0.000000 0.000000 0.125000 0.000000 0.000000 0.125000 0.000000 0.000000 0.125000 0.000000 0.000000 0.125000 0.000000 0.000000 0.125000 0.000000 0.000000 0.125000 0.000000 0.000000 0.125000 0.000000 0.000000 0.125000 0.000000 0.000000 0.125000 0.000000 0.000000 0.125000 0.000000 0.000000 0.125000 0.000000 0.000000 0.125000 0.000000 0.000000 0.125000 0.000000 0.000000 0.125000 0.000000 0.000000
0 0.27508202 0.3144896 0.027023437 0.11685417 0.125000 0.000000 0.000000 0.125000 0.000000 0.000000 0.125000 0.000000 0.000000 0.125000 0.000000 0.000000 0.125000 0.000000 0.000000 0.125000 0.000000 0.000000 0.125000 0.000000 0.000000 0.125000 0.000000 0.000000 0.125000 0.000000 0.000000 0.125000 0.000000 0.000000 0.125000 0.000000 0.000000 0.125000 0.000000 0.000000 0.125000 0.000000 0.000000 0.125000 0.000000 0.000000 0.125000 0.000000 0.000000 0.125000 0.000000 0.000000 0.125000 0.000000 0.000000
0 0.6827188 0.51033336 0.060421877 0.18262501 0.125000 0.000000 0.000000 0.125000 0.000000 0.000000 0.125000 0.000000 0.000000 0.125000 0.000000 0.000000 0.125000 0.000000 0.000000 0.665234 0.464583 2.000000 0.678125 0.472917 2.000000 0.125000 0.000000 0.000000 0.665234 0.510417 2.000000 0.125000 0.000000 0.000000 0.679297 0.510417 2.000000 0.661719 0.516667 1.000000 0.671094 0.527083 1.000000 0.695703 0.512500 2.000000 0.701563 0.537500 2.000000 0.696875 0.572917 2.000000 0.688672 0.587500 1.000000
0 0.8181289 0.5230625 0.103781246 0.190375 0.125000 0.000000 0.000000 0.125000 0.000000 0.000000 0.125000 0.000000 0.000000 0.845703 0.458333 2.000000 0.125000 0.000000 0.000000 0.839844 0.491667 2.000000 0.864453 0.487500 2.000000 0.819922 0.527083 2.000000 0.849219 0.479167 2.000000 0.809375 0.529167 2.000000 0.833984 0.479167 2.000000 0.832812 0.566667 2.000000 0.855078 0.564583 1.000000 0.801172 0.535417 2.000000 0.125000 0.000000 0.000000 0.787109 0.602083 1.000000 0.125000 0.000000 0.000000
0 0.36197656 0.30082294 0.018914063 0.1115625 0.125000 0.000000 0.000000 0.125000 0.000000 0.000000 0.125000 0.000000 0.000000 0.125000 0.000000 0.000000 0.125000 0.000000 0.000000 0.125000 0.000000 0.000000 0.125000 0.000000 0.000000 0.125000 0.000000 0.000000 0.125000 0.000000 0.000000 0.125000 0.000000 0.000000 0.125000 0.000000 0.000000 0.125000 0.000000 0.000000 0.125000 0.000000 0.000000 0.125000 0.000000 0.000000 0.125000 0.000000 0.000000 0.125000 0.000000 0.000000 0.125000 0.000000 0.000000
0 0.6189043 0.43344793 0.052488282 0.21560416 0.125000 0.000000 0.000000 0.125000 0.000000 0.000000 0.125000 0.000000 0.000000 0.616016 0.341667 2.000000 0.628906 0.339583 2.000000 0.610156 0.358333 2.000000 0.633594 0.362500 2.000000 0.594922 0.379167 2.000000 0.639453 0.393750 2.000000 0.598437 0.393750 2.000000 0.125000 0.000000 0.000000 0.612500 0.420833 2.000000 0.625391 0.420833 2.000000 0.610156 0.464583 2.000000 0.624219 0.472917 2.000000 0.607813 0.500000 2.000000 0.623047 0.520833 2.000000
0 0.43974802 0.28204164 0.025980469 0.051208332 0.125000 0.000000 0.000000 0.125000 0.000000 0.000000 0.125000 0.000000 0.000000 0.125000 0.000000 0.000000 0.125000 0.000000 0.000000 0.125000 0.000000 0.000000 0.125000 0.000000 0.000000 0.125000 0.000000 0.000000 0.125000 0.000000 0.000000 0.125000 0.000000 0.000000 0.125000 0.000000 0.000000 0.125000 0.000000 0.000000 0.125000 0.000000 0.000000 0.125000 0.000000 0.000000 0.125000 0.000000 0.000000 0.125000 0.000000 0.000000 0.125000 0.000000 0.000000
0 0.3380996 0.41414586 0.04583203 0.08295833 0.125000 0.000000 0.000000 0.125000 0.000000 0.000000 0.125000 0.000000 0.000000 0.125000 0.000000 0.000000 0.125000 0.000000 0.000000 0.125000 0.000000 0.000000 0.125000 0.000000 0.000000 0.125000 0.000000 0.000000 0.125000 0.000000 0.000000 0.125000 0.000000 0.000000 0.125000 0.000000 0.000000 0.125000 0.000000 0.000000 0.125000 0.000000 0.000000 0.125000 0.000000 0.000000 0.125000 0.000000 0.000000 0.125000 0.000000 0.000000 0.125000 0.000000 0.000000
0 0.36640626 0.3125 0.1546875 0.12916666 0.125000 0.000000 0.000000 0.125000 0.000000 0.000000 0.125000 0.000000 0.000000 0.125000 0.000000 0.000000 0.125000 0.000000 0.000000 0.125000 0.000000 0.000000 0.125000 0.000000 0.000000 0.125000 0.000000 0.000000 0.125000 0.000000 0.000000 0.125000 0.000000 0.000000 0.125000 0.000000 0.000000 0.125000 0.000000 0.000000 0.125000 0.000000 0.000000 0.125000 0.000000 0.000000 0.125000 0.000000 0.000000 0.125000 0.000000 0.000000 0.125000 0.000000 0.000000