0 0.73602605 0.6597775 0.08868267 0.33557373 0.737119 0.529274 1.000000 0.742389 0.524590 1.000000 0.078454 0.000000 0.000000 0.747658 0.533958 2.000000 0.078454 0.000000 0.000000 0.750293 0.566745 2.000000 0.727898 0.569087 2.000000 0.721311 0.548009 2.000000 0.709455 0.545667 2.000000 0.704186 0.522248 2.000000 0.688378 0.522248 1.000000 0.745023 0.667447 2.000000 0.730533 0.669789 2.000000 0.750293 0.730679 2.000000 0.738437 0.733021 2.000000 0.768735 0.807963 2.000000 0.756879 0.810304 2.000000
0 0.6987061 0.47002342 0.0918706 0.35227168 0.078454 0.000000 0.000000 0.078454 0.000000 0.000000 0.078454 0.000000 0.000000 0.663349 0.325527 1.000000 0.681792 0.323185 2.000000 0.660714 0.353630 2.000000 0.689696 0.355972 2.000000 0.078454 0.000000 0.000000 0.710773 0.402810 2.000000 0.078454 0.000000 0.000000 0.731850 0.374707 2.000000 0.673888 0.456674 2.000000 0.691013 0.454333 1.000000 0.673888 0.517564 2.000000 0.692330 0.508197 2.000000 0.676522 0.594848 1.000000 0.687061 0.599532 2.000000
0 0.6641921 0.6314871 0.06431206 0.40564403 0.078454 0.000000 0.000000 0.078454 0.000000 0.000000 0.078454 0.000000 0.000000 0.078454 0.000000 0.000000 0.078454 0.000000 0.000000 0.654128 0.550351 2.000000 0.672570 0.540984 2.000000 0.664666 0.496487 2.000000 0.684426 0.508197 2.000000 0.667301 0.449649 2.000000 0.689696 0.461358 2.000000 0.672570 0.641686 2.000000 0.663349 0.641686 2.000000 0.680474 0.735363 2.000000 0.658080 0.735363 2.000000 0.672570 0.805621 2.000000 0.640954 0.805621 2.000000
0 0.85868925 0.58190864 0.017217506 0.08911007 0.078454 0.000000 0.000000 0.078454 0.000000 0.000000 0.078454 0.000000 0.000000 0.078454 0.000000 0.000000 0.078454 0.000000 0.000000 0.078454 0.000000 0.000000 0.078454 0.000000 0.000000 0.078454 0.000000 0.000000 0.078454 0.000000 0.000000 0.078454 0.000000 0.000000 0.078454 0.000000 0.000000 0.078454 0.000000 0.000000 0.078454 0.000000 0.000000 0.078454 0.000000 0.000000 0.078454 0.000000 0.000000 0.078454 0.000000 0.000000 0.078454 0.000000 0.000000
0 0.4703337 0.44196722 0.070687935 0.33189693 0.480240 0.299766 1.000000 0.078454 0.000000 0.000000 0.474971 0.297424 2.000000 0.078454 0.000000 0.000000 0.465749 0.309133 2.000000 0.453893 0.320843 1.000000 0.476288 0.327869 2.000000 0.438085 0.320843 1.000000 0.505269 0.334895 1.000000 0.455211 0.297424 1.000000 0.078454 0.000000 0.000000 0.464432 0.428571 2.000000 0.459163 0.433255 2.000000 0.492096 0.470726 2.000000 0.467067 0.503513 2.000000 0.500000 0.552693 1.000000 0.449941 0.580796 2.000000
0 0.42590675 0.62867683 0.05963554 0.39838406 0.423595 0.512881 2.000000 0.078454 0.000000 0.000000 0.418326 0.515222 2.000000 0.078454 0.000000 0.000000 0.413056 0.533958 2.000000 0.430182 0.540984 2.000000 0.417008 0.555035 2.000000 0.443355 0.496487 2.000000 0.434133 0.496487 2.000000 0.453893 0.454333 1.000000 0.444672 0.447307 2.000000 0.442037 0.634660 2.000000 0.434133 0.646370 2.000000 0.447307 0.718970 2.000000 0.430182 0.721311 2.000000 0.443355 0.805621 2.000000 0.419643 0.810304 2.000000
0 0.16441013 0.6792155 0.04802986 0.32358313 0.179889 0.536300 2.000000 0.078454 0.000000 0.000000 0.174619 0.536300 2.000000 0.078454 0.000000 0.000000 0.170667 0.548009 2.000000 0.174619 0.576112 2.000000 0.165398 0.580796 2.000000 0.177254 0.627635 2.000000 0.160129 0.620609 2.000000 0.179889 0.662763 2.000000 0.168033 0.658080 2.000000 0.171985 0.665105 2.000000 0.160129 0.660422 2.000000 0.162763 0.744731 2.000000 0.160129 0.735363 2.000000 0.156177 0.789227 2.000000 0.153542 0.791569 2.000000
0 0.55816007 0.66179156 0.07205796 0.34831378 0.543472 0.543326 2.000000 0.547424 0.538642 2.000000 0.078454 0.000000 0.000000 0.554011 0.543326 2.000000 0.078454 0.000000 0.000000 0.555328 0.564403 2.000000 0.568501 0.566745 2.000000 0.527664 0.533958 2.000000 0.546107 0.538642 2.000000 0.519760 0.498829 1.000000 0.528981 0.501171 2.000000 0.552693 0.672131 2.000000 0.567184 0.667447 2.000000 0.557963 0.740047 2.000000 0.569818 0.737705 2.000000 0.565866 0.812646 2.000000 0.579040 0.805621 2.000000
0 0.90677184 0.65980095 0.029547717 0.16236535 0.078454 0.000000 0.000000 0.078454 0.000000 0.000000 0.078454 0.000000 0.000000 0.078454 0.000000 0.000000 0.078454 0.000000 0.000000 0.078454 0.000000 0.000000 0.078454 0.000000 0.000000 0.078454 0.000000 0.000000 0.078454 0.000000 0.000000 0.078454 0.000000 0.000000 0.078454 0.000000 0.000000 0.078454 0.000000 0.000000 0.078454 0.000000 0.000000 0.078454 0.000000 0.000000 0.078454 0.000000 0.000000 0.078454 0.000000 0.000000 0.078454 0.000000 0.000000
0 0.4817484 0.6587822 0.062454626 0.34927398 0.078454 0.000000 0.000000 0.078454 0.000000 0.000000 0.078454 0.000000 0.000000 0.078454 0.000000 0.000000 0.078454 0.000000 0.000000 0.506587 0.571429 2.000000 0.484192 0.566745 2.000000 0.078454 0.000000 0.000000 0.493413 0.531616 2.000000 0.078454 0.000000 0.000000 0.502635 0.489461 2.000000 0.496048 0.672131 2.000000 0.476288 0.662763 2.000000 0.486827 0.737705 2.000000 0.472336 0.728337 2.000000 0.481557 0.807963 2.000000 0.455211 0.800937 2.000000
0 0.4512654 0.36199063 0.034817036 0.14248243 0.078454 0.000000 0.000000 0.078454 0.000000 0.000000 0.078454 0.000000 0.000000 0.078454 0.000000 0.000000 0.078454 0.000000 0.000000 0.078454 0.000000 0.000000 0.078454 0.000000 0.000000 0.078454 0.000000 0.000000 0.078454 0.000000 0.000000 0.078454 0.000000 0.000000 0.078454 0.000000 0.000000 0.078454 0.000000 0.000000 0.078454 0.000000 0.000000 0.078454 0.000000 0.000000 0.078454 0.000000 0.000000 0.078454 0.000000 0.000000 0.078454 0.000000 0.000000
0 0.084520645 0.6188173 0.011974531 0.10269321 0.078454 0.000000 0.000000 0.078454 0.000000 0.000000 0.078454 0.000000 0.000000 0.078454 0.000000 0.000000 0.078454 0.000000 0.000000 0.078454 0.000000 0.000000 0.078454 0.000000 0.000000 0.078454 0.000000 0.000000 0.078454 0.000000 0.000000 0.078454 0.000000 0.000000 0.078454 0.000000 0.000000 0.078454 0.000000 0.000000 0.078454 0.000000 0.000000 0.078454 0.000000 0.000000 0.078454 0.000000 0.000000 0.078454 0.000000 0.000000 0.078454 0.000000 0.000000
0 0.31837973 0.672096 0.077511705 0.32775176 0.319526 0.529274 2.000000 0.078454 0.000000 0.000000 0.078454 0.000000 0.000000 0.078454 0.000000 0.000000 0.078454 0.000000 0.000000 0.303718 0.576112 2.000000 0.306352 0.578454 2.000000 0.311622 0.627635 2.000000 0.316891 0.625293 2.000000 0.319526 0.667447 2.000000 0.343238 0.625293 2.000000 0.297131 0.665105 2.000000 0.301083 0.665105 2.000000 0.310304 0.737705 2.000000 0.316891 0.730679 2.000000 0.301083 0.814988 2.000000 0.291862 0.796253 2.000000
0 0.5171253 0.5655738 0.6797424 0.6112412 0.078454 0.000000 0.000000 0.078454 0.000000 0.000000 0.078454 0.000000 0.000000 0.078454 0.000000 0.000000 0.078454 0.000000 0.000000 0.078454 0.000000 0.000000 0.078454 0.000000 0.000000 0.078454 0.000000 0.000000 0.078454 0.000000 0.000000 0.078454 0.000000 0.000000 0.078454 0.000000 0.000000 0.078454 0.000000 0.000000 0.078454 0.000000 0.000000 0.078454 0.000000 0.000000 0.078454 0.000000 0.000000 0.078454 0.000000 0.000000 0.078454 0.000000 0.000000