0 0.29765204 0.43330327 0.053479727 0.27573574 0.300676 0.315315 2.000000 0.302365 0.312312 2.000000 0.297297 0.315315 2.000000 0.077703 0.000000 0.000000 0.290541 0.321321 2.000000 0.315878 0.354354 2.000000 0.287162 0.357357 2.000000 0.320946 0.393393 2.000000 0.280405 0.393393 2.000000 0.077703 0.000000 0.000000 0.275338 0.432432 2.000000 0.309122 0.426426 2.000000 0.292230 0.426426 2.000000 0.312500 0.492492 2.000000 0.295608 0.492492 2.000000 0.314189 0.522523 2.000000 0.298986 0.555556 2.000000
0 0.185625 0.4712162 0.07364865 0.35666665 0.077703 0.000000 0.000000 0.077703 0.000000 0.000000 0.077703 0.000000 0.000000 0.172297 0.333333 2.000000 0.077703 0.000000 0.000000 0.168919 0.366366 2.000000 0.199324 0.366366 2.000000 0.167230 0.426426 2.000000 0.207770 0.420420 2.000000 0.158784 0.477477 2.000000 0.206081 0.450450 2.000000 0.179054 0.456456 2.000000 0.201014 0.459459 2.000000 0.182432 0.522523 2.000000 0.173986 0.525526 2.000000 0.192568 0.609610 2.000000 0.172297 0.600601 2.000000
0 0.43844596 0.3773273 0.02939189 0.12174174 0.077703 0.000000 0.000000 0.077703 0.000000 0.000000 0.077703 0.000000 0.000000 0.077703 0.000000 0.000000 0.077703 0.000000 0.000000 0.077703 0.000000 0.000000 0.077703 0.000000 0.000000 0.077703 0.000000 0.000000 0.077703 0.000000 0.000000 0.077703 0.000000 0.000000 0.077703 0.000000 0.000000 0.077703 0.000000 0.000000 0.077703 0.000000 0.000000 0.077703 0.000000 0.000000 0.077703 0.000000 0.000000 0.077703 0.000000 0.000000 0.077703 0.000000 0.000000
0 0.4785304 0.37758258 0.0175 0.10957958 0.077703 0.000000 0.000000 0.077703 0.000000 0.000000 0.077703 0.000000 0.000000 0.077703 0.000000 0.000000 0.077703 0.000000 0.000000 0.077703 0.000000 0.000000 0.077703 0.000000 0.000000 0.077703 0.000000 0.000000 0.077703 0.000000 0.000000 0.077703 0.000000 0.000000 0.077703 0.000000 0.000000 0.077703 0.000000 0.000000 0.077703 0.000000 0.000000 0.077703 0.000000 0.000000 0.077703 0.000000 0.000000 0.077703 0.000000 0.000000 0.077703 0.000000 0.000000
0 0.5174747 0.34971473 0.011503379 0.051141143 0.077703 0.000000 0.000000 0.077703 0.000000 0.000000 0.077703 0.000000 0.000000 0.077703 0.000000 0.000000 0.077703 0.000000 0.000000 0.077703 0.000000 0.000000 0.077703 0.000000 0.000000 0.077703 0.000000 0.000000 0.077703 0.000000 0.000000 0.077703 0.000000 0.000000 0.077703 0.000000 0.000000 0.077703 0.000000 0.000000 0.077703 0.000000 0.000000 0.077703 0.000000 0.000000 0.077703 0.000000 0.000000 0.077703 0.000000 0.000000 0.077703 0.000000 0.000000
0 0.4594848 0.36536038 0.015084459 0.07324324 0.077703 0.000000 0.000000 0.077703 0.000000 0.000000 0.077703 0.000000 0.000000 0.077703 0.000000 0.000000 0.077703 0.000000 0.000000 0.077703 0.000000 0.000000 0.077703 0.000000 0.000000 0.077703 0.000000 0.000000 0.077703 0.000000 0.000000 0.077703 0.000000 0.000000 0.077703 0.000000 0.000000 0.077703 0.000000 0.000000 0.077703 0.000000 0.000000 0.077703 0.000000 0.000000 0.077703 0.000000 0.000000 0.077703 0.000000 0.000000 0.077703 0.000000 0.000000
0 0.8708784 0.3955706 0.036114864 0.22225226 0.077703 0.000000 0.000000 0.077703 0.000000 0.000000 0.077703 0.000000 0.000000 0.077703 0.000000 0.000000 0.077703 0.000000 0.000000 0.077703 0.000000 0.000000 0.077703 0.000000 0.000000 0.077703 0.000000 0.000000 0.077703 0.000000 0.000000 0.077703 0.000000 0.000000 0.077703 0.000000 0.000000 0.077703 0.000000 0.000000 0.077703 0.000000 0.000000 0.077703 0.000000 0.000000 0.077703 0.000000 0.000000 0.077703 0.000000 0.000000 0.077703 0.000000 0.000000
0 0.4975591 0.37409908 0.020726353 0.09792793 0.077703 0.000000 0.000000 0.077703 0.000000 0.000000 0.077703 0.000000 0.000000 0.077703 0.000000 0.000000 0.077703 0.000000 0.000000 0.077703 0.000000 0.000000 0.077703 0.000000 0.000000 0.077703 0.000000 0.000000 0.077703 0.000000 0.000000 0.077703 0.000000 0.000000 0.077703 0.000000 0.000000 0.077703 0.000000 0.000000 0.077703 0.000000 0.000000 0.077703 0.000000 0.000000 0.077703 0.000000 0.000000 0.077703 0.000000 0.000000 0.077703 0.000000 0.000000
0 0.46766892 0.36064562 0.008783784 0.0675976 0.077703 0.000000 0.000000 0.077703 0.000000 0.000000 0.077703 0.000000 0.000000 0.077703 0.000000 0.000000 0.077703 0.000000 0.000000 0.077703 0.000000 0.000000 0.077703 0.000000 0.000000 0.077703 0.000000 0.000000 0.077703 0.000000 0.000000 0.077703 0.000000 0.000000 0.077703 0.000000 0.000000 0.077703 0.000000 0.000000 0.077703 0.000000 0.000000 0.077703 0.000000 0.000000 0.077703 0.000000 0.000000 0.077703 0.000000 0.000000 0.077703 0.000000 0.000000
0 0.89549834 0.46124622 0.05359797 0.090960965 0.077703 0.000000 0.000000 0.077703 0.000000 0.000000 0.077703 0.000000 0.000000 0.077703 0.000000 0.000000 0.077703 0.000000 0.000000 0.077703 0.000000 0.000000 0.077703 0.000000 0.000000 0.077703 0.000000 0.000000 0.077703 0.000000 0.000000 0.077703 0.000000 0.000000 0.077703 0.000000 0.000000 0.077703 0.000000 0.000000 0.077703 0.000000 0.000000 0.077703 0.000000 0.000000 0.077703 0.000000 0.000000 0.077703 0.000000 0.000000 0.077703 0.000000 0.000000
0 0.4845777 0.36738735 0.0088175675 0.04672673 0.077703 0.000000 0.000000 0.077703 0.000000 0.000000 0.077703 0.000000 0.000000 0.077703 0.000000 0.000000 0.077703 0.000000 0.000000 0.077703 0.000000 0.000000 0.077703 0.000000 0.000000 0.077703 0.000000 0.000000 0.077703 0.000000 0.000000 0.077703 0.000000 0.000000 0.077703 0.000000 0.000000 0.077703 0.000000 0.000000 0.077703 0.000000 0.000000 0.077703 0.000000 0.000000 0.077703 0.000000 0.000000 0.077703 0.000000 0.000000 0.077703 0.000000 0.000000
0 0.68276185 0.6438889 0.105287164 0.5545045 0.077703 0.000000 0.000000 0.077703 0.000000 0.000000 0.077703 0.000000 0.000000 0.077703 0.000000 0.000000 0.077703 0.000000 0.000000 0.714527 0.405405 2.000000 0.641892 0.402402 2.000000 0.721284 0.507508 2.000000 0.657095 0.498498 2.000000 0.716216 0.588589 2.000000 0.685811 0.441441 2.000000 0.704392 0.594595 1.000000 0.662162 0.585586 2.000000 0.697635 0.735736 1.000000 0.657095 0.723724 2.000000 0.695946 0.855856 1.000000 0.657095 0.852853 2.000000