0 0.28187498 0.7144444 0.15375 0.53777784 0.348437 0.552778 2.000000 0.000000 0.005556 0.000000 0.323438 0.536111 2.000000 0.000000 0.005556 0.000000 0.276563 0.544444 2.000000 0.309375 0.694444 2.000000 0.262500 0.683333 2.000000 0.000000 0.005556 0.000000 0.265625 0.908333 2.000000 0.000000 0.005556 0.000000 0.000000 0.005556 0.000000 0.000000 0.005556 0.000000 0.000000 0.005556 0.000000 0.000000 0.005556 0.000000 0.000000 0.005556 0.000000 0.000000 0.005556 0.000000 0.000000 0.005556 0.000000
0 0.57689846 0.69319445 0.18623438 0.33850002 0.546875 0.622222 2.000000 0.548437 0.611111 2.000000 0.535937 0.611111 2.000000 0.000000 0.005556 0.000000 0.501562 0.616667 2.000000 0.562500 0.691667 2.000000 0.481250 0.716667 1.000000 0.592188 0.741667 2.000000 0.000000 0.005556 0.000000 0.629687 0.750000 2.000000 0.000000 0.005556 0.000000 0.623438 0.822222 2.000000 0.585938 0.863889 1.000000 0.578125 0.725000 2.000000 0.000000 0.005556 0.000000 0.648438 0.855556 1.000000 0.000000 0.005556 0.000000
0 0.8474453 0.7345972 0.18695313 0.46530554 0.000000 0.005556 0.000000 0.000000 0.005556 0.000000 0.000000 0.005556 0.000000 0.000000 0.005556 0.000000 0.000000 0.005556 0.000000 0.828125 0.555556 2.000000 0.909375 0.597222 2.000000 0.779688 0.627778 2.000000 0.000000 0.005556 0.000000 0.767187 0.675000 2.000000 0.000000 0.005556 0.000000 0.828125 0.719444 2.000000 0.898438 0.716667 2.000000 0.000000 0.005556 0.000000 0.000000 0.005556 0.000000 0.000000 0.005556 0.000000 0.907812 0.919444 2.000000
0 0.95589846 0.6692639 0.085203126 0.62808335 0.000000 0.005556 0.000000 0.000000 0.005556 0.000000 0.000000 0.005556 0.000000 0.000000 0.005556 0.000000 0.000000 0.005556 0.000000 0.939062 0.550000 2.000000 0.000000 0.005556 0.000000 0.925000 0.691667 2.000000 0.000000 0.005556 0.000000 0.970312 0.725000 2.000000 0.000000 0.005556 0.000000 0.939062 0.816667 2.000000 0.993750 0.833333 2.000000 0.943750 0.963889 2.000000 0.000000 0.005556 0.000000 0.000000 0.005556 0.000000 0.946875 0.986111 1.000000
0 0.14920312 0.61291665 0.119781256 0.3645556 0.146875 0.491667 2.000000 0.156250 0.475000 2.000000 0.135937 0.477778 2.000000 0.179688 0.483333 2.000000 0.000000 0.005556 0.000000 0.195312 0.605556 2.000000 0.115625 0.586111 2.000000 0.000000 0.005556 0.000000 0.070312 0.722222 1.000000 0.000000 0.005556 0.000000 0.106250 0.750000 2.000000 0.185937 0.727778 2.000000 0.146875 0.713889 2.000000 0.000000 0.005556 0.000000 0.000000 0.005556 0.000000 0.000000 0.005556 0.000000 0.000000 0.005556 0.000000
0 0.78878903 0.8718056 0.17954688 0.2452778 0.754687 0.855556 2.000000 0.768750 0.844444 2.000000 0.748438 0.847222 2.000000 0.806250 0.875000 2.000000 0.000000 0.005556 0.000000 0.843750 0.980556 2.000000 0.734375 0.975000 2.000000 0.000000 0.005556 0.000000 0.000000 0.005556 0.000000 0.000000 0.005556 0.000000 0.000000 0.005556 0.000000 0.000000 0.005556 0.000000 0.000000 0.005556 0.000000 0.000000 0.005556 0.000000 0.000000 0.005556 0.000000 0.000000 0.005556 0.000000 0.000000 0.005556 0.000000
0 0.18389063 0.19925 0.108625 0.29783332 0.195312 0.102778 2.000000 0.200000 0.091667 2.000000 0.189063 0.091667 2.000000 0.000000 0.005556 0.000000 0.168750 0.102778 2.000000 0.206250 0.144444 2.000000 0.156250 0.138889 2.000000 0.234375 0.191667 1.000000 0.135937 0.188889 2.000000 0.200000 0.211111 2.000000 0.171875 0.216667 2.000000 0.198437 0.316667 1.000000 0.159375 0.311111 2.000000 0.218750 0.238889 1.000000 0.150000 0.219444 2.000000 0.000000 0.005556 0.000000 0.178125 0.316667 2.000000
0 0.42160156 0.17141666 0.11851562 0.20105554 0.432813 0.122222 2.000000 0.443750 0.113889 2.000000 0.429688 0.111111 2.000000 0.454688 0.127778 2.000000 0.000000 0.005556 0.000000 0.462500 0.172222 2.000000 0.401563 0.169444 2.000000 0.000000 0.005556 0.000000 0.371875 0.252778 1.000000 0.000000 0.005556 0.000000 0.000000 0.005556 0.000000 0.448438 0.325000 1.000000 0.404687 0.325000 1.000000 0.000000 0.005556 0.000000 0.000000 0.005556 0.000000 0.000000 0.005556 0.000000 0.000000 0.005556 0.000000
0 0.36382812 0.3204861 0.22756249 0.22391666 0.296875 0.266667 2.000000 0.000000 0.005556 0.000000 0.290625 0.261111 2.000000 0.000000 0.005556 0.000000 0.275000 0.277778 1.000000 0.323438 0.311111 2.000000 0.278125 0.341667 1.000000 0.000000 0.005556 0.000000 0.000000 0.005556 0.000000 0.351562 0.305556 1.000000 0.000000 0.005556 0.000000 0.401563 0.400000 2.000000 0.373437 0.402778 2.000000 0.435937 0.233333 2.000000 0.385938 0.236111 2.000000 0.445312 0.397222 2.000000 0.390625 0.408333 2.000000
0 0.21749999 0.28968054 0.07003125 0.21869445 0.245312 0.233333 2.000000 0.000000 0.005556 0.000000 0.242188 0.230556 2.000000 0.000000 0.005556 0.000000 0.228125 0.238889 2.000000 0.000000 0.005556 0.000000 0.207813 0.291667 2.000000 0.000000 0.005556 0.000000 0.189063 0.386111 2.000000 0.000000 0.005556 0.000000 0.239063 0.386111 1.000000 0.000000 0.005556 0.000000 0.000000 0.005556 0.000000 0.000000 0.005556 0.000000 0.000000 0.005556 0.000000 0.000000 0.005556 0.000000 0.000000 0.005556 0.000000
0 0.47246873 0.8259584 0.1593125 0.31252778 0.507812 0.816667 2.000000 0.517187 0.794444 2.000000 0.493750 0.797222 2.000000 0.000000 0.005556 0.000000 0.465625 0.794444 2.000000 0.526563 0.886111 2.000000 0.418750 0.894444 2.000000 0.000000 0.005556 0.000000 0.000000 0.005556 0.000000 0.526563 0.925000 2.000000 0.479688 0.941667 2.000000 0.000000 0.005556 0.000000 0.000000 0.005556 0.000000 0.000000 0.005556 0.000000 0.000000 0.005556 0.000000 0.000000 0.005556 0.000000 0.000000 0.005556 0.000000
0 0.06501562 0.65411115 0.12715624 0.5162778 0.000000 0.005556 0.000000 0.000000 0.005556 0.000000 0.000000 0.005556 0.000000 0.000000 0.005556 0.000000 0.100000 0.438889 1.000000 0.000000 0.005556 0.000000 0.064062 0.519444 2.000000 0.000000 0.005556 0.000000 0.060938 0.694444 2.000000 0.000000 0.005556 0.000000 0.000000 0.005556 0.000000 0.000000 0.005556 0.000000 0.000000 0.005556 0.000000 0.000000 0.005556 0.000000 0.000000 0.005556 0.000000 0.000000 0.005556 0.000000 0.000000 0.005556 0.000000
0 0.09399219 0.4833055 0.11735938 0.26672223 0.146875 0.488889 1.000000 0.156250 0.475000 1.000000 0.137500 0.480556 1.000000 0.000000 0.005556 0.000000 0.131250 0.502778 1.000000 0.000000 0.005556 0.000000 0.123438 0.577778 1.000000 0.000000 0.005556 0.000000 0.092188 0.700000 1.000000 0.000000 0.005556 0.000000 0.000000 0.005556 0.000000 0.000000 0.005556 0.000000 0.000000 0.005556 0.000000 0.000000 0.005556 0.000000 0.000000 0.005556 0.000000 0.000000 0.005556 0.000000 0.000000 0.005556 0.000000
0 0.4515625 0.49861112 0.9 0.9861111 0.000000 0.005556 0.000000 0.000000 0.005556 0.000000 0.000000 0.005556 0.000000 0.000000 0.005556 0.000000 0.000000 0.005556 0.000000 0.000000 0.005556 0.000000 0.000000 0.005556 0.000000 0.000000 0.005556 0.000000 0.000000 0.005556 0.000000 0.000000 0.005556 0.000000 0.000000 0.005556 0.000000 0.000000 0.005556 0.000000 0.000000 0.005556 0.000000 0.000000 0.005556 0.000000 0.000000 0.005556 0.000000 0.000000 0.005556 0.000000 0.000000 0.005556 0.000000