0 0.3901631 0.97138286 0.009650391 0.050296873 0.336523 0.000000 0.000000 0.336523 0.000000 0.000000 0.336523 0.000000 0.000000 0.336523 0.000000 0.000000 0.336523 0.000000 0.000000 0.336523 0.000000 0.000000 0.336523 0.000000 0.000000 0.336523 0.000000 0.000000 0.336523 0.000000 0.000000 0.336523 0.000000 0.000000 0.336523 0.000000 0.000000 0.336523 0.000000 0.000000 0.336523 0.000000 0.000000 0.336523 0.000000 0.000000 0.336523 0.000000 0.000000 0.336523 0.000000 0.000000 0.336523 0.000000 0.000000
0 0.4001123 0.9767812 0.0107402345 0.043874998 0.336523 0.000000 0.000000 0.336523 0.000000 0.000000 0.336523 0.000000 0.000000 0.336523 0.000000 0.000000 0.336523 0.000000 0.000000 0.336523 0.000000 0.000000 0.336523 0.000000 0.000000 0.336523 0.000000 0.000000 0.336523 0.000000 0.000000 0.336523 0.000000 0.000000 0.336523 0.000000 0.000000 0.336523 0.000000 0.000000 0.336523 0.000000 0.000000 0.336523 0.000000 0.000000 0.336523 0.000000 0.000000 0.336523 0.000000 0.000000 0.336523 0.000000 0.000000
0 0.4183408 0.97388285 0.012533204 0.052234374 0.336523 0.000000 0.000000 0.336523 0.000000 0.000000 0.336523 0.000000 0.000000 0.336523 0.000000 0.000000 0.336523 0.000000 0.000000 0.336523 0.000000 0.000000 0.336523 0.000000 0.000000 0.336523 0.000000 0.000000 0.336523 0.000000 0.000000 0.336523 0.000000 0.000000 0.336523 0.000000 0.000000 0.336523 0.000000 0.000000 0.336523 0.000000 0.000000 0.336523 0.000000 0.000000 0.336523 0.000000 0.000000 0.336523 0.000000 0.000000 0.336523 0.000000 0.000000
0 0.46438232 0.9736719 0.010538085 0.04753125 0.336523 0.000000 0.000000 0.336523 0.000000 0.000000 0.336523 0.000000 0.000000 0.336523 0.000000 0.000000 0.336523 0.000000 0.000000 0.336523 0.000000 0.000000 0.336523 0.000000 0.000000 0.336523 0.000000 0.000000 0.336523 0.000000 0.000000 0.336523 0.000000 0.000000 0.336523 0.000000 0.000000 0.336523 0.000000 0.000000 0.336523 0.000000 0.000000 0.336523 0.000000 0.000000 0.336523 0.000000 0.000000 0.336523 0.000000 0.000000 0.336523 0.000000 0.000000
0 0.48250976 0.9694219 0.008683594 0.04365625 0.336523 0.000000 0.000000 0.336523 0.000000 0.000000 0.336523 0.000000 0.000000 0.336523 0.000000 0.000000 0.336523 0.000000 0.000000 0.336523 0.000000 0.000000 0.336523 0.000000 0.000000 0.336523 0.000000 0.000000 0.336523 0.000000 0.000000 0.336523 0.000000 0.000000 0.336523 0.000000 0.000000 0.336523 0.000000 0.000000 0.336523 0.000000 0.000000 0.336523 0.000000 0.000000 0.336523 0.000000 0.000000 0.336523 0.000000 0.000000 0.336523 0.000000 0.000000
0 0.50219727 0.96782804 0.008929688 0.0314375 0.336523 0.000000 0.000000 0.336523 0.000000 0.000000 0.336523 0.000000 0.000000 0.336523 0.000000 0.000000 0.336523 0.000000 0.000000 0.336523 0.000000 0.000000 0.336523 0.000000 0.000000 0.336523 0.000000 0.000000 0.336523 0.000000 0.000000 0.336523 0.000000 0.000000 0.336523 0.000000 0.000000 0.336523 0.000000 0.000000 0.336523 0.000000 0.000000 0.336523 0.000000 0.000000 0.336523 0.000000 0.000000 0.336523 0.000000 0.000000 0.336523 0.000000 0.000000
0 0.4726924 0.9730391 0.009580078 0.043859378 0.336523 0.000000 0.000000 0.336523 0.000000 0.000000 0.336523 0.000000 0.000000 0.336523 0.000000 0.000000 0.336523 0.000000 0.000000 0.336523 0.000000 0.000000 0.336523 0.000000 0.000000 0.336523 0.000000 0.000000 0.336523 0.000000 0.000000 0.336523 0.000000 0.000000 0.336523 0.000000 0.000000 0.336523 0.000000 0.000000 0.336523 0.000000 0.000000 0.336523 0.000000 0.000000 0.336523 0.000000 0.000000 0.336523 0.000000 0.000000 0.336523 0.000000 0.000000
0 0.3532886 0.9736797 0.013368164 0.05264062 0.336523 0.000000 0.000000 0.336523 0.000000 0.000000 0.336523 0.000000 0.000000 0.336523 0.000000 0.000000 0.336523 0.000000 0.000000 0.336523 0.000000 0.000000 0.336523 0.000000 0.000000 0.336523 0.000000 0.000000 0.336523 0.000000 0.000000 0.336523 0.000000 0.000000 0.336523 0.000000 0.000000 0.336523 0.000000 0.000000 0.336523 0.000000 0.000000 0.336523 0.000000 0.000000 0.336523 0.000000 0.000000 0.336523 0.000000 0.000000 0.336523 0.000000 0.000000
0 0.4782295 0.95724213 0.0060468754 0.020203127 0.336523 0.000000 0.000000 0.336523 0.000000 0.000000 0.336523 0.000000 0.000000 0.336523 0.000000 0.000000 0.336523 0.000000 0.000000 0.336523 0.000000 0.000000 0.336523 0.000000 0.000000 0.336523 0.000000 0.000000 0.336523 0.000000 0.000000 0.336523 0.000000 0.000000 0.336523 0.000000 0.000000 0.336523 0.000000 0.000000 0.336523 0.000000 0.000000 0.336523 0.000000 0.000000 0.336523 0.000000 0.000000 0.336523 0.000000 0.000000 0.336523 0.000000 0.000000
0 0.535499 0.95370317 0.005361328 0.0155937495 0.336523 0.000000 0.000000 0.336523 0.000000 0.000000 0.336523 0.000000 0.000000 0.336523 0.000000 0.000000 0.336523 0.000000 0.000000 0.336523 0.000000 0.000000 0.336523 0.000000 0.000000 0.336523 0.000000 0.000000 0.336523 0.000000 0.000000 0.336523 0.000000 0.000000 0.336523 0.000000 0.000000 0.336523 0.000000 0.000000 0.336523 0.000000 0.000000 0.336523 0.000000 0.000000 0.336523 0.000000 0.000000 0.336523 0.000000 0.000000 0.336523 0.000000 0.000000
0 0.36977246 0.9735469 0.0054316404 0.01821875 0.336523 0.000000 0.000000 0.336523 0.000000 0.000000 0.336523 0.000000 0.000000 0.336523 0.000000 0.000000 0.336523 0.000000 0.000000 0.336523 0.000000 0.000000 0.336523 0.000000 0.000000 0.336523 0.000000 0.000000 0.336523 0.000000 0.000000 0.336523 0.000000 0.000000 0.336523 0.000000 0.000000 0.336523 0.000000 0.000000 0.336523 0.000000 0.000000 0.336523 0.000000 0.000000 0.336523 0.000000 0.000000 0.336523 0.000000 0.000000 0.336523 0.000000 0.000000
0 0.43351513 0.9699297 0.007479492 0.041328125 0.336523 0.000000 0.000000 0.336523 0.000000 0.000000 0.336523 0.000000 0.000000 0.336523 0.000000 0.000000 0.336523 0.000000 0.000000 0.336523 0.000000 0.000000 0.336523 0.000000 0.000000 0.336523 0.000000 0.000000 0.336523 0.000000 0.000000 0.336523 0.000000 0.000000 0.336523 0.000000 0.000000 0.336523 0.000000 0.000000 0.336523 0.000000 0.000000 0.336523 0.000000 0.000000 0.336523 0.000000 0.000000 0.336523 0.000000 0.000000 0.336523 0.000000 0.000000
0 0.3831582 0.97698444 0.0070664063 0.021187501 0.336523 0.000000 0.000000 0.336523 0.000000 0.000000 0.336523 0.000000 0.000000 0.336523 0.000000 0.000000 0.336523 0.000000 0.000000 0.336523 0.000000 0.000000 0.336523 0.000000 0.000000 0.336523 0.000000 0.000000 0.336523 0.000000 0.000000 0.336523 0.000000 0.000000 0.336523 0.000000 0.000000 0.336523 0.000000 0.000000 0.336523 0.000000 0.000000 0.336523 0.000000 0.000000 0.336523 0.000000 0.000000 0.336523 0.000000 0.000000 0.336523 0.000000 0.000000
0 0.44990236 0.959375 0.14589843 0.0375 0.336523 0.000000 0.000000 0.336523 0.000000 0.000000 0.336523 0.000000 0.000000 0.336523 0.000000 0.000000 0.336523 0.000000 0.000000 0.336523 0.000000 0.000000 0.336523 0.000000 0.000000 0.336523 0.000000 0.000000 0.336523 0.000000 0.000000 0.336523 0.000000 0.000000 0.336523 0.000000 0.000000 0.336523 0.000000 0.000000 0.336523 0.000000 0.000000 0.336523 0.000000 0.000000 0.336523 0.000000 0.000000 0.336523 0.000000 0.000000 0.336523 0.000000 0.000000