0 0.6051772 0.07547928 0.048045658 0.12810881 0.135687 0.000000 0.000000 0.135687 0.000000 0.000000 0.135687 0.000000 0.000000 0.135687 0.000000 0.000000 0.612209 0.033679 2.000000 0.591807 0.059585 2.000000 0.619495 0.062176 2.000000 0.584521 0.106218 2.000000 0.626781 0.111399 2.000000 0.135687 0.000000 0.000000 0.135687 0.000000 0.000000 0.596179 0.132124 1.000000 0.616580 0.132124 2.000000 0.135687 0.000000 0.000000 0.135687 0.000000 0.000000 0.135687 0.000000 0.000000 0.135687 0.000000 0.000000
0 0.67160624 0.117422275 0.059747405 0.16380829 0.135687 0.000000 0.000000 0.135687 0.000000 0.000000 0.135687 0.000000 0.000000 0.135687 0.000000 0.000000 0.135687 0.000000 0.000000 0.135687 0.000000 0.000000 0.135687 0.000000 0.000000 0.135687 0.000000 0.000000 0.135687 0.000000 0.000000 0.135687 0.000000 0.000000 0.135687 0.000000 0.000000 0.135687 0.000000 0.000000 0.135687 0.000000 0.000000 0.135687 0.000000 0.000000 0.135687 0.000000 0.000000 0.135687 0.000000 0.000000 0.135687 0.000000 0.000000
0 0.40354437 0.096891195 0.029232511 0.07854922 0.135687 0.000000 0.000000 0.135687 0.000000 0.000000 0.135687 0.000000 0.000000 0.135687 0.000000 0.000000 0.135687 0.000000 0.000000 0.135687 0.000000 0.000000 0.135687 0.000000 0.000000 0.135687 0.000000 0.000000 0.135687 0.000000 0.000000 0.135687 0.000000 0.000000 0.135687 0.000000 0.000000 0.135687 0.000000 0.000000 0.135687 0.000000 0.000000 0.135687 0.000000 0.000000 0.135687 0.000000 0.000000 0.135687 0.000000 0.000000 0.135687 0.000000 0.000000
0 0.7983436 0.12875648 0.089475386 0.25668395 0.811852 0.023316 2.000000 0.811852 0.012953 2.000000 0.803109 0.015544 2.000000 0.135687 0.000000 0.000000 0.788536 0.020725 2.000000 0.814767 0.054404 2.000000 0.788536 0.049223 2.000000 0.829339 0.126943 2.000000 0.763763 0.098446 2.000000 0.832254 0.202073 2.000000 0.798737 0.113990 2.000000 0.819139 0.186528 2.000000 0.804566 0.191710 2.000000 0.135687 0.000000 0.000000 0.135687 0.000000 0.000000 0.135687 0.000000 0.000000 0.135687 0.000000 0.000000
0 0.3667414 0.062059585 0.0107691055 0.04743523 0.135687 0.000000 0.000000 0.135687 0.000000 0.000000 0.135687 0.000000 0.000000 0.135687 0.000000 0.000000 0.135687 0.000000 0.000000 0.135687 0.000000 0.000000 0.135687 0.000000 0.000000 0.135687 0.000000 0.000000 0.135687 0.000000 0.000000 0.135687 0.000000 0.000000 0.135687 0.000000 0.000000 0.135687 0.000000 0.000000 0.135687 0.000000 0.000000 0.135687 0.000000 0.000000 0.135687 0.000000 0.000000 0.135687 0.000000 0.000000 0.135687 0.000000 0.000000
0 0.3827275 0.04638601 0.008758096 0.02427461 0.135687 0.000000 0.000000 0.135687 0.000000 0.000000 0.135687 0.000000 0.000000 0.135687 0.000000 0.000000 0.135687 0.000000 0.000000 0.135687 0.000000 0.000000 0.135687 0.000000 0.000000 0.135687 0.000000 0.000000 0.135687 0.000000 0.000000 0.135687 0.000000 0.000000 0.135687 0.000000 0.000000 0.135687 0.000000 0.000000 0.135687 0.000000 0.000000 0.135687 0.000000 0.000000 0.135687 0.000000 0.000000 0.135687 0.000000 0.000000 0.135687 0.000000 0.000000
0 0.4352469 0.05446891 0.013129857 0.039404146 0.135687 0.000000 0.000000 0.135687 0.000000 0.000000 0.135687 0.000000 0.000000 0.135687 0.000000 0.000000 0.135687 0.000000 0.000000 0.135687 0.000000 0.000000 0.135687 0.000000 0.000000 0.135687 0.000000 0.000000 0.135687 0.000000 0.000000 0.135687 0.000000 0.000000 0.135687 0.000000 0.000000 0.135687 0.000000 0.000000 0.135687 0.000000 0.000000 0.135687 0.000000 0.000000 0.135687 0.000000 0.000000 0.135687 0.000000 0.000000 0.135687 0.000000 0.000000
0 0.44199398 0.059067357 0.0069511007 0.042590674 0.135687 0.000000 0.000000 0.135687 0.000000 0.000000 0.135687 0.000000 0.000000 0.135687 0.000000 0.000000 0.135687 0.000000 0.000000 0.135687 0.000000 0.000000 0.135687 0.000000 0.000000 0.135687 0.000000 0.000000 0.135687 0.000000 0.000000 0.135687 0.000000 0.000000 0.135687 0.000000 0.000000 0.135687 0.000000 0.000000 0.135687 0.000000 0.000000 0.135687 0.000000 0.000000 0.135687 0.000000 0.000000 0.135687 0.000000 0.000000 0.135687 0.000000 0.000000
0 0.25517404 0.085582905 0.03265706 0.09660622 0.135687 0.000000 0.000000 0.135687 0.000000 0.000000 0.135687 0.000000 0.000000 0.135687 0.000000 0.000000 0.135687 0.000000 0.000000 0.135687 0.000000 0.000000 0.135687 0.000000 0.000000 0.135687 0.000000 0.000000 0.135687 0.000000 0.000000 0.135687 0.000000 0.000000 0.135687 0.000000 0.000000 0.135687 0.000000 0.000000 0.135687 0.000000 0.000000 0.135687 0.000000 0.000000 0.135687 0.000000 0.000000 0.135687 0.000000 0.000000 0.135687 0.000000 0.000000
0 0.29125565 0.09129533 0.03530926 0.08601036 0.135687 0.000000 0.000000 0.135687 0.000000 0.000000 0.135687 0.000000 0.000000 0.135687 0.000000 0.000000 0.135687 0.000000 0.000000 0.135687 0.000000 0.000000 0.135687 0.000000 0.000000 0.135687 0.000000 0.000000 0.135687 0.000000 0.000000 0.135687 0.000000 0.000000 0.135687 0.000000 0.000000 0.135687 0.000000 0.000000 0.135687 0.000000 0.000000 0.135687 0.000000 0.000000 0.135687 0.000000 0.000000 0.135687 0.000000 0.000000 0.135687 0.000000 0.000000
0 0.8553295 0.10770725 0.01796794 0.12489637 0.135687 0.000000 0.000000 0.135687 0.000000 0.000000 0.135687 0.000000 0.000000 0.135687 0.000000 0.000000 0.135687 0.000000 0.000000 0.135687 0.000000 0.000000 0.135687 0.000000 0.000000 0.135687 0.000000 0.000000 0.135687 0.000000 0.000000 0.135687 0.000000 0.000000 0.135687 0.000000 0.000000 0.135687 0.000000 0.000000 0.135687 0.000000 0.000000 0.135687 0.000000 0.000000 0.135687 0.000000 0.000000 0.135687 0.000000 0.000000 0.135687 0.000000 0.000000
0 0.35121438 0.059585486 0.012852979 0.0151295345 0.135687 0.000000 0.000000 0.135687 0.000000 0.000000 0.135687 0.000000 0.000000 0.135687 0.000000 0.000000 0.135687 0.000000 0.000000 0.135687 0.000000 0.000000 0.135687 0.000000 0.000000 0.135687 0.000000 0.000000 0.135687 0.000000 0.000000 0.135687 0.000000 0.000000 0.135687 0.000000 0.000000 0.135687 0.000000 0.000000 0.135687 0.000000 0.000000 0.135687 0.000000 0.000000 0.135687 0.000000 0.000000 0.135687 0.000000 0.000000 0.135687 0.000000 0.000000