0 0.25237742 0.37228206 0.12113102 0.3858486 0.241972 0.233945 2.000000 0.247133 0.229358 2.000000 0.236812 0.227064 2.000000 0.257454 0.231651 2.000000 0.087156 0.000000 0.000000 0.275516 0.293578 2.000000 0.218750 0.288991 2.000000 0.300029 0.376147 2.000000 0.200688 0.364679 2.000000 0.289708 0.403670 2.000000 0.227781 0.309633 2.000000 0.261325 0.435780 2.000000 0.222620 0.428899 2.000000 0.258744 0.564220 1.000000 0.221330 0.561927 1.000000 0.253584 0.724771 1.000000 0.225201 0.720183 1.000000
0 0.40065938 0.3382913 0.04773509 0.14809632 0.396789 0.300459 2.000000 0.401949 0.295872 2.000000 0.391628 0.295872 2.000000 0.407110 0.302752 2.000000 0.386468 0.305046 2.000000 0.414851 0.339450 2.000000 0.377437 0.337156 1.000000 0.413561 0.380734 2.000000 0.377437 0.378440 1.000000 0.087156 0.000000 0.000000 0.407110 0.385321 2.000000 0.408400 0.417431 1.000000 0.386468 0.417431 1.000000 0.087156 0.000000 0.000000 0.087156 0.000000 0.000000 0.087156 0.000000 0.000000 0.087156 0.000000 0.000000
0 0.6812579 0.3089908 0.08090452 0.17752293 0.685780 0.263761 2.000000 0.689650 0.259174 2.000000 0.680619 0.256881 2.000000 0.087156 0.000000 0.000000 0.672878 0.263761 2.000000 0.697391 0.295872 2.000000 0.666428 0.295872 2.000000 0.716743 0.360092 2.000000 0.648366 0.362385 2.000000 0.718033 0.412844 1.000000 0.644495 0.415138 1.000000 0.694811 0.380734 1.000000 0.666428 0.380734 1.000000 0.698681 0.408257 1.000000 0.649656 0.403670 1.000000 0.087156 0.000000 0.000000 0.087156 0.000000 0.000000
0 0.77645713 0.35501146 0.061629873 0.17098625 0.767058 0.316514 2.000000 0.770929 0.311927 2.000000 0.761898 0.311927 2.000000 0.777380 0.311927 2.000000 0.754157 0.311927 1.000000 0.788991 0.346330 2.000000 0.742546 0.348624 1.000000 0.805763 0.412844 2.000000 0.738675 0.396789 1.000000 0.796732 0.405963 2.000000 0.755447 0.380734 2.000000 0.781250 0.442661 1.000000 0.759318 0.444954 1.000000 0.794151 0.451835 1.000000 0.087156 0.000000 0.000000 0.087156 0.000000 0.000000 0.087156 0.000000 0.000000
0 0.3331465 0.29522935 0.052715022 0.15619265 0.330992 0.250000 2.000000 0.336153 0.243119 2.000000 0.327122 0.243119 2.000000 0.341313 0.245413 1.000000 0.320671 0.245413 1.000000 0.346474 0.284404 2.000000 0.312930 0.288991 2.000000 0.354214 0.341743 2.000000 0.310350 0.341743 1.000000 0.351634 0.392202 1.000000 0.312930 0.387615 1.000000 0.343893 0.383027 1.000000 0.321961 0.383027 1.000000 0.087156 0.000000 0.000000 0.087156 0.000000 0.000000 0.087156 0.000000 0.000000 0.087156 0.000000 0.000000
0 0.47213948 0.30669725 0.067925744 0.14229357 0.472907 0.275229 2.000000 0.476778 0.268349 2.000000 0.467747 0.268349 2.000000 0.483228 0.268349 2.000000 0.461296 0.268349 2.000000 0.489679 0.307339 2.000000 0.452265 0.309633 2.000000 0.512901 0.339450 1.000000 0.436783 0.330275 1.000000 0.489679 0.282110 2.000000 0.449685 0.284404 2.000000 0.488389 0.399083 1.000000 0.456135 0.396789 1.000000 0.087156 0.000000 0.000000 0.087156 0.000000 0.000000 0.087156 0.000000 0.000000 0.087156 0.000000 0.000000
0 0.53723985 0.31365824 0.07391199 0.21782109 0.528383 0.238532 2.000000 0.532253 0.233945 2.000000 0.524513 0.233945 2.000000 0.539994 0.240826 2.000000 0.518062 0.238532 2.000000 0.554186 0.272936 2.000000 0.506451 0.277523 2.000000 0.565797 0.346330 2.000000 0.507741 0.325688 1.000000 0.569667 0.401376 1.000000 0.087156 0.000000 0.000000 0.551605 0.371560 2.000000 0.524513 0.371560 1.000000 0.546445 0.387615 1.000000 0.087156 0.000000 0.000000 0.087156 0.000000 0.000000 0.087156 0.000000 0.000000
0 0.61101633 0.29816514 0.06360378 0.15178898 0.607081 0.259174 2.000000 0.610952 0.250000 2.000000 0.601921 0.254587 2.000000 0.621273 0.252294 2.000000 0.087156 0.000000 0.000000 0.634174 0.302752 2.000000 0.589019 0.309633 2.000000 0.636755 0.362385 2.000000 0.585149 0.360092 2.000000 0.612242 0.389908 1.000000 0.087156 0.000000 0.000000 0.629014 0.412844 1.000000 0.599341 0.417431 1.000000 0.087156 0.000000 0.000000 0.087156 0.000000 0.000000 0.087156 0.000000 0.000000 0.087156 0.000000 0.000000
0 0.73522437 0.48579124 0.06402953 0.29575688 0.732225 0.376147 2.000000 0.736095 0.366972 2.000000 0.728354 0.366972 2.000000 0.745126 0.371560 2.000000 0.723194 0.371560 2.000000 0.754157 0.415138 2.000000 0.715453 0.415138 2.000000 0.756737 0.470183 2.000000 0.714163 0.465596 2.000000 0.742546 0.486238 2.000000 0.723194 0.479358 2.000000 0.745126 0.502294 2.000000 0.719323 0.500000 2.000000 0.742546 0.506881 2.000000 0.718033 0.504587 2.000000 0.754157 0.607798 2.000000 0.709002 0.605505 1.000000
0 0.28590167 0.266422 0.04574828 0.120688066 0.087156 0.000000 0.000000 0.087156 0.000000 0.000000 0.087156 0.000000 0.000000 0.087156 0.000000 0.000000 0.087156 0.000000 0.000000 0.087156 0.000000 0.000000 0.087156 0.000000 0.000000 0.087156 0.000000 0.000000 0.087156 0.000000 0.000000 0.087156 0.000000 0.000000 0.087156 0.000000 0.000000 0.087156 0.000000 0.000000 0.087156 0.000000 0.000000 0.087156 0.000000 0.000000 0.087156 0.000000 0.000000 0.087156 0.000000 0.000000 0.087156 0.000000 0.000000
0 0.13062069 0.3232798 0.08692946 0.16348623 0.137471 0.272936 2.000000 0.142632 0.268349 2.000000 0.132311 0.268349 2.000000 0.149083 0.275229 2.000000 0.127150 0.272936 1.000000 0.155533 0.316514 2.000000 0.114249 0.311927 2.000000 0.173595 0.364679 1.000000 0.091026 0.360092 2.000000 0.154243 0.385321 2.000000 0.101347 0.399083 1.000000 0.142632 0.410550 1.000000 0.119409 0.408257 1.000000 0.087156 0.000000 0.000000 0.087156 0.000000 0.000000 0.087156 0.000000 0.000000 0.087156 0.000000 0.000000
0 0.12318304 0.5040481 0.06712585 0.31754586 0.112959 0.373853 2.000000 0.116829 0.366972 2.000000 0.107798 0.366972 2.000000 0.124570 0.376147 2.000000 0.102638 0.378440 2.000000 0.131021 0.415138 2.000000 0.098767 0.412844 2.000000 0.141342 0.481651 2.000000 0.087156 0.000000 0.000000 0.129731 0.509174 2.000000 0.093607 0.506881 2.000000 0.123280 0.502294 2.000000 0.101347 0.500000 2.000000 0.145212 0.532110 2.000000 0.087156 0.000000 0.000000 0.131021 0.630734 2.000000 0.087156 0.000000 0.000000
0 0.14687642 0.27394494 0.058856074 0.1419266 0.087156 0.000000 0.000000 0.087156 0.000000 0.000000 0.087156 0.000000 0.000000 0.087156 0.000000 0.000000 0.087156 0.000000 0.000000 0.087156 0.000000 0.000000 0.087156 0.000000 0.000000 0.087156 0.000000 0.000000 0.087156 0.000000 0.000000 0.087156 0.000000 0.000000 0.087156 0.000000 0.000000 0.087156 0.000000 0.000000 0.087156 0.000000 0.000000 0.087156 0.000000 0.000000 0.087156 0.000000 0.000000 0.087156 0.000000 0.000000 0.087156 0.000000 0.000000
0 0.5 0.44380733 0.8231078 0.5619266 0.087156 0.000000 0.000000 0.087156 0.000000 0.000000 0.087156 0.000000 0.000000 0.087156 0.000000 0.000000 0.087156 0.000000 0.000000 0.087156 0.000000 0.000000 0.087156 0.000000 0.000000 0.087156 0.000000 0.000000 0.087156 0.000000 0.000000 0.087156 0.000000 0.000000 0.087156 0.000000 0.000000 0.087156 0.000000 0.000000 0.087156 0.000000 0.000000 0.087156 0.000000 0.000000 0.087156 0.000000 0.000000 0.087156 0.000000 0.000000 0.087156 0.000000 0.000000