0 0.535785 0.3191002 0.21362476 0.49886832 0.470779 0.224490 2.000000 0.478084 0.200371 2.000000 0.166048 0.000000 0.000000 0.497913 0.176252 2.000000 0.166048 0.000000 0.000000 0.555311 0.259740 2.000000 0.488520 0.237477 2.000000 0.579314 0.404453 2.000000 0.507305 0.326531 2.000000 0.519828 0.484230 2.000000 0.514610 0.397032 2.000000 0.590793 0.387755 2.000000 0.553224 0.378479 2.000000 0.610622 0.601113 1.000000 0.166048 0.000000 0.000000 0.166048 0.000000 0.000000 0.166048 0.000000 0.000000
0 0.35960978 0.12079776 0.047535945 0.23573282 0.166048 0.000000 0.000000 0.166048 0.000000 0.000000 0.166048 0.000000 0.000000 0.354940 0.024119 2.000000 0.362245 0.020408 2.000000 0.345547 0.050093 2.000000 0.365376 0.044527 2.000000 0.342416 0.087199 2.000000 0.378942 0.083488 2.000000 0.166048 0.000000 0.000000 0.166048 0.000000 0.000000 0.353896 0.124304 2.000000 0.369550 0.122449 2.000000 0.358070 0.168831 1.000000 0.376855 0.166976 2.000000 0.166048 0.000000 0.000000 0.369550 0.211503 2.000000
0 0.2567057 0.14483301 0.0472333 0.22476809 0.166048 0.000000 0.000000 0.166048 0.000000 0.000000 0.166048 0.000000 0.000000 0.239100 0.055659 2.000000 0.166048 0.000000 0.000000 0.247449 0.072356 2.000000 0.254754 0.072356 2.000000 0.251623 0.111317 2.000000 0.166048 0.000000 0.000000 0.241187 0.109462 2.000000 0.166048 0.000000 0.000000 0.251623 0.142857 2.000000 0.258929 0.139147 2.000000 0.252667 0.194805 1.000000 0.259972 0.194805 2.000000 0.166048 0.000000 0.000000 0.166048 0.000000 0.000000
0 0.75253016 0.14344154 0.04443646 0.19671614 0.741071 0.063080 2.000000 0.744202 0.061224 2.000000 0.740028 0.061224 2.000000 0.750464 0.059369 2.000000 0.166048 0.000000 0.000000 0.755682 0.076067 2.000000 0.736897 0.081633 2.000000 0.760900 0.109462 2.000000 0.737941 0.109462 2.000000 0.762987 0.135436 2.000000 0.734810 0.107607 2.000000 0.755682 0.141002 2.000000 0.744202 0.141002 2.000000 0.758813 0.183673 2.000000 0.744202 0.183673 2.000000 0.765074 0.218924 2.000000 0.741071 0.220779 2.000000
0 0.7291482 0.12338589 0.02004754 0.21181817 0.725417 0.038961 2.000000 0.727505 0.037106 2.000000 0.723330 0.035250 2.000000 0.730635 0.037106 2.000000 0.166048 0.000000 0.000000 0.737941 0.055659 2.000000 0.720199 0.057514 1.000000 0.166048 0.000000 0.000000 0.166048 0.000000 0.000000 0.166048 0.000000 0.000000 0.166048 0.000000 0.000000 0.733766 0.113173 2.000000 0.723330 0.115028 1.000000 0.727505 0.161410 2.000000 0.726461 0.159555 2.000000 0.723330 0.205937 2.000000 0.730635 0.207792 2.000000
0 0.6406197 0.091753244 0.04772379 0.13029684 0.649235 0.057514 2.000000 0.166048 0.000000 0.000000 0.166048 0.000000 0.000000 0.640886 0.044527 2.000000 0.646104 0.051948 2.000000 0.632537 0.059369 2.000000 0.635668 0.063080 2.000000 0.166048 0.000000 0.000000 0.644017 0.092764 2.000000 0.166048 0.000000 0.000000 0.655496 0.111317 2.000000 0.623145 0.122449 2.000000 0.625232 0.126160 2.000000 0.622101 0.176252 1.000000 0.626275 0.178108 1.000000 0.166048 0.000000 0.000000 0.166048 0.000000 0.000000
0 0.52919465 0.1025603 0.028521568 0.1122449 0.166048 0.000000 0.000000 0.166048 0.000000 0.000000 0.166048 0.000000 0.000000 0.166048 0.000000 0.000000 0.166048 0.000000 0.000000 0.166048 0.000000 0.000000 0.166048 0.000000 0.000000 0.166048 0.000000 0.000000 0.166048 0.000000 0.000000 0.166048 0.000000 0.000000 0.166048 0.000000 0.000000 0.166048 0.000000 0.000000 0.166048 0.000000 0.000000 0.166048 0.000000 0.000000 0.166048 0.000000 0.000000 0.166048 0.000000 0.000000 0.166048 0.000000 0.000000
0 0.2207224 0.15678108 0.052952226 0.22087198 0.166048 0.000000 0.000000 0.166048 0.000000 0.000000 0.166048 0.000000 0.000000 0.204661 0.068646 2.000000 0.166048 0.000000 0.000000 0.208836 0.087199 2.000000 0.224490 0.089054 2.000000 0.203618 0.118738 2.000000 0.166048 0.000000 0.000000 0.197356 0.111317 2.000000 0.166048 0.000000 0.000000 0.214054 0.159555 2.000000 0.227621 0.159555 2.000000 0.208836 0.192950 2.000000 0.232839 0.200371 2.000000 0.208836 0.250464 2.000000 0.243275 0.252319 2.000000
0 0.7126699 0.12516697 0.026371753 0.1938961 0.704545 0.055659 2.000000 0.704545 0.051948 2.000000 0.166048 0.000000 0.000000 0.166048 0.000000 0.000000 0.166048 0.000000 0.000000 0.709763 0.070501 2.000000 0.719156 0.066790 2.000000 0.706633 0.103896 2.000000 0.166048 0.000000 0.000000 0.703502 0.126160 2.000000 0.166048 0.000000 0.000000 0.711851 0.115028 2.000000 0.718112 0.115028 2.000000 0.166048 0.000000 0.000000 0.716025 0.161410 2.000000 0.166048 0.000000 0.000000 0.714981 0.202226 1.000000
0 0.3334885 0.11203154 0.0232827 0.039499074 0.166048 0.000000 0.000000 0.166048 0.000000 0.000000 0.166048 0.000000 0.000000 0.166048 0.000000 0.000000 0.166048 0.000000 0.000000 0.166048 0.000000 0.000000 0.166048 0.000000 0.000000 0.166048 0.000000 0.000000 0.166048 0.000000 0.000000 0.166048 0.000000 0.000000 0.166048 0.000000 0.000000 0.166048 0.000000 0.000000 0.166048 0.000000 0.000000 0.166048 0.000000 0.000000 0.166048 0.000000 0.000000 0.166048 0.000000 0.000000 0.166048 0.000000 0.000000
0 0.6853589 0.069304265 0.04156656 0.07671613 0.166048 0.000000 0.000000 0.166048 0.000000 0.000000 0.166048 0.000000 0.000000 0.166048 0.000000 0.000000 0.166048 0.000000 0.000000 0.166048 0.000000 0.000000 0.166048 0.000000 0.000000 0.166048 0.000000 0.000000 0.166048 0.000000 0.000000 0.166048 0.000000 0.000000 0.166048 0.000000 0.000000 0.166048 0.000000 0.000000 0.166048 0.000000 0.000000 0.166048 0.000000 0.000000 0.166048 0.000000 0.000000 0.166048 0.000000 0.000000 0.166048 0.000000 0.000000
0 0.42977622 0.18722633 0.05007189 0.35608533 0.446776 0.051948 2.000000 0.166048 0.000000 0.000000 0.443646 0.048237 2.000000 0.166048 0.000000 0.000000 0.434253 0.050093 2.000000 0.415468 0.077922 1.000000 0.433210 0.087199 2.000000 0.408163 0.129870 1.000000 0.439471 0.141002 2.000000 0.166048 0.000000 0.000000 0.166048 0.000000 0.000000 0.417556 0.185529 1.000000 0.432166 0.185529 2.000000 0.437384 0.259740 2.000000 0.426948 0.263451 2.000000 0.450951 0.326531 1.000000 0.414425 0.343228 2.000000