0 0.5350559 0.7094261 0.29072067 0.5258419 0.545918 0.530612 2.000000 0.547353 0.515306 2.000000 0.040816 0.000000 0.000000 0.567443 0.517857 2.000000 0.040816 0.000000 0.000000 0.570312 0.604592 2.000000 0.619101 0.579082 2.000000 0.505740 0.698980 2.000000 0.637755 0.686225 2.000000 0.429688 0.696429 2.000000 0.653540 0.826531 2.000000 0.636320 0.821429 2.000000 0.665019 0.808674 2.000000 0.531569 0.752551 2.000000 0.563138 0.721939 2.000000 0.591837 0.923469 2.000000 0.629145 0.900510 1.000000
0 0.7640809 0.6945281 0.27004305 0.57201535 0.706633 0.505102 2.000000 0.706633 0.487245 2.000000 0.700893 0.489796 2.000000 0.726722 0.487245 2.000000 0.040816 0.000000 0.000000 0.752551 0.548469 2.000000 0.040816 0.000000 0.000000 0.725287 0.681122 2.000000 0.040816 0.000000 0.000000 0.663584 0.678571 2.000000 0.040816 0.000000 0.000000 0.858737 0.655612 2.000000 0.845823 0.627551 2.000000 0.764031 0.744898 2.000000 0.776945 0.724490 2.000000 0.811384 0.915816 2.000000 0.817124 0.887755 2.000000
0 0.6525207 0.10154337 0.085896045 0.20308673 0.040816 0.000000 0.000000 0.040816 0.000000 0.000000 0.040816 0.000000 0.000000 0.040816 0.000000 0.000000 0.040816 0.000000 0.000000 0.040816 0.000000 0.000000 0.040816 0.000000 0.000000 0.040816 0.000000 0.000000 0.040816 0.000000 0.000000 0.040816 0.000000 0.000000 0.040816 0.000000 0.000000 0.662149 0.063776 2.000000 0.630580 0.079082 2.000000 0.663584 0.211735 1.000000 0.642060 0.206633 1.000000 0.040816 0.000000 0.000000 0.040816 0.000000 0.000000
0 0.37743384 0.07905613 0.098222256 0.15811226 0.040816 0.000000 0.000000 0.040816 0.000000 0.000000 0.040816 0.000000 0.000000 0.040816 0.000000 0.000000 0.040816 0.000000 0.000000 0.413903 0.005102 2.000000 0.393814 0.005102 2.000000 0.405293 0.071429 2.000000 0.040816 0.000000 0.000000 0.382334 0.096939 2.000000 0.040816 0.000000 0.000000 0.403858 0.096939 2.000000 0.393814 0.099490 2.000000 0.352200 0.145408 2.000000 0.040816 0.000000 0.000000 0.040816 0.000000 0.000000 0.040816 0.000000 0.000000
0 0.23364478 0.071454085 0.16146046 0.13229592 0.207270 0.053571 2.000000 0.211575 0.043367 2.000000 0.201531 0.040816 2.000000 0.221620 0.048469 2.000000 0.197226 0.045918 2.000000 0.237404 0.086735 2.000000 0.185746 0.102041 2.000000 0.261798 0.091837 2.000000 0.162787 0.112245 2.000000 0.291932 0.099490 2.000000 0.192921 0.079082 2.000000 0.040816 0.000000 0.000000 0.040816 0.000000 0.000000 0.040816 0.000000 0.000000 0.040816 0.000000 0.000000 0.040816 0.000000 0.000000 0.040816 0.000000 0.000000
0 0.3398741 0.061900515 0.09355867 0.11941328 0.040816 0.000000 0.000000 0.040816 0.000000 0.000000 0.040816 0.000000 0.000000 0.040816 0.000000 0.000000 0.040816 0.000000 0.000000 0.350765 0.010204 2.000000 0.310587 0.017857 2.000000 0.327806 0.061224 2.000000 0.303412 0.084184 2.000000 0.307717 0.033163 2.000000 0.040816 0.000000 0.000000 0.040816 0.000000 0.000000 0.040816 0.000000 0.000000 0.040816 0.000000 0.000000 0.040816 0.000000 0.000000 0.040816 0.000000 0.000000 0.040816 0.000000 0.000000
0 0.08630421 0.063163266 0.09097577 0.12413265 0.046556 0.017857 1.000000 0.049426 0.012755 1.000000 0.040816 0.000000 0.000000 0.065210 0.022959 2.000000 0.040816 0.000000 0.000000 0.073820 0.053571 2.000000 0.040816 0.000000 0.000000 0.116869 0.068878 2.000000 0.040816 0.000000 0.000000 0.121173 0.089286 2.000000 0.040816 0.000000 0.000000 0.040816 0.000000 0.000000 0.040816 0.000000 0.000000 0.040816 0.000000 0.000000 0.040816 0.000000 0.000000 0.040816 0.000000 0.000000 0.040816 0.000000 0.000000
0 0.2920472 0.027283164 0.014464286 0.042678572 0.040816 0.000000 0.000000 0.040816 0.000000 0.000000 0.040816 0.000000 0.000000 0.040816 0.000000 0.000000 0.040816 0.000000 0.000000 0.040816 0.000000 0.000000 0.040816 0.000000 0.000000 0.040816 0.000000 0.000000 0.040816 0.000000 0.000000 0.040816 0.000000 0.000000 0.040816 0.000000 0.000000 0.040816 0.000000 0.000000 0.040816 0.000000 0.000000 0.040816 0.000000 0.000000 0.040816 0.000000 0.000000 0.040816 0.000000 0.000000 0.040816 0.000000 0.000000
0 0.4446469 0.08570154 0.071044326 0.17140308 0.040816 0.000000 0.000000 0.040816 0.000000 0.000000 0.040816 0.000000 0.000000 0.040816 0.000000 0.000000 0.040816 0.000000 0.000000 0.040816 0.000000 0.000000 0.040816 0.000000 0.000000 0.040816 0.000000 0.000000 0.040816 0.000000 0.000000 0.040816 0.000000 0.000000 0.040816 0.000000 0.000000 0.466996 0.022959 2.000000 0.433992 0.033163 1.000000 0.469866 0.160714 2.000000 0.416773 0.153061 2.000000 0.040816 0.000000 0.000000 0.040816 0.000000 0.000000
0 0.2569053 0.043660715 0.07742985 0.08732143 0.040816 0.000000 0.000000 0.040816 0.000000 0.000000 0.040816 0.000000 0.000000 0.040816 0.000000 0.000000 0.040816 0.000000 0.000000 0.040816 0.000000 0.000000 0.040816 0.000000 0.000000 0.040816 0.000000 0.000000 0.040816 0.000000 0.000000 0.040816 0.000000 0.000000 0.040816 0.000000 0.000000 0.040816 0.000000 0.000000 0.040816 0.000000 0.000000 0.040816 0.000000 0.000000 0.040816 0.000000 0.000000 0.040816 0.000000 0.000000 0.040816 0.000000 0.000000
0 0.34325334 0.55375 0.3418766 0.6779082 0.342156 0.301020 2.000000 0.347895 0.290816 2.000000 0.334981 0.290816 2.000000 0.359375 0.283163 2.000000 0.324936 0.285714 2.000000 0.390944 0.352041 2.000000 0.299107 0.331633 2.000000 0.415338 0.436225 2.000000 0.293367 0.431122 2.000000 0.390944 0.431122 2.000000 0.339286 0.451531 2.000000 0.372290 0.533163 2.000000 0.319196 0.520408 2.000000 0.406728 0.678571 1.000000 0.251754 0.642857 2.000000 0.474171 0.836735 2.000000 0.211575 0.823980 2.000000