0 0.76210964 0.6247112 0.2869434 0.7280851 0.775266 0.422492 2.000000 0.782105 0.395137 2.000000 0.072568 0.000000 0.000000 0.821429 0.395137 2.000000 0.072568 0.000000 0.000000 0.864172 0.553192 2.000000 0.812880 0.510638 2.000000 0.783815 0.787234 2.000000 0.749620 0.674772 2.000000 0.761588 0.708207 2.000000 0.674392 0.796353 2.000000 0.811170 0.963526 2.000000 0.754749 0.896657 2.000000 0.072568 0.000000 0.000000 0.072568 0.000000 0.000000 0.072568 0.000000 0.000000 0.072568 0.000000 0.000000
0 0.7237861 0.38998482 0.033784196 0.14355622 0.072568 0.000000 0.000000 0.072568 0.000000 0.000000 0.072568 0.000000 0.000000 0.072568 0.000000 0.000000 0.072568 0.000000 0.000000 0.072568 0.000000 0.000000 0.072568 0.000000 0.000000 0.072568 0.000000 0.000000 0.072568 0.000000 0.000000 0.072568 0.000000 0.000000 0.072568 0.000000 0.000000 0.072568 0.000000 0.000000 0.072568 0.000000 0.000000 0.072568 0.000000 0.000000 0.072568 0.000000 0.000000 0.072568 0.000000 0.000000 0.072568 0.000000 0.000000
0 0.66157776 0.36571428 0.0275095 0.11738601 0.072568 0.000000 0.000000 0.072568 0.000000 0.000000 0.072568 0.000000 0.000000 0.072568 0.000000 0.000000 0.072568 0.000000 0.000000 0.072568 0.000000 0.000000 0.072568 0.000000 0.000000 0.072568 0.000000 0.000000 0.072568 0.000000 0.000000 0.072568 0.000000 0.000000 0.072568 0.000000 0.000000 0.072568 0.000000 0.000000 0.072568 0.000000 0.000000 0.072568 0.000000 0.000000 0.072568 0.000000 0.000000 0.072568 0.000000 0.000000 0.072568 0.000000 0.000000
0 0.649225 0.4031307 0.039494682 0.18006079 0.072568 0.000000 0.000000 0.072568 0.000000 0.000000 0.072568 0.000000 0.000000 0.072568 0.000000 0.000000 0.072568 0.000000 0.000000 0.072568 0.000000 0.000000 0.072568 0.000000 0.000000 0.072568 0.000000 0.000000 0.072568 0.000000 0.000000 0.072568 0.000000 0.000000 0.072568 0.000000 0.000000 0.072568 0.000000 0.000000 0.072568 0.000000 0.000000 0.072568 0.000000 0.000000 0.072568 0.000000 0.000000 0.072568 0.000000 0.000000 0.072568 0.000000 0.000000
0 0.897443 0.40513676 0.036485564 0.18790273 0.072568 0.000000 0.000000 0.072568 0.000000 0.000000 0.072568 0.000000 0.000000 0.072568 0.000000 0.000000 0.072568 0.000000 0.000000 0.072568 0.000000 0.000000 0.072568 0.000000 0.000000 0.072568 0.000000 0.000000 0.072568 0.000000 0.000000 0.072568 0.000000 0.000000 0.072568 0.000000 0.000000 0.072568 0.000000 0.000000 0.072568 0.000000 0.000000 0.072568 0.000000 0.000000 0.072568 0.000000 0.000000 0.072568 0.000000 0.000000 0.072568 0.000000 0.000000
0 0.4017078 0.40509117 0.033168692 0.1617933 0.072568 0.000000 0.000000 0.072568 0.000000 0.000000 0.072568 0.000000 0.000000 0.072568 0.000000 0.000000 0.072568 0.000000 0.000000 0.072568 0.000000 0.000000 0.072568 0.000000 0.000000 0.072568 0.000000 0.000000 0.072568 0.000000 0.000000 0.072568 0.000000 0.000000 0.072568 0.000000 0.000000 0.072568 0.000000 0.000000 0.072568 0.000000 0.000000 0.072568 0.000000 0.000000 0.072568 0.000000 0.000000 0.072568 0.000000 0.000000 0.072568 0.000000 0.000000
0 0.35716948 0.39864746 0.025509119 0.14227964 0.072568 0.000000 0.000000 0.072568 0.000000 0.000000 0.072568 0.000000 0.000000 0.072568 0.000000 0.000000 0.072568 0.000000 0.000000 0.072568 0.000000 0.000000 0.072568 0.000000 0.000000 0.072568 0.000000 0.000000 0.072568 0.000000 0.000000 0.072568 0.000000 0.000000 0.072568 0.000000 0.000000 0.072568 0.000000 0.000000 0.072568 0.000000 0.000000 0.072568 0.000000 0.000000 0.072568 0.000000 0.000000 0.072568 0.000000 0.000000 0.072568 0.000000 0.000000
0 0.59867686 0.3917933 0.04111892 0.18462007 0.072568 0.000000 0.000000 0.072568 0.000000 0.000000 0.072568 0.000000 0.000000 0.072568 0.000000 0.000000 0.072568 0.000000 0.000000 0.072568 0.000000 0.000000 0.072568 0.000000 0.000000 0.072568 0.000000 0.000000 0.072568 0.000000 0.000000 0.072568 0.000000 0.000000 0.072568 0.000000 0.000000 0.072568 0.000000 0.000000 0.072568 0.000000 0.000000 0.072568 0.000000 0.000000 0.072568 0.000000 0.000000 0.072568 0.000000 0.000000 0.072568 0.000000 0.000000
0 0.17504083 0.41682371 0.032536097 0.19802433 0.072568 0.000000 0.000000 0.072568 0.000000 0.000000 0.072568 0.000000 0.000000 0.072568 0.000000 0.000000 0.072568 0.000000 0.000000 0.072568 0.000000 0.000000 0.072568 0.000000 0.000000 0.072568 0.000000 0.000000 0.072568 0.000000 0.000000 0.072568 0.000000 0.000000 0.072568 0.000000 0.000000 0.072568 0.000000 0.000000 0.072568 0.000000 0.000000 0.072568 0.000000 0.000000 0.072568 0.000000 0.000000 0.072568 0.000000 0.000000 0.072568 0.000000 0.000000
0 0.27832544 0.43537992 0.04819719 0.14565349 0.072568 0.000000 0.000000 0.072568 0.000000 0.000000 0.072568 0.000000 0.000000 0.072568 0.000000 0.000000 0.072568 0.000000 0.000000 0.072568 0.000000 0.000000 0.072568 0.000000 0.000000 0.072568 0.000000 0.000000 0.072568 0.000000 0.000000 0.072568 0.000000 0.000000 0.072568 0.000000 0.000000 0.072568 0.000000 0.000000 0.072568 0.000000 0.000000 0.072568 0.000000 0.000000 0.072568 0.000000 0.000000 0.072568 0.000000 0.000000 0.072568 0.000000 0.000000
0 0.106061935 0.4112462 0.02906535 0.20224924 0.072568 0.000000 0.000000 0.072568 0.000000 0.000000 0.072568 0.000000 0.000000 0.072568 0.000000 0.000000 0.072568 0.000000 0.000000 0.072568 0.000000 0.000000 0.072568 0.000000 0.000000 0.072568 0.000000 0.000000 0.072568 0.000000 0.000000 0.072568 0.000000 0.000000 0.072568 0.000000 0.000000 0.072568 0.000000 0.000000 0.072568 0.000000 0.000000 0.072568 0.000000 0.000000 0.072568 0.000000 0.000000 0.072568 0.000000 0.000000 0.072568 0.000000 0.000000
0 0.13441774 0.42045593 0.026962388 0.17793314 0.072568 0.000000 0.000000 0.072568 0.000000 0.000000 0.072568 0.000000 0.000000 0.072568 0.000000 0.000000 0.072568 0.000000 0.000000 0.072568 0.000000 0.000000 0.072568 0.000000 0.000000 0.072568 0.000000 0.000000 0.072568 0.000000 0.000000 0.072568 0.000000 0.000000 0.072568 0.000000 0.000000 0.072568 0.000000 0.000000 0.072568 0.000000 0.000000 0.072568 0.000000 0.000000 0.072568 0.000000 0.000000 0.072568 0.000000 0.000000 0.072568 0.000000 0.000000
0 0.71164703 0.2894681 0.011591946 0.04714286 0.072568 0.000000 0.000000 0.072568 0.000000 0.000000 0.072568 0.000000 0.000000 0.072568 0.000000 0.000000 0.072568 0.000000 0.000000 0.072568 0.000000 0.000000 0.072568 0.000000 0.000000 0.072568 0.000000 0.000000 0.072568 0.000000 0.000000 0.072568 0.000000 0.000000 0.072568 0.000000 0.000000 0.072568 0.000000 0.000000 0.072568 0.000000 0.000000 0.072568 0.000000 0.000000 0.072568 0.000000 0.000000 0.072568 0.000000 0.000000 0.072568 0.000000 0.000000