0 0.20829916 0.77099115 0.12688464 0.26422906 0.229901 0.689427 2.000000 0.236096 0.682819 2.000000 0.227423 0.682819 2.000000 0.247247 0.676211 2.000000 0.103524 0.000000 0.000000 0.258398 0.707048 2.000000 0.221228 0.709251 2.000000 0.272026 0.753304 1.000000 0.196448 0.726872 2.000000 0.243530 0.742291 2.000000 0.162996 0.755507 2.000000 0.254681 0.795154 2.000000 0.224945 0.795154 2.000000 0.262115 0.775330 2.000000 0.193970 0.784141 2.000000 0.233618 0.854626 2.000000 0.191492 0.854626 2.000000
0 0.32043362 0.7695154 0.108460896 0.25837004 0.322825 0.691630 2.000000 0.327781 0.687225 2.000000 0.321586 0.685022 2.000000 0.341410 0.680617 2.000000 0.103524 0.000000 0.000000 0.345127 0.704846 2.000000 0.314152 0.704846 2.000000 0.355039 0.751101 2.000000 0.294328 0.735683 2.000000 0.353800 0.806167 2.000000 0.273265 0.762115 2.000000 0.342649 0.773128 2.000000 0.319108 0.773128 1.000000 0.367428 0.788546 2.000000 0.276982 0.781938 2.000000 0.103524 0.000000 0.000000 0.293089 0.856828 2.000000
0 0.6955988 0.7236673 0.0684664 0.20962554 0.693282 0.658590 2.000000 0.696999 0.654185 2.000000 0.689565 0.654185 2.000000 0.103524 0.000000 0.000000 0.682131 0.658590 2.000000 0.701955 0.689427 2.000000 0.677175 0.687225 2.000000 0.725496 0.713656 2.000000 0.664785 0.698238 2.000000 0.705672 0.715859 2.000000 0.687087 0.718062 2.000000 0.701955 0.775330 2.000000 0.679653 0.775330 2.000000 0.715584 0.713656 2.000000 0.675936 0.709251 2.000000 0.701955 0.797357 2.000000 0.692043 0.797357 2.000000
0 0.39876238 0.56137663 0.082566075 0.33063874 0.403359 0.429515 2.000000 0.408315 0.425110 2.000000 0.399642 0.425110 2.000000 0.413271 0.429515 2.000000 0.393447 0.429515 2.000000 0.418227 0.469163 2.000000 0.388491 0.462555 2.000000 0.428139 0.515418 2.000000 0.371145 0.508811 2.000000 0.431856 0.548458 2.000000 0.364950 0.548458 2.000000 0.412032 0.559471 2.000000 0.387252 0.555066 2.000000 0.409554 0.634361 2.000000 0.384774 0.629956 2.000000 0.403359 0.689427 1.000000 0.384774 0.689427 2.000000
0 0.46130642 0.5464317 0.07047357 0.34559467 0.466547 0.405286 2.000000 0.470264 0.403084 2.000000 0.462830 0.400881 2.000000 0.473981 0.407489 2.000000 0.457874 0.403084 2.000000 0.485132 0.447137 2.000000 0.443007 0.436123 2.000000 0.487610 0.500000 2.000000 0.434334 0.484582 2.000000 0.491327 0.548458 2.000000 0.443007 0.497797 2.000000 0.471503 0.552863 2.000000 0.447963 0.550661 2.000000 0.473981 0.618943 2.000000 0.440529 0.618943 2.000000 0.472742 0.689427 2.000000 0.435573 0.689427 2.000000
0 0.5183494 0.5590198 0.061775878 0.28892067 0.519824 0.440529 2.000000 0.523541 0.436123 2.000000 0.517346 0.436123 2.000000 0.530975 0.436123 2.000000 0.512390 0.438326 2.000000 0.540887 0.466960 2.000000 0.500000 0.464758 2.000000 0.103524 0.000000 0.000000 0.487610 0.488987 1.000000 0.103524 0.000000 0.000000 0.467786 0.488987 1.000000 0.526019 0.561674 2.000000 0.502478 0.559471 2.000000 0.528497 0.625551 1.000000 0.498761 0.625551 2.000000 0.532214 0.685022 1.000000 0.496283 0.687225 2.000000
0 0.76413953 0.584185 0.054688875 0.23312773 0.772577 0.493392 2.000000 0.773816 0.488987 2.000000 0.770099 0.486784 2.000000 0.103524 0.000000 0.000000 0.763904 0.484582 2.000000 0.772577 0.511013 2.000000 0.756470 0.506608 2.000000 0.778772 0.546255 2.000000 0.757709 0.539648 2.000000 0.775055 0.522026 2.000000 0.768860 0.515418 2.000000 0.768860 0.574890 2.000000 0.756470 0.574890 2.000000 0.752753 0.634361 2.000000 0.771338 0.629956 2.000000 0.741602 0.674009 2.000000 0.776294 0.685022 2.000000
0 0.55610746 0.71586996 0.06238298 0.23451541 0.564427 0.636564 2.000000 0.566905 0.627753 2.000000 0.560710 0.629956 2.000000 0.571861 0.632159 2.000000 0.553276 0.636564 2.000000 0.580534 0.667401 2.000000 0.545842 0.660793 2.000000 0.583012 0.724670 2.000000 0.535931 0.715859 2.000000 0.579295 0.759912 2.000000 0.528497 0.764317 2.000000 0.570622 0.751101 2.000000 0.545842 0.746696 2.000000 0.570622 0.817181 2.000000 0.544603 0.810573 2.000000 0.103524 0.000000 0.000000 0.539648 0.762115 1.000000
0 0.54915684 0.6630396 0.08914509 0.22550659 0.537170 0.581498 2.000000 0.540887 0.574890 2.000000 0.533453 0.577092 2.000000 0.545842 0.577092 2.000000 0.524780 0.579295 2.000000 0.549559 0.607929 2.000000 0.516107 0.623348 2.000000 0.584251 0.649780 2.000000 0.513629 0.662996 2.000000 0.103524 0.000000 0.000000 0.519824 0.676211 2.000000 0.550798 0.676211 1.000000 0.528497 0.676211 2.000000 0.103524 0.000000 0.000000 0.512390 0.711454 2.000000 0.103524 0.000000 0.000000 0.521063 0.729075 2.000000
0 0.32681444 0.5388656 0.064551204 0.30914098 0.338932 0.420705 2.000000 0.340171 0.414097 2.000000 0.333976 0.414097 2.000000 0.103524 0.000000 0.000000 0.322825 0.414097 2.000000 0.345127 0.436123 2.000000 0.312913 0.451542 2.000000 0.347605 0.480176 2.000000 0.309196 0.508811 2.000000 0.350083 0.539648 2.000000 0.333976 0.530837 2.000000 0.338932 0.563877 2.000000 0.319108 0.566079 2.000000 0.337693 0.627753 2.000000 0.310435 0.627753 2.000000 0.342649 0.704846 1.000000 0.314152 0.704846 1.000000
0 0.56419814 0.5190528 0.045061946 0.19982378 0.549559 0.451542 2.000000 0.553276 0.444934 2.000000 0.548320 0.444934 2.000000 0.560710 0.444934 2.000000 0.103524 0.000000 0.000000 0.569383 0.475771 2.000000 0.544603 0.475771 2.000000 0.580534 0.513216 2.000000 0.103524 0.000000 0.000000 0.560710 0.517621 2.000000 0.103524 0.000000 0.000000 0.568144 0.557269 2.000000 0.549559 0.559471 2.000000 0.568144 0.621145 1.000000 0.549559 0.616740 1.000000 0.103524 0.000000 0.000000 0.103524 0.000000 0.000000
0 0.682224 0.5695043 0.07098155 0.3257048 0.682131 0.440529 2.000000 0.685848 0.431718 2.000000 0.678414 0.433921 2.000000 0.690804 0.433921 2.000000 0.674697 0.436123 2.000000 0.703194 0.469163 2.000000 0.662307 0.469163 2.000000 0.713106 0.517621 2.000000 0.656112 0.515418 2.000000 0.695760 0.544053 2.000000 0.674697 0.535242 2.000000 0.693282 0.557269 2.000000 0.670980 0.559471 2.000000 0.699477 0.632159 1.000000 0.662307 0.638766 2.000000 0.701955 0.702643 1.000000 0.661068 0.704846 1.000000
0 0.13587418 0.53829294 0.046040747 0.20781937 0.130782 0.458150 2.000000 0.133260 0.453744 2.000000 0.127065 0.453744 2.000000 0.136977 0.451542 2.000000 0.122109 0.455947 1.000000 0.141933 0.473568 2.000000 0.120870 0.475771 1.000000 0.153084 0.502203 2.000000 0.103524 0.000000 0.000000 0.145650 0.530837 2.000000 0.103524 0.000000 0.000000 0.135738 0.548458 2.000000 0.123348 0.548458 2.000000 0.134499 0.581498 2.000000 0.115914 0.579295 2.000000 0.134499 0.625551 2.000000 0.127065 0.610132 2.000000