0 0.5245287 0.4423536 0.34326988 0.63814986 0.528981 0.231850 2.000000 0.534251 0.217799 2.000000 0.522395 0.217799 2.000000 0.078454 0.000000 0.000000 0.502635 0.203747 2.000000 0.548741 0.222482 2.000000 0.465749 0.285714 2.000000 0.584309 0.210773 2.000000 0.428864 0.355972 2.000000 0.619877 0.206089 2.000000 0.380123 0.409836 2.000000 0.573771 0.400468 2.000000 0.527664 0.433255 2.000000 0.625146 0.444965 2.000000 0.548741 0.524590 2.000000 0.650176 0.639344 2.000000 0.575088 0.695550 2.000000
0 0.8174503 0.58076113 0.07579918 0.3852225 0.789813 0.442623 2.000000 0.795082 0.428571 2.000000 0.078454 0.000000 0.000000 0.814842 0.423888 2.000000 0.078454 0.000000 0.000000 0.808255 0.449649 2.000000 0.835919 0.477752 2.000000 0.822746 0.503513 2.000000 0.851727 0.557377 1.000000 0.796399 0.578454 2.000000 0.817477 0.620609 2.000000 0.814842 0.608899 2.000000 0.843823 0.620609 2.000000 0.801669 0.737705 2.000000 0.812207 0.735363 2.000000 0.078454 0.000000 0.000000 0.078454 0.000000 0.000000
0 0.38364682 0.6543325 0.059134953 0.15016393 0.078454 0.000000 0.000000 0.078454 0.000000 0.000000 0.078454 0.000000 0.000000 0.078454 0.000000 0.000000 0.078454 0.000000 0.000000 0.078454 0.000000 0.000000 0.078454 0.000000 0.000000 0.078454 0.000000 0.000000 0.078454 0.000000 0.000000 0.078454 0.000000 0.000000 0.078454 0.000000 0.000000 0.078454 0.000000 0.000000 0.078454 0.000000 0.000000 0.078454 0.000000 0.000000 0.078454 0.000000 0.000000 0.078454 0.000000 0.000000 0.078454 0.000000 0.000000
0 0.3958387 0.8773419 0.06151932 0.14297423 0.388027 0.831382 2.000000 0.389344 0.826698 2.000000 0.388027 0.829040 2.000000 0.393296 0.824356 2.000000 0.078454 0.000000 0.000000 0.398566 0.833724 2.000000 0.385392 0.847775 2.000000 0.414374 0.843091 2.000000 0.380123 0.864169 2.000000 0.419643 0.859485 2.000000 0.370902 0.875878 2.000000 0.405152 0.878220 2.000000 0.393296 0.885246 2.000000 0.407787 0.911007 2.000000 0.388027 0.908665 2.000000 0.410422 0.941452 2.000000 0.382758 0.943794 1.000000
0 0.41028982 0.6903981 0.022315573 0.088665105 0.078454 0.000000 0.000000 0.078454 0.000000 0.000000 0.078454 0.000000 0.000000 0.078454 0.000000 0.000000 0.078454 0.000000 0.000000 0.078454 0.000000 0.000000 0.078454 0.000000 0.000000 0.078454 0.000000 0.000000 0.078454 0.000000 0.000000 0.078454 0.000000 0.000000 0.078454 0.000000 0.000000 0.078454 0.000000 0.000000 0.078454 0.000000 0.000000 0.078454 0.000000 0.000000 0.078454 0.000000 0.000000 0.078454 0.000000 0.000000 0.078454 0.000000 0.000000
0 0.30970508 0.8303044 0.022065282 0.091522254 0.078454 0.000000 0.000000 0.078454 0.000000 0.000000 0.078454 0.000000 0.000000 0.078454 0.000000 0.000000 0.078454 0.000000 0.000000 0.078454 0.000000 0.000000 0.078454 0.000000 0.000000 0.078454 0.000000 0.000000 0.078454 0.000000 0.000000 0.078454 0.000000 0.000000 0.078454 0.000000 0.000000 0.078454 0.000000 0.000000 0.078454 0.000000 0.000000 0.078454 0.000000 0.000000 0.078454 0.000000 0.000000 0.078454 0.000000 0.000000 0.078454 0.000000 0.000000
0 0.26234704 0.8092741 0.06440427 0.15892272 0.078454 0.000000 0.000000 0.078454 0.000000 0.000000 0.078454 0.000000 0.000000 0.078454 0.000000 0.000000 0.078454 0.000000 0.000000 0.078454 0.000000 0.000000 0.078454 0.000000 0.000000 0.078454 0.000000 0.000000 0.078454 0.000000 0.000000 0.078454 0.000000 0.000000 0.078454 0.000000 0.000000 0.078454 0.000000 0.000000 0.078454 0.000000 0.000000 0.078454 0.000000 0.000000 0.078454 0.000000 0.000000 0.078454 0.000000 0.000000 0.078454 0.000000 0.000000
0 0.13251098 0.8562881 0.08363729 0.14517565 0.121926 0.814988 2.000000 0.121926 0.810304 2.000000 0.120609 0.812646 2.000000 0.078454 0.000000 0.000000 0.115340 0.817330 2.000000 0.123244 0.819672 2.000000 0.111388 0.831382 2.000000 0.136417 0.803279 2.000000 0.099532 0.843091 2.000000 0.145638 0.789227 2.000000 0.094262 0.864169 2.000000 0.129830 0.859485 2.000000 0.123244 0.868852 2.000000 0.146956 0.864169 2.000000 0.131148 0.875878 2.000000 0.162763 0.892272 2.000000 0.141686 0.911007 2.000000
0 0.87406254 0.6287822 0.07884221 0.22557378 0.078454 0.000000 0.000000 0.078454 0.000000 0.000000 0.078454 0.000000 0.000000 0.866218 0.562061 2.000000 0.078454 0.000000 0.000000 0.885978 0.622951 2.000000 0.850410 0.620609 1.000000 0.900468 0.702576 2.000000 0.078454 0.000000 0.000000 0.867535 0.700234 2.000000 0.078454 0.000000 0.000000 0.078454 0.000000 0.000000 0.078454 0.000000 0.000000 0.078454 0.000000 0.000000 0.078454 0.000000 0.000000 0.078454 0.000000 0.000000 0.078454 0.000000 0.000000
0 0.4205386 0.90617096 0.015966041 0.08325527 0.078454 0.000000 0.000000 0.078454 0.000000 0.000000 0.078454 0.000000 0.000000 0.078454 0.000000 0.000000 0.078454 0.000000 0.000000 0.078454 0.000000 0.000000 0.078454 0.000000 0.000000 0.078454 0.000000 0.000000 0.078454 0.000000 0.000000 0.078454 0.000000 0.000000 0.078454 0.000000 0.000000 0.078454 0.000000 0.000000 0.078454 0.000000 0.000000 0.078454 0.000000 0.000000 0.078454 0.000000 0.000000 0.078454 0.000000 0.000000 0.078454 0.000000 0.000000
0 0.20502342 0.8478337 0.02381733 0.082552694 0.078454 0.000000 0.000000 0.078454 0.000000 0.000000 0.078454 0.000000 0.000000 0.078454 0.000000 0.000000 0.078454 0.000000 0.000000 0.078454 0.000000 0.000000 0.078454 0.000000 0.000000 0.078454 0.000000 0.000000 0.078454 0.000000 0.000000 0.078454 0.000000 0.000000 0.078454 0.000000 0.000000 0.078454 0.000000 0.000000 0.078454 0.000000 0.000000 0.078454 0.000000 0.000000 0.078454 0.000000 0.000000 0.078454 0.000000 0.000000 0.078454 0.000000 0.000000
0 0.21967214 0.8548829 0.010011709 0.035058547 0.078454 0.000000 0.000000 0.078454 0.000000 0.000000 0.078454 0.000000 0.000000 0.078454 0.000000 0.000000 0.078454 0.000000 0.000000 0.078454 0.000000 0.000000 0.078454 0.000000 0.000000 0.078454 0.000000 0.000000 0.078454 0.000000 0.000000 0.078454 0.000000 0.000000 0.078454 0.000000 0.000000 0.078454 0.000000 0.000000 0.078454 0.000000 0.000000 0.078454 0.000000 0.000000 0.078454 0.000000 0.000000 0.078454 0.000000 0.000000 0.078454 0.000000 0.000000