0 0.7638242 0.87672913 0.054984372 0.24654165 0.125000 0.000000 0.000000 0.125000 0.000000 0.000000 0.125000 0.000000 0.000000 0.750781 0.789583 2.000000 0.125000 0.000000 0.000000 0.748438 0.814583 2.000000 0.781250 0.820833 2.000000 0.748438 0.872917 2.000000 0.784766 0.879167 2.000000 0.741406 0.925000 2.000000 0.789453 0.918750 2.000000 0.758984 0.912500 2.000000 0.774219 0.908333 2.000000 0.761328 0.989583 2.000000 0.780078 0.989583 2.000000 0.125000 0.000000 0.000000 0.125000 0.000000 0.000000
0 0.7256504 0.8953438 0.036222655 0.20214584 0.719141 0.822917 2.000000 0.722656 0.816667 2.000000 0.715625 0.818750 2.000000 0.730859 0.818750 2.000000 0.712109 0.829167 2.000000 0.742578 0.850000 2.000000 0.709766 0.864583 1.000000 0.746094 0.891667 1.000000 0.707422 0.893750 1.000000 0.727344 0.920833 2.000000 0.708594 0.908333 1.000000 0.737891 0.910417 2.000000 0.719141 0.912500 2.000000 0.732031 0.937500 2.000000 0.125000 0.000000 0.000000 0.125000 0.000000 0.000000 0.125000 0.000000 0.000000
0 0.6863926 0.88522923 0.06289453 0.22954166 0.125000 0.000000 0.000000 0.125000 0.000000 0.000000 0.125000 0.000000 0.000000 0.682813 0.806250 1.000000 0.702734 0.808333 1.000000 0.676953 0.837500 2.000000 0.705078 0.837500 2.000000 0.666406 0.879167 2.000000 0.714453 0.870833 2.000000 0.661719 0.860417 2.000000 0.707422 0.900000 2.000000 0.685156 0.920833 2.000000 0.703906 0.918750 2.000000 0.125000 0.000000 0.000000 0.125000 0.000000 0.000000 0.125000 0.000000 0.000000 0.125000 0.000000 0.000000
0 0.63016015 0.85946876 0.062390625 0.2810625 0.637109 0.756250 2.000000 0.125000 0.000000 0.000000 0.634766 0.750000 2.000000 0.125000 0.000000 0.000000 0.626562 0.750000 2.000000 0.631250 0.777083 2.000000 0.613672 0.779167 2.000000 0.654688 0.779167 2.000000 0.601953 0.825000 2.000000 0.642969 0.745833 2.000000 0.618359 0.816667 2.000000 0.635938 0.847917 2.000000 0.621875 0.850000 2.000000 0.627734 0.947917 2.000000 0.614844 0.947917 2.000000 0.125000 0.000000 0.000000 0.125000 0.000000 0.000000
0 0.5023086 0.86507297 0.06679688 0.123479165 0.502344 0.827083 2.000000 0.504687 0.822917 2.000000 0.502344 0.822917 2.000000 0.512891 0.822917 2.000000 0.125000 0.000000 0.000000 0.518750 0.843750 2.000000 0.509375 0.841667 2.000000 0.507031 0.877083 2.000000 0.507031 0.864583 2.000000 0.496484 0.902083 2.000000 0.125000 0.000000 0.000000 0.530469 0.895833 2.000000 0.518750 0.885417 2.000000 0.503516 0.906250 2.000000 0.495313 0.887500 2.000000 0.473047 0.916667 2.000000 0.475391 0.895833 2.000000
0 0.4584746 0.84026045 0.055371094 0.25727084 0.449609 0.741667 2.000000 0.451953 0.735417 2.000000 0.447266 0.735417 2.000000 0.125000 0.000000 0.000000 0.441406 0.739583 2.000000 0.462500 0.756250 2.000000 0.435547 0.768750 2.000000 0.471875 0.752083 2.000000 0.435547 0.804167 2.000000 0.476562 0.747917 1.000000 0.434375 0.835417 2.000000 0.462500 0.822917 2.000000 0.448438 0.827083 2.000000 0.463672 0.883333 2.000000 0.450781 0.881250 2.000000 0.464844 0.939583 2.000000 0.451953 0.939583 1.000000
0 0.40171483 0.8315 0.04921875 0.29808334 0.401563 0.708333 2.000000 0.403906 0.702083 2.000000 0.399219 0.702083 2.000000 0.125000 0.000000 0.000000 0.391016 0.708333 2.000000 0.414453 0.741667 2.000000 0.385156 0.741667 2.000000 0.417969 0.783333 2.000000 0.382812 0.787500 2.000000 0.422656 0.818750 2.000000 0.380469 0.829167 2.000000 0.410937 0.820833 2.000000 0.396875 0.818750 2.000000 0.415625 0.889583 2.000000 0.395703 0.881250 2.000000 0.406250 0.939583 2.000000 0.394531 0.952083 2.000000
0 0.1721211 0.8210625 0.029296875 0.13666666 0.125000 0.000000 0.000000 0.125000 0.000000 0.000000 0.125000 0.000000 0.000000 0.125000 0.000000 0.000000 0.125000 0.000000 0.000000 0.125000 0.000000 0.000000 0.125000 0.000000 0.000000 0.125000 0.000000 0.000000 0.125000 0.000000 0.000000 0.125000 0.000000 0.000000 0.125000 0.000000 0.000000 0.125000 0.000000 0.000000 0.125000 0.000000 0.000000 0.125000 0.000000 0.000000 0.125000 0.000000 0.000000 0.125000 0.000000 0.000000 0.125000 0.000000 0.000000
0 0.17935742 0.785375 0.03092578 0.15716667 0.125000 0.000000 0.000000 0.125000 0.000000 0.000000 0.125000 0.000000 0.000000 0.125000 0.000000 0.000000 0.125000 0.000000 0.000000 0.125000 0.000000 0.000000 0.125000 0.000000 0.000000 0.125000 0.000000 0.000000 0.125000 0.000000 0.000000 0.125000 0.000000 0.000000 0.125000 0.000000 0.000000 0.125000 0.000000 0.000000 0.125000 0.000000 0.000000 0.125000 0.000000 0.000000 0.125000 0.000000 0.000000 0.125000 0.000000 0.000000 0.125000 0.000000 0.000000
0 0.34079492 0.8334271 0.069878906 0.083645836 0.125000 0.000000 0.000000 0.125000 0.000000 0.000000 0.125000 0.000000 0.000000 0.125000 0.000000 0.000000 0.125000 0.000000 0.000000 0.359375 0.814583 2.000000 0.338281 0.814583 2.000000 0.364062 0.831250 2.000000 0.332422 0.831250 2.000000 0.369922 0.850000 2.000000 0.330078 0.852083 2.000000 0.352344 0.847917 2.000000 0.340625 0.845833 2.000000 0.354688 0.854167 2.000000 0.331250 0.845833 2.000000 0.357031 0.862500 2.000000 0.317187 0.866667 2.000000
0 0.24955274 0.8225416 0.031839844 0.09358332 0.125000 0.000000 0.000000 0.125000 0.000000 0.000000 0.125000 0.000000 0.000000 0.125000 0.000000 0.000000 0.125000 0.000000 0.000000 0.125000 0.000000 0.000000 0.125000 0.000000 0.000000 0.125000 0.000000 0.000000 0.125000 0.000000 0.000000 0.125000 0.000000 0.000000 0.125000 0.000000 0.000000 0.125000 0.000000 0.000000 0.125000 0.000000 0.000000 0.125000 0.000000 0.000000 0.125000 0.000000 0.000000 0.125000 0.000000 0.000000 0.125000 0.000000 0.000000
0 0.20852539 0.79464585 0.028183592 0.069 0.125000 0.000000 0.000000 0.125000 0.000000 0.000000 0.125000 0.000000 0.000000 0.125000 0.000000 0.000000 0.125000 0.000000 0.000000 0.125000 0.000000 0.000000 0.125000 0.000000 0.000000 0.125000 0.000000 0.000000 0.125000 0.000000 0.000000 0.125000 0.000000 0.000000 0.125000 0.000000 0.000000 0.125000 0.000000 0.000000 0.125000 0.000000 0.000000 0.125000 0.000000 0.000000 0.125000 0.000000 0.000000 0.125000 0.000000 0.000000 0.125000 0.000000 0.000000
0 0.30859178 0.7997291 0.038378906 0.10041667 0.125000 0.000000 0.000000 0.125000 0.000000 0.000000 0.125000 0.000000 0.000000 0.125000 0.000000 0.000000 0.125000 0.000000 0.000000 0.125000 0.000000 0.000000 0.125000 0.000000 0.000000 0.125000 0.000000 0.000000 0.125000 0.000000 0.000000 0.125000 0.000000 0.000000 0.125000 0.000000 0.000000 0.125000 0.000000 0.000000 0.125000 0.000000 0.000000 0.125000 0.000000 0.000000 0.125000 0.000000 0.000000 0.125000 0.000000 0.000000 0.125000 0.000000 0.000000
0 0.49941406 0.665625 0.73945314 0.5520833 0.125000 0.000000 0.000000 0.125000 0.000000 0.000000 0.125000 0.000000 0.000000 0.125000 0.000000 0.000000 0.125000 0.000000 0.000000 0.125000 0.000000 0.000000 0.125000 0.000000 0.000000 0.125000 0.000000 0.000000 0.125000 0.000000 0.000000 0.125000 0.000000 0.000000 0.125000 0.000000 0.000000 0.125000 0.000000 0.000000 0.125000 0.000000 0.000000 0.125000 0.000000 0.000000 0.125000 0.000000 0.000000 0.125000 0.000000 0.000000 0.125000 0.000000 0.000000