0 0.37625 0.41423193 0.081155874 0.2613554 0.364458 0.319277 2.000000 0.369541 0.310241 2.000000 0.361069 0.310241 2.000000 0.374623 0.313253 2.000000 0.355986 0.313253 1.000000 0.388178 0.346386 2.000000 0.342432 0.355422 2.000000 0.386483 0.415663 2.000000 0.357681 0.406626 2.000000 0.350904 0.424699 2.000000 0.378012 0.403614 2.000000 0.388178 0.412651 2.000000 0.362764 0.421687 2.000000 0.376318 0.439759 2.000000 0.366152 0.527108 2.000000 0.379706 0.527108 1.000000 0.405120 0.518072 2.000000
0 0.8917423 0.893253 0.060672063 0.1910241 0.076431 0.000000 0.000000 0.076431 0.000000 0.000000 0.076431 0.000000 0.000000 0.887989 0.948795 2.000000 0.076431 0.000000 0.000000 0.076431 0.000000 0.000000 0.076431 0.000000 0.000000 0.076431 0.000000 0.000000 0.076431 0.000000 0.000000 0.076431 0.000000 0.000000 0.076431 0.000000 0.000000 0.076431 0.000000 0.000000 0.076431 0.000000 0.000000 0.076431 0.000000 0.000000 0.076431 0.000000 0.000000 0.076431 0.000000 0.000000 0.076431 0.000000 0.000000
0 0.61214423 0.37326807 0.089085095 0.3699096 0.605045 0.225904 2.000000 0.610128 0.216867 2.000000 0.601657 0.216867 2.000000 0.618599 0.222892 2.000000 0.076431 0.000000 0.000000 0.630459 0.268072 2.000000 0.588102 0.268072 2.000000 0.642319 0.322289 2.000000 0.579631 0.331325 2.000000 0.647402 0.370482 2.000000 0.571160 0.373494 2.000000 0.621988 0.358434 2.000000 0.596574 0.358434 2.000000 0.627071 0.457831 2.000000 0.598268 0.457831 2.000000 0.633848 0.536145 2.000000 0.601657 0.533133 2.000000
0 0.42467242 0.57753015 0.15041791 0.3775301 0.076431 0.000000 0.000000 0.076431 0.000000 0.000000 0.076431 0.000000 0.000000 0.439006 0.442771 2.000000 0.467809 0.445783 2.000000 0.425452 0.475904 2.000000 0.472892 0.503012 2.000000 0.396649 0.496988 2.000000 0.435617 0.509036 2.000000 0.369541 0.506024 2.000000 0.396649 0.521084 1.000000 0.427146 0.608434 2.000000 0.462726 0.623494 2.000000 0.400038 0.662651 2.000000 0.469503 0.680723 2.000000 0.371235 0.731928 2.000000 0.488140 0.743976 2.000000
0 0.3263027 0.47861448 0.0581137 0.119939744 0.076431 0.000000 0.000000 0.076431 0.000000 0.000000 0.076431 0.000000 0.000000 0.076431 0.000000 0.000000 0.076431 0.000000 0.000000 0.076431 0.000000 0.000000 0.076431 0.000000 0.000000 0.076431 0.000000 0.000000 0.076431 0.000000 0.000000 0.076431 0.000000 0.000000 0.076431 0.000000 0.000000 0.076431 0.000000 0.000000 0.076431 0.000000 0.000000 0.076431 0.000000 0.000000 0.076431 0.000000 0.000000 0.076431 0.000000 0.000000 0.076431 0.000000 0.000000
0 0.80801105 0.38671684 0.05721574 0.102108434 0.076431 0.000000 0.000000 0.076431 0.000000 0.000000 0.076431 0.000000 0.000000 0.076431 0.000000 0.000000 0.076431 0.000000 0.000000 0.076431 0.000000 0.000000 0.076431 0.000000 0.000000 0.076431 0.000000 0.000000 0.076431 0.000000 0.000000 0.076431 0.000000 0.000000 0.076431 0.000000 0.000000 0.076431 0.000000 0.000000 0.076431 0.000000 0.000000 0.076431 0.000000 0.000000 0.076431 0.000000 0.000000 0.076431 0.000000 0.000000 0.076431 0.000000 0.000000
0 0.8827287 0.54822284 0.0802579 0.37674698 0.881212 0.412651 2.000000 0.886295 0.400602 2.000000 0.076431 0.000000 0.000000 0.906626 0.412651 2.000000 0.076431 0.000000 0.000000 0.910015 0.460843 2.000000 0.887989 0.451807 2.000000 0.918486 0.521084 1.000000 0.869352 0.506024 2.000000 0.898155 0.545181 2.000000 0.076431 0.000000 0.000000 0.898155 0.572289 2.000000 0.877824 0.563253 2.000000 0.893072 0.638554 2.000000 0.871047 0.629518 2.000000 0.889684 0.698795 2.000000 0.894767 0.683735 2.000000
0 0.4196743 0.37134033 0.049337346 0.17731926 0.076431 0.000000 0.000000 0.076431 0.000000 0.000000 0.076431 0.000000 0.000000 0.076431 0.000000 0.000000 0.076431 0.000000 0.000000 0.076431 0.000000 0.000000 0.076431 0.000000 0.000000 0.076431 0.000000 0.000000 0.076431 0.000000 0.000000 0.076431 0.000000 0.000000 0.076431 0.000000 0.000000 0.076431 0.000000 0.000000 0.076431 0.000000 0.000000 0.076431 0.000000 0.000000 0.076431 0.000000 0.000000 0.076431 0.000000 0.000000 0.076431 0.000000 0.000000
0 0.29631397 0.3501506 0.06746611 0.1523494 0.076431 0.000000 0.000000 0.076431 0.000000 0.000000 0.076431 0.000000 0.000000 0.076431 0.000000 0.000000 0.076431 0.000000 0.000000 0.076431 0.000000 0.000000 0.076431 0.000000 0.000000 0.076431 0.000000 0.000000 0.076431 0.000000 0.000000 0.076431 0.000000 0.000000 0.076431 0.000000 0.000000 0.076431 0.000000 0.000000 0.076431 0.000000 0.000000 0.076431 0.000000 0.000000 0.076431 0.000000 0.000000 0.076431 0.000000 0.000000 0.076431 0.000000 0.000000
0 0.2439185 0.42519575 0.06544992 0.2860542 0.252636 0.331325 2.000000 0.257718 0.325301 2.000000 0.249247 0.325301 2.000000 0.259413 0.331325 2.000000 0.244164 0.331325 2.000000 0.261107 0.361446 2.000000 0.239081 0.355422 2.000000 0.257718 0.403614 2.000000 0.232304 0.394578 2.000000 0.240776 0.430723 2.000000 0.244164 0.412651 2.000000 0.254330 0.421687 2.000000 0.240776 0.418675 2.000000 0.252636 0.487952 2.000000 0.232304 0.484940 2.000000 0.249247 0.539157 2.000000 0.223833 0.536145 2.000000
0 0.17003955 0.34290665 0.055775598 0.16484939 0.174699 0.289157 2.000000 0.178087 0.283133 2.000000 0.173005 0.283133 2.000000 0.181476 0.283133 2.000000 0.169616 0.283133 2.000000 0.188253 0.307229 2.000000 0.166227 0.307229 2.000000 0.188253 0.337349 2.000000 0.162839 0.316265 2.000000 0.173005 0.316265 2.000000 0.152673 0.334337 2.000000 0.184864 0.367470 2.000000 0.169616 0.364458 2.000000 0.188253 0.352410 2.000000 0.152673 0.349398 2.000000 0.184864 0.406626 2.000000 0.154367 0.406626 2.000000
0 0.09421217 0.3340361 0.035562877 0.15066265 0.076431 0.000000 0.000000 0.076431 0.000000 0.000000 0.076431 0.000000 0.000000 0.076431 0.000000 0.000000 0.076431 0.000000 0.000000 0.076431 0.000000 0.000000 0.076431 0.000000 0.000000 0.076431 0.000000 0.000000 0.076431 0.000000 0.000000 0.076431 0.000000 0.000000 0.076431 0.000000 0.000000 0.076431 0.000000 0.000000 0.076431 0.000000 0.000000 0.076431 0.000000 0.000000 0.076431 0.000000 0.000000 0.076431 0.000000 0.000000 0.076431 0.000000 0.000000
0 0.5210599 0.39796686 0.05753765 0.1489458 0.076431 0.000000 0.000000 0.076431 0.000000 0.000000 0.076431 0.000000 0.000000 0.076431 0.000000 0.000000 0.076431 0.000000 0.000000 0.076431 0.000000 0.000000 0.076431 0.000000 0.000000 0.076431 0.000000 0.000000 0.076431 0.000000 0.000000 0.076431 0.000000 0.000000 0.076431 0.000000 0.000000 0.076431 0.000000 0.000000 0.076431 0.000000 0.000000 0.076431 0.000000 0.000000 0.076431 0.000000 0.000000 0.076431 0.000000 0.000000 0.076431 0.000000 0.000000
0 0.5499812 0.49849397 0.74378765 0.99698794 0.076431 0.000000 0.000000 0.076431 0.000000 0.000000 0.076431 0.000000 0.000000 0.076431 0.000000 0.000000 0.076431 0.000000 0.000000 0.076431 0.000000 0.000000 0.076431 0.000000 0.000000 0.076431 0.000000 0.000000 0.076431 0.000000 0.000000 0.076431 0.000000 0.000000 0.076431 0.000000 0.000000 0.076431 0.000000 0.000000 0.076431 0.000000 0.000000 0.076431 0.000000 0.000000 0.076431 0.000000 0.000000 0.076431 0.000000 0.000000 0.076431 0.000000 0.000000