0 0.6174148 0.61243486 0.027211923 0.15969941 0.139279 0.000000 0.000000 0.139279 0.000000 0.000000 0.139279 0.000000 0.000000 0.139279 0.000000 0.000000 0.139279 0.000000 0.000000 0.139279 0.000000 0.000000 0.139279 0.000000 0.000000 0.139279 0.000000 0.000000 0.139279 0.000000 0.000000 0.139279 0.000000 0.000000 0.139279 0.000000 0.000000 0.139279 0.000000 0.000000 0.139279 0.000000 0.000000 0.139279 0.000000 0.000000 0.139279 0.000000 0.000000 0.139279 0.000000 0.000000 0.139279 0.000000 0.000000
0 0.6800958 0.63117236 0.024044337 0.114649296 0.139279 0.000000 0.000000 0.139279 0.000000 0.000000 0.139279 0.000000 0.000000 0.139279 0.000000 0.000000 0.139279 0.000000 0.000000 0.139279 0.000000 0.000000 0.139279 0.000000 0.000000 0.139279 0.000000 0.000000 0.139279 0.000000 0.000000 0.139279 0.000000 0.000000 0.139279 0.000000 0.000000 0.139279 0.000000 0.000000 0.139279 0.000000 0.000000 0.139279 0.000000 0.000000 0.139279 0.000000 0.000000 0.139279 0.000000 0.000000 0.139279 0.000000 0.000000
0 0.47458604 0.5421042 0.008398045 0.074709415 0.139279 0.000000 0.000000 0.139279 0.000000 0.000000 0.139279 0.000000 0.000000 0.139279 0.000000 0.000000 0.139279 0.000000 0.000000 0.139279 0.000000 0.000000 0.139279 0.000000 0.000000 0.139279 0.000000 0.000000 0.139279 0.000000 0.000000 0.139279 0.000000 0.000000 0.139279 0.000000 0.000000 0.139279 0.000000 0.000000 0.139279 0.000000 0.000000 0.139279 0.000000 0.000000 0.139279 0.000000 0.000000 0.139279 0.000000 0.000000 0.139279 0.000000 0.000000
0 0.7101766 0.601503 0.021778556 0.15034066 0.139279 0.000000 0.000000 0.139279 0.000000 0.000000 0.139279 0.000000 0.000000 0.139279 0.000000 0.000000 0.139279 0.000000 0.000000 0.139279 0.000000 0.000000 0.139279 0.000000 0.000000 0.139279 0.000000 0.000000 0.139279 0.000000 0.000000 0.139279 0.000000 0.000000 0.139279 0.000000 0.000000 0.139279 0.000000 0.000000 0.139279 0.000000 0.000000 0.139279 0.000000 0.000000 0.139279 0.000000 0.000000 0.139279 0.000000 0.000000 0.139279 0.000000 0.000000
0 0.7890167 0.5131462 0.0105961915 0.046773545 0.139279 0.000000 0.000000 0.139279 0.000000 0.000000 0.139279 0.000000 0.000000 0.139279 0.000000 0.000000 0.139279 0.000000 0.000000 0.139279 0.000000 0.000000 0.139279 0.000000 0.000000 0.139279 0.000000 0.000000 0.139279 0.000000 0.000000 0.139279 0.000000 0.000000 0.139279 0.000000 0.000000 0.139279 0.000000 0.000000 0.139279 0.000000 0.000000 0.139279 0.000000 0.000000 0.139279 0.000000 0.000000 0.139279 0.000000 0.000000 0.139279 0.000000 0.000000
0 0.54218185 0.5346893 0.015015029 0.06881763 0.139279 0.000000 0.000000 0.139279 0.000000 0.000000 0.139279 0.000000 0.000000 0.139279 0.000000 0.000000 0.139279 0.000000 0.000000 0.139279 0.000000 0.000000 0.139279 0.000000 0.000000 0.139279 0.000000 0.000000 0.139279 0.000000 0.000000 0.139279 0.000000 0.000000 0.139279 0.000000 0.000000 0.139279 0.000000 0.000000 0.139279 0.000000 0.000000 0.139279 0.000000 0.000000 0.139279 0.000000 0.000000 0.139279 0.000000 0.000000 0.139279 0.000000 0.000000
0 0.51974946 0.52867734 0.0112499995 0.065410815 0.139279 0.000000 0.000000 0.139279 0.000000 0.000000 0.139279 0.000000 0.000000 0.139279 0.000000 0.000000 0.139279 0.000000 0.000000 0.139279 0.000000 0.000000 0.139279 0.000000 0.000000 0.139279 0.000000 0.000000 0.139279 0.000000 0.000000 0.139279 0.000000 0.000000 0.139279 0.000000 0.000000 0.139279 0.000000 0.000000 0.139279 0.000000 0.000000 0.139279 0.000000 0.000000 0.139279 0.000000 0.000000 0.139279 0.000000 0.000000 0.139279 0.000000 0.000000
0 0.41294777 0.51141286 0.010404558 0.037174344 0.139279 0.000000 0.000000 0.139279 0.000000 0.000000 0.139279 0.000000 0.000000 0.139279 0.000000 0.000000 0.139279 0.000000 0.000000 0.139279 0.000000 0.000000 0.139279 0.000000 0.000000 0.139279 0.000000 0.000000 0.139279 0.000000 0.000000 0.139279 0.000000 0.000000 0.139279 0.000000 0.000000 0.139279 0.000000 0.000000 0.139279 0.000000 0.000000 0.139279 0.000000 0.000000 0.139279 0.000000 0.000000 0.139279 0.000000 0.000000 0.139279 0.000000 0.000000
0 0.6987011 0.61947894 0.018441884 0.13162325 0.139279 0.000000 0.000000 0.139279 0.000000 0.000000 0.139279 0.000000 0.000000 0.139279 0.000000 0.000000 0.139279 0.000000 0.000000 0.139279 0.000000 0.000000 0.139279 0.000000 0.000000 0.139279 0.000000 0.000000 0.139279 0.000000 0.000000 0.139279 0.000000 0.000000 0.139279 0.000000 0.000000 0.139279 0.000000 0.000000 0.139279 0.000000 0.000000 0.139279 0.000000 0.000000 0.139279 0.000000 0.000000 0.139279 0.000000 0.000000 0.139279 0.000000 0.000000
0 0.76392406 0.513517 0.03122495 0.05356713 0.139279 0.000000 0.000000 0.139279 0.000000 0.000000 0.139279 0.000000 0.000000 0.139279 0.000000 0.000000 0.139279 0.000000 0.000000 0.139279 0.000000 0.000000 0.139279 0.000000 0.000000 0.139279 0.000000 0.000000 0.139279 0.000000 0.000000 0.139279 0.000000 0.000000 0.139279 0.000000 0.000000 0.139279 0.000000 0.000000 0.139279 0.000000 0.000000 0.139279 0.000000 0.000000 0.139279 0.000000 0.000000 0.139279 0.000000 0.000000 0.139279 0.000000 0.000000
0 0.6835001 0.5144489 0.010359468 0.029098196 0.139279 0.000000 0.000000 0.139279 0.000000 0.000000 0.139279 0.000000 0.000000 0.139279 0.000000 0.000000 0.139279 0.000000 0.000000 0.139279 0.000000 0.000000 0.139279 0.000000 0.000000 0.139279 0.000000 0.000000 0.139279 0.000000 0.000000 0.139279 0.000000 0.000000 0.139279 0.000000 0.000000 0.139279 0.000000 0.000000 0.139279 0.000000 0.000000 0.139279 0.000000 0.000000 0.139279 0.000000 0.000000 0.139279 0.000000 0.000000 0.139279 0.000000 0.000000
0 0.50038886 0.53474945 0.012140531 0.06308617 0.139279 0.000000 0.000000 0.139279 0.000000 0.000000 0.139279 0.000000 0.000000 0.139279 0.000000 0.000000 0.139279 0.000000 0.000000 0.139279 0.000000 0.000000 0.139279 0.000000 0.000000 0.139279 0.000000 0.000000 0.139279 0.000000 0.000000 0.139279 0.000000 0.000000 0.139279 0.000000 0.000000 0.139279 0.000000 0.000000 0.139279 0.000000 0.000000 0.139279 0.000000 0.000000 0.139279 0.000000 0.000000 0.139279 0.000000 0.000000 0.139279 0.000000 0.000000
0 0.5315518 0.53003 0.0071693384 0.04783567 0.139279 0.000000 0.000000 0.139279 0.000000 0.000000 0.139279 0.000000 0.000000 0.139279 0.000000 0.000000 0.139279 0.000000 0.000000 0.139279 0.000000 0.000000 0.139279 0.000000 0.000000 0.139279 0.000000 0.000000 0.139279 0.000000 0.000000 0.139279 0.000000 0.000000 0.139279 0.000000 0.000000 0.139279 0.000000 0.000000 0.139279 0.000000 0.000000 0.139279 0.000000 0.000000 0.139279 0.000000 0.000000 0.139279 0.000000 0.000000 0.139279 0.000000 0.000000
0 0.5433993 0.50901806 0.59180856 0.12825651 0.139279 0.000000 0.000000 0.139279 0.000000 0.000000 0.139279 0.000000 0.000000 0.139279 0.000000 0.000000 0.139279 0.000000 0.000000 0.139279 0.000000 0.000000 0.139279 0.000000 0.000000 0.139279 0.000000 0.000000 0.139279 0.000000 0.000000 0.139279 0.000000 0.000000 0.139279 0.000000 0.000000 0.139279 0.000000 0.000000 0.139279 0.000000 0.000000 0.139279 0.000000 0.000000 0.139279 0.000000 0.000000 0.139279 0.000000 0.000000 0.139279 0.000000 0.000000