0 0.17136003 0.35112676 0.018723594 0.08652583 0.077465 0.000000 0.000000 0.077465 0.000000 0.000000 0.077465 0.000000 0.000000 0.077465 0.000000 0.000000 0.077465 0.000000 0.000000 0.077465 0.000000 0.000000 0.077465 0.000000 0.000000 0.077465 0.000000 0.000000 0.077465 0.000000 0.000000 0.077465 0.000000 0.000000 0.077465 0.000000 0.000000 0.077465 0.000000 0.000000 0.077465 0.000000 0.000000 0.077465 0.000000 0.000000 0.077465 0.000000 0.000000 0.077465 0.000000 0.000000 0.077465 0.000000 0.000000
0 0.537599 0.36372066 0.049476232 0.07913146 0.077465 0.000000 0.000000 0.077465 0.000000 0.000000 0.077465 0.000000 0.000000 0.077465 0.000000 0.000000 0.077465 0.000000 0.000000 0.077465 0.000000 0.000000 0.077465 0.000000 0.000000 0.077465 0.000000 0.000000 0.077465 0.000000 0.000000 0.077465 0.000000 0.000000 0.077465 0.000000 0.000000 0.077465 0.000000 0.000000 0.077465 0.000000 0.000000 0.077465 0.000000 0.000000 0.077465 0.000000 0.000000 0.077465 0.000000 0.000000 0.077465 0.000000 0.000000
0 0.39948285 0.19868545 0.07382483 0.0987324 0.077465 0.000000 0.000000 0.077465 0.000000 0.000000 0.077465 0.000000 0.000000 0.077465 0.000000 0.000000 0.077465 0.000000 0.000000 0.424736 0.173709 2.000000 0.426056 0.206573 2.000000 0.412852 0.183099 2.000000 0.077465 0.000000 0.000000 0.399648 0.169014 2.000000 0.077465 0.000000 0.000000 0.404930 0.204225 2.000000 0.399648 0.230047 2.000000 0.383803 0.159624 2.000000 0.381162 0.178404 2.000000 0.371919 0.190141 1.000000 0.366637 0.211268 1.000000
0 0.34988114 0.5453873 0.014339789 0.06002348 0.077465 0.000000 0.000000 0.077465 0.000000 0.000000 0.077465 0.000000 0.000000 0.077465 0.000000 0.000000 0.077465 0.000000 0.000000 0.077465 0.000000 0.000000 0.077465 0.000000 0.000000 0.077465 0.000000 0.000000 0.077465 0.000000 0.000000 0.077465 0.000000 0.000000 0.077465 0.000000 0.000000 0.077465 0.000000 0.000000 0.077465 0.000000 0.000000 0.077465 0.000000 0.000000 0.077465 0.000000 0.000000 0.077465 0.000000 0.000000 0.077465 0.000000 0.000000
0 0.14338689 0.36029342 0.027002642 0.057769954 0.077465 0.000000 0.000000 0.077465 0.000000 0.000000 0.077465 0.000000 0.000000 0.077465 0.000000 0.000000 0.077465 0.000000 0.000000 0.077465 0.000000 0.000000 0.077465 0.000000 0.000000 0.077465 0.000000 0.000000 0.077465 0.000000 0.000000 0.077465 0.000000 0.000000 0.077465 0.000000 0.000000 0.077465 0.000000 0.000000 0.077465 0.000000 0.000000 0.077465 0.000000 0.000000 0.077465 0.000000 0.000000 0.077465 0.000000 0.000000 0.077465 0.000000 0.000000
0 0.4483253 0.6408333 0.010523767 0.05161972 0.077465 0.000000 0.000000 0.077465 0.000000 0.000000 0.077465 0.000000 0.000000 0.077465 0.000000 0.000000 0.077465 0.000000 0.000000 0.077465 0.000000 0.000000 0.077465 0.000000 0.000000 0.077465 0.000000 0.000000 0.077465 0.000000 0.000000 0.077465 0.000000 0.000000 0.077465 0.000000 0.000000 0.077465 0.000000 0.000000 0.077465 0.000000 0.000000 0.077465 0.000000 0.000000 0.077465 0.000000 0.000000 0.077465 0.000000 0.000000 0.077465 0.000000 0.000000
0 0.49821746 0.68550473 0.005941902 0.04725352 0.077465 0.000000 0.000000 0.077465 0.000000 0.000000 0.077465 0.000000 0.000000 0.077465 0.000000 0.000000 0.077465 0.000000 0.000000 0.077465 0.000000 0.000000 0.077465 0.000000 0.000000 0.077465 0.000000 0.000000 0.077465 0.000000 0.000000 0.077465 0.000000 0.000000 0.077465 0.000000 0.000000 0.077465 0.000000 0.000000 0.077465 0.000000 0.000000 0.077465 0.000000 0.000000 0.077465 0.000000 0.000000 0.077465 0.000000 0.000000 0.077465 0.000000 0.000000
0 0.48622137 0.6719836 0.00878081 0.060305163 0.077465 0.000000 0.000000 0.077465 0.000000 0.000000 0.077465 0.000000 0.000000 0.077465 0.000000 0.000000 0.077465 0.000000 0.000000 0.077465 0.000000 0.000000 0.077465 0.000000 0.000000 0.077465 0.000000 0.000000 0.077465 0.000000 0.000000 0.077465 0.000000 0.000000 0.077465 0.000000 0.000000 0.077465 0.000000 0.000000 0.077465 0.000000 0.000000 0.077465 0.000000 0.000000 0.077465 0.000000 0.000000 0.077465 0.000000 0.000000 0.077465 0.000000 0.000000
0 0.47013867 0.6639085 0.013058979 0.050258216 0.077465 0.000000 0.000000 0.077465 0.000000 0.000000 0.077465 0.000000 0.000000 0.077465 0.000000 0.000000 0.077465 0.000000 0.000000 0.077465 0.000000 0.000000 0.077465 0.000000 0.000000 0.077465 0.000000 0.000000 0.077465 0.000000 0.000000 0.077465 0.000000 0.000000 0.077465 0.000000 0.000000 0.077465 0.000000 0.000000 0.077465 0.000000 0.000000 0.077465 0.000000 0.000000 0.077465 0.000000 0.000000 0.077465 0.000000 0.000000 0.077465 0.000000 0.000000
0 0.46107396 0.6507747 0.013785211 0.06413145 0.077465 0.000000 0.000000 0.077465 0.000000 0.000000 0.077465 0.000000 0.000000 0.077465 0.000000 0.000000 0.077465 0.000000 0.000000 0.077465 0.000000 0.000000 0.077465 0.000000 0.000000 0.077465 0.000000 0.000000 0.077465 0.000000 0.000000 0.077465 0.000000 0.000000 0.077465 0.000000 0.000000 0.077465 0.000000 0.000000 0.077465 0.000000 0.000000 0.077465 0.000000 0.000000 0.077465 0.000000 0.000000 0.077465 0.000000 0.000000 0.077465 0.000000 0.000000
0 0.33166596 0.5232277 0.0087544015 0.055798125 0.077465 0.000000 0.000000 0.077465 0.000000 0.000000 0.077465 0.000000 0.000000 0.077465 0.000000 0.000000 0.077465 0.000000 0.000000 0.077465 0.000000 0.000000 0.077465 0.000000 0.000000 0.077465 0.000000 0.000000 0.077465 0.000000 0.000000 0.077465 0.000000 0.000000 0.077465 0.000000 0.000000 0.077465 0.000000 0.000000 0.077465 0.000000 0.000000 0.077465 0.000000 0.000000 0.077465 0.000000 0.000000 0.077465 0.000000 0.000000 0.077465 0.000000 0.000000
0 0.20985037 0.38494134 0.021311618 0.0809155 0.077465 0.000000 0.000000 0.077465 0.000000 0.000000 0.077465 0.000000 0.000000 0.077465 0.000000 0.000000 0.077465 0.000000 0.000000 0.077465 0.000000 0.000000 0.077465 0.000000 0.000000 0.077465 0.000000 0.000000 0.077465 0.000000 0.000000 0.077465 0.000000 0.000000 0.077465 0.000000 0.000000 0.077465 0.000000 0.000000 0.077465 0.000000 0.000000 0.077465 0.000000 0.000000 0.077465 0.000000 0.000000 0.077465 0.000000 0.000000 0.077465 0.000000 0.000000
0 0.3087302 0.50483567 0.0113424305 0.04577465 0.077465 0.000000 0.000000 0.077465 0.000000 0.000000 0.077465 0.000000 0.000000 0.077465 0.000000 0.000000 0.077465 0.000000 0.000000 0.077465 0.000000 0.000000 0.077465 0.000000 0.000000 0.077465 0.000000 0.000000 0.077465 0.000000 0.000000 0.077465 0.000000 0.000000 0.077465 0.000000 0.000000 0.077465 0.000000 0.000000 0.077465 0.000000 0.000000 0.077465 0.000000 0.000000 0.077465 0.000000 0.000000 0.077465 0.000000 0.000000 0.077465 0.000000 0.000000
0 0.46104756 0.35915494 0.7671655 0.69483566 0.077465 0.000000 0.000000 0.077465 0.000000 0.000000 0.077465 0.000000 0.000000 0.077465 0.000000 0.000000 0.077465 0.000000 0.000000 0.077465 0.000000 0.000000 0.077465 0.000000 0.000000 0.077465 0.000000 0.000000 0.077465 0.000000 0.000000 0.077465 0.000000 0.000000 0.077465 0.000000 0.000000 0.077465 0.000000 0.000000 0.077465 0.000000 0.000000 0.077465 0.000000 0.000000 0.077465 0.000000 0.000000 0.077465 0.000000 0.000000 0.077465 0.000000 0.000000