0 0.71440625 0.5089688 0.3211875 0.95514584 0.855078 0.356250 2.000000 0.125000 0.000000 0.000000 0.830469 0.316667 2.000000 0.125000 0.000000 0.000000 0.794141 0.262500 1.000000 0.125000 0.000000 0.000000 0.709766 0.462500 2.000000 0.125000 0.000000 0.000000 0.638281 0.745833 2.000000 0.818750 0.847917 2.000000 0.592578 0.968750 2.000000 0.125000 0.000000 0.000000 0.125000 0.000000 0.000000 0.125000 0.000000 0.000000 0.125000 0.000000 0.000000 0.125000 0.000000 0.000000 0.125000 0.000000 0.000000
0 0.45048827 0.6393333 0.24396092 0.69887495 0.514063 0.487500 2.000000 0.528125 0.452083 2.000000 0.483594 0.447917 2.000000 0.125000 0.000000 0.000000 0.449609 0.477083 2.000000 0.548047 0.591667 2.000000 0.409766 0.572917 2.000000 0.125000 0.000000 0.000000 0.344141 0.729167 2.000000 0.125000 0.000000 0.000000 0.449609 0.627083 2.000000 0.521094 0.937500 2.000000 0.406250 0.931250 1.000000 0.125000 0.000000 0.000000 0.125000 0.000000 0.000000 0.125000 0.000000 0.000000 0.125000 0.000000 0.000000
0 0.46164456 0.20834376 0.116765626 0.22322917 0.463672 0.191667 2.000000 0.475391 0.185417 2.000000 0.454297 0.183333 2.000000 0.482422 0.187500 2.000000 0.440234 0.187500 2.000000 0.498828 0.258333 2.000000 0.419141 0.260417 2.000000 0.512891 0.352083 1.000000 0.416797 0.360417 1.000000 0.125000 0.000000 0.000000 0.125000 0.000000 0.000000 0.495313 0.422917 1.000000 0.422656 0.422917 1.000000 0.125000 0.000000 0.000000 0.125000 0.000000 0.000000 0.125000 0.000000 0.000000 0.125000 0.000000 0.000000
0 0.25105274 0.5416667 0.24957421 0.78379166 0.223438 0.360417 2.000000 0.244531 0.337500 2.000000 0.208203 0.337500 2.000000 0.125000 0.000000 0.000000 0.125000 0.000000 0.000000 0.312500 0.477083 2.000000 0.174219 0.479167 2.000000 0.354688 0.695833 1.000000 0.125000 0.000000 0.000000 0.263281 0.685417 2.000000 0.125000 0.000000 0.000000 0.125000 0.000000 0.000000 0.125000 0.000000 0.000000 0.125000 0.000000 0.000000 0.125000 0.000000 0.000000 0.125000 0.000000 0.000000 0.125000 0.000000 0.000000
0 0.75023633 0.208375 0.057902344 0.26933333 0.125000 0.000000 0.000000 0.125000 0.000000 0.000000 0.125000 0.000000 0.000000 0.125000 0.000000 0.000000 0.773047 0.087500 1.000000 0.737891 0.093750 2.000000 0.769531 0.122917 2.000000 0.125000 0.000000 0.000000 0.770703 0.183333 2.000000 0.125000 0.000000 0.000000 0.757812 0.237500 2.000000 0.733203 0.210417 2.000000 0.750781 0.218750 2.000000 0.125000 0.000000 0.000000 0.125000 0.000000 0.000000 0.125000 0.000000 0.000000 0.125000 0.000000 0.000000
0 0.7958516 0.11577083 0.04291406 0.13304166 0.125000 0.000000 0.000000 0.125000 0.000000 0.000000 0.125000 0.000000 0.000000 0.125000 0.000000 0.000000 0.125000 0.000000 0.000000 0.125000 0.000000 0.000000 0.125000 0.000000 0.000000 0.125000 0.000000 0.000000 0.125000 0.000000 0.000000 0.125000 0.000000 0.000000 0.125000 0.000000 0.000000 0.125000 0.000000 0.000000 0.125000 0.000000 0.000000 0.125000 0.000000 0.000000 0.125000 0.000000 0.000000 0.125000 0.000000 0.000000 0.125000 0.000000 0.000000
0 0.8034981 0.1918125 0.087972656 0.29525 0.125000 0.000000 0.000000 0.125000 0.000000 0.000000 0.125000 0.000000 0.000000 0.125000 0.000000 0.000000 0.125000 0.000000 0.000000 0.796484 0.104167 1.000000 0.125000 0.000000 0.000000 0.778906 0.145833 1.000000 0.125000 0.000000 0.000000 0.125000 0.000000 0.000000 0.125000 0.000000 0.000000 0.125000 0.000000 0.000000 0.125000 0.000000 0.000000 0.125000 0.000000 0.000000 0.125000 0.000000 0.000000 0.125000 0.000000 0.000000 0.125000 0.000000 0.000000
0 0.6259062 0.22816667 0.19642968 0.23279166 0.125000 0.000000 0.000000 0.125000 0.000000 0.000000 0.125000 0.000000 0.000000 0.577344 0.183333 2.000000 0.645312 0.175000 2.000000 0.551562 0.289583 2.000000 0.694531 0.289583 2.000000 0.125000 0.000000 0.000000 0.125000 0.000000 0.000000 0.125000 0.000000 0.000000 0.125000 0.000000 0.000000 0.125000 0.000000 0.000000 0.125000 0.000000 0.000000 0.125000 0.000000 0.000000 0.125000 0.000000 0.000000 0.125000 0.000000 0.000000 0.125000 0.000000 0.000000
0 0.35865432 0.2271354 0.09139453 0.17643751 0.396875 0.252083 2.000000 0.125000 0.000000 0.000000 0.125000 0.000000 0.000000 0.125000 0.000000 0.000000 0.368750 0.233333 2.000000 0.125000 0.000000 0.000000 0.389844 0.325000 1.000000 0.125000 0.000000 0.000000 0.125000 0.000000 0.000000 0.125000 0.000000 0.000000 0.125000 0.000000 0.000000 0.125000 0.000000 0.000000 0.125000 0.000000 0.000000 0.125000 0.000000 0.000000 0.125000 0.000000 0.000000 0.125000 0.000000 0.000000 0.125000 0.000000 0.000000
0 0.56393164 0.24227083 0.02839453 0.057708334 0.125000 0.000000 0.000000 0.125000 0.000000 0.000000 0.125000 0.000000 0.000000 0.125000 0.000000 0.000000 0.125000 0.000000 0.000000 0.125000 0.000000 0.000000 0.125000 0.000000 0.000000 0.125000 0.000000 0.000000 0.125000 0.000000 0.000000 0.125000 0.000000 0.000000 0.125000 0.000000 0.000000 0.125000 0.000000 0.000000 0.125000 0.000000 0.000000 0.125000 0.000000 0.000000 0.125000 0.000000 0.000000 0.125000 0.000000 0.000000 0.125000 0.000000 0.000000
0 0.77058005 0.094072916 0.03533203 0.097979166 0.125000 0.000000 0.000000 0.125000 0.000000 0.000000 0.125000 0.000000 0.000000 0.125000 0.000000 0.000000 0.125000 0.000000 0.000000 0.125000 0.000000 0.000000 0.125000 0.000000 0.000000 0.125000 0.000000 0.000000 0.125000 0.000000 0.000000 0.125000 0.000000 0.000000 0.125000 0.000000 0.000000 0.125000 0.000000 0.000000 0.125000 0.000000 0.000000 0.125000 0.000000 0.000000 0.125000 0.000000 0.000000 0.125000 0.000000 0.000000 0.125000 0.000000 0.000000