0 0.7955293 0.3448854 0.10255078 0.22764583 0.125000 0.000000 0.000000 0.125000 0.000000 0.000000 0.125000 0.000000 0.000000 0.764844 0.300000 2.000000 0.125000 0.000000 0.000000 0.768359 0.370833 2.000000 0.821094 0.362500 2.000000 0.125000 0.000000 0.000000 0.125000 0.000000 0.000000 0.125000 0.000000 0.000000 0.125000 0.000000 0.000000 0.125000 0.000000 0.000000 0.125000 0.000000 0.000000 0.125000 0.000000 0.000000 0.125000 0.000000 0.000000 0.125000 0.000000 0.000000 0.125000 0.000000 0.000000
0 0.24318947 0.71685416 0.23384766 0.5438334 0.350000 0.616667 2.000000 0.125000 0.000000 0.000000 0.333594 0.593750 2.000000 0.125000 0.000000 0.000000 0.282031 0.610417 2.000000 0.180078 0.683333 2.000000 0.283203 0.822917 2.000000 0.125000 0.000000 0.000000 0.125000 0.000000 0.000000 0.359375 0.945833 1.000000 0.391016 0.985417 1.000000 0.125000 0.000000 0.000000 0.125000 0.000000 0.000000 0.125000 0.000000 0.000000 0.125000 0.000000 0.000000 0.125000 0.000000 0.000000 0.125000 0.000000 0.000000
0 0.75971097 0.7263542 0.23057812 0.5270417 0.776563 0.652083 1.000000 0.783594 0.633333 2.000000 0.125000 0.000000 0.000000 0.828125 0.647917 2.000000 0.125000 0.000000 0.000000 0.826953 0.914583 2.000000 0.125000 0.000000 0.000000 0.125000 0.000000 0.000000 0.125000 0.000000 0.000000 0.678125 0.968750 2.000000 0.796484 0.862500 2.000000 0.125000 0.000000 0.000000 0.125000 0.000000 0.000000 0.125000 0.000000 0.000000 0.125000 0.000000 0.000000 0.125000 0.000000 0.000000 0.125000 0.000000 0.000000
0 0.5450644 0.148625 0.0785039 0.185375 0.514063 0.110417 2.000000 0.518750 0.104167 2.000000 0.125000 0.000000 0.000000 0.537500 0.102083 2.000000 0.125000 0.000000 0.000000 0.550391 0.152083 2.000000 0.519922 0.137500 2.000000 0.571484 0.216667 1.000000 0.125000 0.000000 0.000000 0.535156 0.247917 1.000000 0.125000 0.000000 0.000000 0.539844 0.262500 1.000000 0.512891 0.247917 1.000000 0.125000 0.000000 0.000000 0.125000 0.000000 0.000000 0.125000 0.000000 0.000000 0.125000 0.000000 0.000000
0 0.40245312 0.28877082 0.09480469 0.2719167 0.410937 0.191667 2.000000 0.125000 0.000000 0.000000 0.406250 0.185417 2.000000 0.125000 0.000000 0.000000 0.388672 0.193750 2.000000 0.427344 0.245833 2.000000 0.369922 0.245833 2.000000 0.441406 0.322917 2.000000 0.355859 0.327083 2.000000 0.415625 0.300000 2.000000 0.372266 0.277083 2.000000 0.415625 0.356250 1.000000 0.379297 0.356250 1.000000 0.125000 0.000000 0.000000 0.125000 0.000000 0.000000 0.125000 0.000000 0.000000 0.125000 0.000000 0.000000
0 0.47172266 0.62815624 0.2110547 0.74127084 0.500000 0.383333 2.000000 0.509375 0.356250 2.000000 0.488281 0.358333 2.000000 0.125000 0.000000 0.000000 0.464844 0.352083 2.000000 0.544531 0.433333 2.000000 0.443750 0.410417 2.000000 0.553906 0.616667 2.000000 0.429688 0.587500 2.000000 0.530469 0.533333 2.000000 0.462500 0.500000 2.000000 0.516406 0.652083 2.000000 0.448438 0.637500 2.000000 0.475391 0.827083 2.000000 0.386328 0.645833 2.000000 0.125000 0.000000 0.000000 0.525781 0.779167 2.000000
0 0.6399336 0.36850002 0.10460157 0.33816668 0.611328 0.254167 2.000000 0.612500 0.247917 2.000000 0.125000 0.000000 0.000000 0.628906 0.260417 2.000000 0.125000 0.000000 0.000000 0.657031 0.314583 2.000000 0.632422 0.302083 1.000000 0.640625 0.412500 2.000000 0.125000 0.000000 0.000000 0.613672 0.358333 2.000000 0.125000 0.000000 0.000000 0.666406 0.466667 2.000000 0.648828 0.452083 2.000000 0.601953 0.491667 1.000000 0.125000 0.000000 0.000000 0.599609 0.650000 1.000000 0.575000 0.610417 1.000000
0 0.7197324 0.62359375 0.2313164 0.6808958 0.703906 0.418750 2.000000 0.715625 0.391667 2.000000 0.693359 0.391667 2.000000 0.757812 0.381250 2.000000 0.125000 0.000000 0.000000 0.805859 0.450000 2.000000 0.693359 0.431250 2.000000 0.763672 0.697917 2.000000 0.665234 0.639583 2.000000 0.730859 0.535417 2.000000 0.678125 0.527083 2.000000 0.744922 0.693750 2.000000 0.696875 0.662500 2.000000 0.760156 0.912500 2.000000 0.634766 0.877083 2.000000 0.125000 0.000000 0.000000 0.125000 0.000000 0.000000
0 0.5903985 0.28915626 0.08165625 0.20643748 0.549219 0.241667 1.000000 0.553906 0.237500 2.000000 0.125000 0.000000 0.000000 0.573828 0.254167 2.000000 0.125000 0.000000 0.000000 0.620703 0.308333 2.000000 0.572656 0.285417 1.000000 0.125000 0.000000 0.000000 0.125000 0.000000 0.000000 0.125000 0.000000 0.000000 0.125000 0.000000 0.000000 0.125000 0.000000 0.000000 0.125000 0.000000 0.000000 0.125000 0.000000 0.000000 0.125000 0.000000 0.000000 0.125000 0.000000 0.000000 0.125000 0.000000 0.000000
0 0.294834 0.30864584 0.07979296 0.27995834 0.304297 0.222917 2.000000 0.306641 0.208333 2.000000 0.297266 0.212500 2.000000 0.125000 0.000000 0.000000 0.283203 0.210417 2.000000 0.312500 0.239583 2.000000 0.271484 0.254167 2.000000 0.330078 0.312500 2.000000 0.267969 0.327083 2.000000 0.313672 0.270833 2.000000 0.284375 0.368750 2.000000 0.308984 0.339583 2.000000 0.286719 0.343750 2.000000 0.335938 0.397917 1.000000 0.279687 0.416667 2.000000 0.125000 0.000000 0.000000 0.125000 0.000000 0.000000
0 0.50423044 0.22515626 0.051046874 0.09564584 0.483594 0.237500 2.000000 0.490625 0.227083 2.000000 0.482422 0.225000 2.000000 0.507031 0.222917 2.000000 0.125000 0.000000 0.000000 0.528125 0.266667 1.000000 0.475391 0.252083 1.000000 0.125000 0.000000 0.000000 0.461328 0.312500 1.000000 0.125000 0.000000 0.000000 0.125000 0.000000 0.000000 0.125000 0.000000 0.000000 0.125000 0.000000 0.000000 0.125000 0.000000 0.000000 0.125000 0.000000 0.000000 0.125000 0.000000 0.000000 0.125000 0.000000 0.000000
0 0.17636327 0.36340627 0.09911719 0.30139583 0.203516 0.268750 2.000000 0.125000 0.000000 0.000000 0.201172 0.260417 2.000000 0.125000 0.000000 0.000000 0.181250 0.266667 2.000000 0.125000 0.000000 0.000000 0.155469 0.327083 2.000000 0.125000 0.000000 0.000000 0.167187 0.435417 2.000000 0.125000 0.000000 0.000000 0.203516 0.377083 2.000000 0.125000 0.000000 0.000000 0.146094 0.481250 2.000000 0.125000 0.000000 0.000000 0.215234 0.479167 1.000000 0.125000 0.000000 0.000000 0.125000 0.000000 0.000000
0 0.16346094 0.2509896 0.07474219 0.20510416 0.196484 0.200000 2.000000 0.195312 0.189583 2.000000 0.189453 0.189583 2.000000 0.125000 0.000000 0.000000 0.171875 0.195833 2.000000 0.184766 0.252083 1.000000 0.133203 0.262500 2.000000 0.185937 0.345833 1.000000 0.132031 0.358333 1.000000 0.125000 0.000000 0.000000 0.125000 0.000000 0.000000 0.180078 0.387500 1.000000 0.150781 0.402083 1.000000 0.125000 0.000000 0.000000 0.125000 0.000000 0.000000 0.125000 0.000000 0.000000 0.125000 0.000000 0.000000
0 0.37871093 0.6177083 0.50742185 0.7604167 0.125000 0.000000 0.000000 0.125000 0.000000 0.000000 0.125000 0.000000 0.000000 0.125000 0.000000 0.000000 0.125000 0.000000 0.000000 0.125000 0.000000 0.000000 0.125000 0.000000 0.000000 0.125000 0.000000 0.000000 0.125000 0.000000 0.000000 0.125000 0.000000 0.000000 0.125000 0.000000 0.000000 0.125000 0.000000 0.000000 0.125000 0.000000 0.000000 0.125000 0.000000 0.000000 0.125000 0.000000 0.000000 0.125000 0.000000 0.000000 0.125000 0.000000 0.000000