0 0.6683 0.6522353 0.022817647 0.13327059 0.076471 0.000000 0.000000 0.076471 0.000000 0.000000 0.076471 0.000000 0.000000 0.076471 0.000000 0.000000 0.076471 0.000000 0.000000 0.076471 0.000000 0.000000 0.076471 0.000000 0.000000 0.076471 0.000000 0.000000 0.076471 0.000000 0.000000 0.076471 0.000000 0.000000 0.076471 0.000000 0.000000 0.076471 0.000000 0.000000 0.076471 0.000000 0.000000 0.076471 0.000000 0.000000 0.076471 0.000000 0.000000 0.076471 0.000000 0.000000 0.076471 0.000000 0.000000
0 0.6413926 0.662047 0.035973534 0.14037648 0.076471 0.000000 0.000000 0.076471 0.000000 0.000000 0.076471 0.000000 0.000000 0.076471 0.000000 0.000000 0.076471 0.000000 0.000000 0.076471 0.000000 0.000000 0.076471 0.000000 0.000000 0.076471 0.000000 0.000000 0.076471 0.000000 0.000000 0.076471 0.000000 0.000000 0.076471 0.000000 0.000000 0.076471 0.000000 0.000000 0.076471 0.000000 0.000000 0.076471 0.000000 0.000000 0.076471 0.000000 0.000000 0.076471 0.000000 0.000000 0.076471 0.000000 0.000000
0 0.57607645 0.6429059 0.03562941 0.14322352 0.076471 0.000000 0.000000 0.076471 0.000000 0.000000 0.076471 0.000000 0.000000 0.076471 0.000000 0.000000 0.076471 0.000000 0.000000 0.076471 0.000000 0.000000 0.076471 0.000000 0.000000 0.076471 0.000000 0.000000 0.076471 0.000000 0.000000 0.076471 0.000000 0.000000 0.076471 0.000000 0.000000 0.076471 0.000000 0.000000 0.076471 0.000000 0.000000 0.076471 0.000000 0.000000 0.076471 0.000000 0.000000 0.076471 0.000000 0.000000 0.076471 0.000000 0.000000
0 0.55325884 0.61304706 0.023717647 0.12825882 0.076471 0.000000 0.000000 0.076471 0.000000 0.000000 0.076471 0.000000 0.000000 0.076471 0.000000 0.000000 0.076471 0.000000 0.000000 0.076471 0.000000 0.000000 0.076471 0.000000 0.000000 0.076471 0.000000 0.000000 0.076471 0.000000 0.000000 0.076471 0.000000 0.000000 0.076471 0.000000 0.000000 0.076471 0.000000 0.000000 0.076471 0.000000 0.000000 0.076471 0.000000 0.000000 0.076471 0.000000 0.000000 0.076471 0.000000 0.000000 0.076471 0.000000 0.000000
0 0.5305471 0.57591766 0.018105883 0.057811767 0.076471 0.000000 0.000000 0.076471 0.000000 0.000000 0.076471 0.000000 0.000000 0.076471 0.000000 0.000000 0.076471 0.000000 0.000000 0.076471 0.000000 0.000000 0.076471 0.000000 0.000000 0.076471 0.000000 0.000000 0.076471 0.000000 0.000000 0.076471 0.000000 0.000000 0.076471 0.000000 0.000000 0.076471 0.000000 0.000000 0.076471 0.000000 0.000000 0.076471 0.000000 0.000000 0.076471 0.000000 0.000000 0.076471 0.000000 0.000000 0.076471 0.000000 0.000000
0 0.5167625 0.56963533 0.015604412 0.044164706 0.076471 0.000000 0.000000 0.076471 0.000000 0.000000 0.076471 0.000000 0.000000 0.076471 0.000000 0.000000 0.076471 0.000000 0.000000 0.076471 0.000000 0.000000 0.076471 0.000000 0.000000 0.076471 0.000000 0.000000 0.076471 0.000000 0.000000 0.076471 0.000000 0.000000 0.076471 0.000000 0.000000 0.076471 0.000000 0.000000 0.076471 0.000000 0.000000 0.076471 0.000000 0.000000 0.076471 0.000000 0.000000 0.076471 0.000000 0.000000 0.076471 0.000000 0.000000
0 0.15214339 0.8762353 0.12611912 0.2475294 0.143971 0.887059 2.000000 0.143971 0.856471 2.000000 0.126765 0.861176 2.000000 0.076471 0.000000 0.000000 0.110882 0.861176 2.000000 0.117500 0.884706 2.000000 0.134706 0.992941 2.000000 0.179706 0.967059 2.000000 0.076471 0.000000 0.000000 0.076471 0.000000 0.000000 0.076471 0.000000 0.000000 0.076471 0.000000 0.000000 0.076471 0.000000 0.000000 0.076471 0.000000 0.000000 0.076471 0.000000 0.000000 0.076471 0.000000 0.000000 0.076471 0.000000 0.000000
0 0.8430522 0.6728824 0.036304414 0.1632706 0.076471 0.000000 0.000000 0.076471 0.000000 0.000000 0.076471 0.000000 0.000000 0.076471 0.000000 0.000000 0.076471 0.000000 0.000000 0.076471 0.000000 0.000000 0.076471 0.000000 0.000000 0.076471 0.000000 0.000000 0.076471 0.000000 0.000000 0.076471 0.000000 0.000000 0.076471 0.000000 0.000000 0.076471 0.000000 0.000000 0.076471 0.000000 0.000000 0.076471 0.000000 0.000000 0.076471 0.000000 0.000000 0.076471 0.000000 0.000000 0.076471 0.000000 0.000000
0 0.15256692 0.7067765 0.06968383 0.38522357 0.076471 0.000000 0.000000 0.076471 0.000000 0.000000 0.158529 0.548235 2.000000 0.076471 0.000000 0.000000 0.153235 0.555294 2.000000 0.129412 0.590588 2.000000 0.161176 0.592941 2.000000 0.126765 0.630588 2.000000 0.167794 0.651765 2.000000 0.128088 0.691765 2.000000 0.173088 0.694118 2.000000 0.141324 0.698824 2.000000 0.162500 0.698824 2.000000 0.151912 0.792941 2.000000 0.169118 0.797647 2.000000 0.163824 0.870588 2.000000 0.179706 0.877647 2.000000
0 0.21935222 0.7394824 0.07293971 0.34503528 0.076471 0.000000 0.000000 0.076471 0.000000 0.000000 0.076471 0.000000 0.000000 0.196912 0.597647 2.000000 0.212794 0.597647 2.000000 0.188971 0.630588 2.000000 0.220735 0.625882 2.000000 0.188971 0.703529 2.000000 0.233971 0.687059 2.000000 0.191618 0.745882 2.000000 0.248529 0.729412 2.000000 0.200882 0.738824 2.000000 0.223382 0.734118 2.000000 0.214118 0.830588 2.000000 0.230000 0.816471 2.000000 0.223382 0.894118 2.000000 0.235294 0.882353 2.000000
0 0.13055 0.5623883 0.018714705 0.055552945 0.076471 0.000000 0.000000 0.076471 0.000000 0.000000 0.076471 0.000000 0.000000 0.076471 0.000000 0.000000 0.076471 0.000000 0.000000 0.076471 0.000000 0.000000 0.076471 0.000000 0.000000 0.076471 0.000000 0.000000 0.076471 0.000000 0.000000 0.076471 0.000000 0.000000 0.076471 0.000000 0.000000 0.076471 0.000000 0.000000 0.076471 0.000000 0.000000 0.076471 0.000000 0.000000 0.076471 0.000000 0.000000 0.076471 0.000000 0.000000 0.076471 0.000000 0.000000
0 0.09973162 0.65135294 0.041016176 0.2614353 0.076471 0.000000 0.000000 0.076471 0.000000 0.000000 0.076471 0.000000 0.000000 0.076471 0.000000 0.000000 0.076471 0.000000 0.000000 0.085735 0.578824 2.000000 0.106912 0.578824 2.000000 0.080441 0.635294 2.000000 0.114853 0.632941 2.000000 0.083088 0.689412 2.000000 0.076471 0.000000 0.000000 0.091029 0.675294 2.000000 0.106912 0.675294 2.000000 0.100294 0.755294 2.000000 0.112206 0.748235 2.000000 0.076471 0.000000 0.000000 0.076471 0.000000 0.000000
0 0.39561325 0.56974113 0.01617353 0.07750588 0.076471 0.000000 0.000000 0.076471 0.000000 0.000000 0.076471 0.000000 0.000000 0.076471 0.000000 0.000000 0.076471 0.000000 0.000000 0.076471 0.000000 0.000000 0.076471 0.000000 0.000000 0.076471 0.000000 0.000000 0.076471 0.000000 0.000000 0.076471 0.000000 0.000000 0.076471 0.000000 0.000000 0.076471 0.000000 0.000000 0.076471 0.000000 0.000000 0.076471 0.000000 0.000000 0.076471 0.000000 0.000000 0.076471 0.000000 0.000000 0.076471 0.000000 0.000000
0 0.47352943 0.7329412 0.7861765 0.5294118 0.076471 0.000000 0.000000 0.076471 0.000000 0.000000 0.076471 0.000000 0.000000 0.076471 0.000000 0.000000 0.076471 0.000000 0.000000 0.076471 0.000000 0.000000 0.076471 0.000000 0.000000 0.076471 0.000000 0.000000 0.076471 0.000000 0.000000 0.076471 0.000000 0.000000 0.076471 0.000000 0.000000 0.076471 0.000000 0.000000 0.076471 0.000000 0.000000 0.076471 0.000000 0.000000 0.076471 0.000000 0.000000 0.076471 0.000000 0.000000 0.076471 0.000000 0.000000