0 0.3031313 0.7311374 0.11671875 0.4965991 0.298564 0.547297 2.000000 0.303632 0.536036 2.000000 0.293497 0.536036 2.000000 0.315034 0.551802 2.000000 0.283361 0.547297 2.000000 0.336571 0.612613 2.000000 0.260557 0.610360 2.000000 0.340372 0.713964 2.000000 0.252956 0.702703 2.000000 0.309966 0.720721 2.000000 0.258024 0.709459 2.000000 0.317568 0.779279 2.000000 0.273226 0.777027 2.000000 0.317568 0.954955 2.000000 0.268159 0.954955 2.000000 0.341639 0.925676 2.000000 0.294764 0.916667 2.000000
0 0.40310177 0.7370833 0.11360219 0.4943919 0.407517 0.542793 2.000000 0.413851 0.531532 2.000000 0.401182 0.533784 2.000000 0.425253 0.545045 2.000000 0.392314 0.540541 2.000000 0.439189 0.617117 2.000000 0.377111 0.610360 2.000000 0.449324 0.711712 2.000000 0.355574 0.700450 2.000000 0.426520 0.727477 2.000000 0.373311 0.722973 2.000000 0.430321 0.783784 2.000000 0.382179 0.781532 2.000000 0.431588 0.968468 2.000000 0.380912 0.966216 2.000000 0.441723 0.932432 2.000000 0.406250 0.927928 1.000000
0 0.509128 0.7465653 0.110156246 0.5068694 0.513936 0.551802 2.000000 0.520270 0.538288 2.000000 0.507601 0.540541 2.000000 0.530405 0.549550 2.000000 0.498733 0.551802 2.000000 0.549409 0.632883 2.000000 0.480997 0.617117 2.000000 0.554476 0.727477 2.000000 0.464527 0.713964 2.000000 0.538007 0.720721 2.000000 0.487331 0.727477 2.000000 0.529139 0.813063 2.000000 0.491132 0.813063 2.000000 0.524071 0.975225 2.000000 0.500000 0.975225 2.000000 0.527872 0.959459 2.000000 0.480997 0.948198 2.000000
0 0.61678845 0.7572635 0.110840365 0.48547295 0.614020 0.574324 2.000000 0.621622 0.567568 2.000000 0.606419 0.567568 2.000000 0.630490 0.572072 2.000000 0.597551 0.572072 2.000000 0.643159 0.646396 2.000000 0.581081 0.648649 2.000000 0.667230 0.747748 2.000000 0.568412 0.754505 2.000000 0.648226 0.729730 2.000000 0.597551 0.734234 2.000000 0.639358 0.810811 2.000000 0.589949 0.806306 2.000000 0.629223 0.988739 2.000000 0.578547 0.986486 2.000000 0.641892 0.961712 2.000000 0.606419 0.957207 2.000000
0 0.71929896 0.756599 0.11110641 0.48518017 0.720439 0.578829 2.000000 0.726774 0.565315 2.000000 0.712838 0.567568 2.000000 0.736909 0.572072 2.000000 0.701436 0.572072 2.000000 0.747044 0.646396 2.000000 0.691301 0.648649 2.000000 0.769848 0.740991 2.000000 0.669764 0.745495 1.000000 0.740709 0.743243 2.000000 0.690034 0.738739 2.000000 0.744510 0.810811 2.000000 0.695101 0.806306 2.000000 0.731841 0.984234 2.000000 0.700169 0.986486 2.000000 0.094595 0.000000 0.000000 0.094595 0.000000 0.000000
0 0.7093728 0.5147297 0.094750844 0.34454954 0.700169 0.403153 2.000000 0.707770 0.394144 2.000000 0.695101 0.396396 2.000000 0.719172 0.400901 2.000000 0.094595 0.000000 0.000000 0.741976 0.472973 2.000000 0.677365 0.475225 2.000000 0.745777 0.578829 2.000000 0.665963 0.565315 2.000000 0.698902 0.617117 1.000000 0.695101 0.621622 1.000000 0.729307 0.637387 1.000000 0.687500 0.639640 1.000000 0.094595 0.000000 0.000000 0.094595 0.000000 0.000000 0.094595 0.000000 0.000000 0.094595 0.000000 0.000000
0 0.616307 0.48787165 0.09649915 0.30448198 0.616554 0.405405 2.000000 0.621622 0.398649 2.000000 0.610220 0.398649 2.000000 0.633024 0.403153 2.000000 0.600084 0.405405 2.000000 0.646959 0.475225 2.000000 0.581081 0.475225 2.000000 0.654561 0.560811 2.000000 0.576014 0.551802 2.000000 0.638091 0.635135 1.000000 0.600084 0.605856 1.000000 0.634291 0.637387 1.000000 0.588682 0.637387 1.000000 0.094595 0.000000 0.000000 0.094595 0.000000 0.000000 0.094595 0.000000 0.000000 0.094595 0.000000 0.000000
0 0.4302006 0.49213964 0.09226774 0.33707207 0.436655 0.380631 2.000000 0.444257 0.371622 2.000000 0.430321 0.371622 2.000000 0.451858 0.378378 2.000000 0.421453 0.376126 2.000000 0.464527 0.463964 2.000000 0.401182 0.452703 2.000000 0.469595 0.551802 2.000000 0.388514 0.529279 1.000000 0.429054 0.529279 1.000000 0.094595 0.000000 0.000000 0.445524 0.590090 2.000000 0.410051 0.585586 1.000000 0.445524 0.759009 1.000000 0.094595 0.000000 0.000000 0.094595 0.000000 0.000000 0.094595 0.000000 0.000000
0 0.344318 0.50438064 0.08243666 0.32691437 0.347973 0.389640 2.000000 0.354307 0.382883 2.000000 0.342905 0.382883 2.000000 0.094595 0.000000 0.000000 0.094595 0.000000 0.000000 0.375845 0.459459 2.000000 0.312500 0.459459 2.000000 0.385980 0.554054 1.000000 0.094595 0.000000 0.000000 0.350507 0.576577 2.000000 0.094595 0.000000 0.000000 0.363176 0.605856 2.000000 0.326436 0.601351 1.000000 0.354307 0.768018 1.000000 0.326436 0.765766 1.000000 0.094595 0.000000 0.000000 0.094595 0.000000 0.000000
0 0.24875 0.6500563 0.098462835 0.61840093 0.275760 0.396396 2.000000 0.279561 0.382883 2.000000 0.269426 0.385135 2.000000 0.289696 0.394144 2.000000 0.261824 0.396396 2.000000 0.293497 0.468468 2.000000 0.245355 0.454955 2.000000 0.094595 0.000000 0.000000 0.208615 0.531532 2.000000 0.094595 0.000000 0.000000 0.228885 0.592342 2.000000 0.285895 0.628378 1.000000 0.254223 0.621622 2.000000 0.094595 0.000000 0.000000 0.254223 0.765766 2.000000 0.094595 0.000000 0.000000 0.239020 0.887387 2.000000
0 0.524451 0.44824326 0.1023142 0.30666667 0.525338 0.351351 2.000000 0.531672 0.340090 2.000000 0.519003 0.337838 2.000000 0.543074 0.353604 2.000000 0.508868 0.349099 2.000000 0.558277 0.427928 2.000000 0.493666 0.423423 2.000000 0.563345 0.518018 2.000000 0.477196 0.502252 2.000000 0.549409 0.587838 1.000000 0.501267 0.567568 1.000000 0.543074 0.637387 1.000000 0.493666 0.635135 1.000000 0.094595 0.000000 0.000000 0.094595 0.000000 0.000000 0.094595 0.000000 0.000000 0.094595 0.000000 0.000000