0 0.33167186 0.6898854 0.19087501 0.59327084 0.350000 0.481250 2.000000 0.125000 0.000000 0.000000 0.341797 0.460417 2.000000 0.125000 0.000000 0.000000 0.325391 0.454167 2.000000 0.244531 0.633333 2.000000 0.350000 0.595833 2.000000 0.125000 0.000000 0.000000 0.385156 0.779167 2.000000 0.125000 0.000000 0.000000 0.125000 0.000000 0.000000 0.283203 0.981250 2.000000 0.368750 0.972917 2.000000 0.125000 0.000000 0.000000 0.125000 0.000000 0.000000 0.125000 0.000000 0.000000 0.125000 0.000000 0.000000
0 0.42788282 0.6364375 0.13342969 0.4180833 0.423828 0.493750 2.000000 0.125000 0.000000 0.000000 0.417969 0.485417 2.000000 0.125000 0.000000 0.000000 0.398047 0.489583 2.000000 0.434375 0.564583 2.000000 0.376953 0.543750 1.000000 0.471875 0.614583 2.000000 0.125000 0.000000 0.000000 0.505859 0.585417 1.000000 0.354688 0.425000 1.000000 0.414453 0.745833 2.000000 0.385156 0.741667 1.000000 0.406250 0.845833 1.000000 0.125000 0.000000 0.000000 0.395703 0.952083 1.000000 0.125000 0.000000 0.000000
0 0.5315762 0.66302085 0.08391797 0.6129583 0.557422 0.410417 2.000000 0.125000 0.000000 0.000000 0.546875 0.397917 2.000000 0.125000 0.000000 0.000000 0.526953 0.404167 2.000000 0.551562 0.481250 2.000000 0.509375 0.468750 2.000000 0.556250 0.568750 2.000000 0.502344 0.568750 2.000000 0.562109 0.647917 2.000000 0.546875 0.610417 2.000000 0.548047 0.650000 2.000000 0.518750 0.650000 2.000000 0.542188 0.768750 2.000000 0.519922 0.768750 2.000000 0.526953 0.881250 2.000000 0.504687 0.889583 2.000000
0 0.6084746 0.63856244 0.07484766 0.48150003 0.620703 0.429167 2.000000 0.623047 0.425000 2.000000 0.614844 0.422917 2.000000 0.125000 0.000000 0.000000 0.599609 0.433333 2.000000 0.627734 0.491667 2.000000 0.589063 0.489583 2.000000 0.627734 0.572917 2.000000 0.584375 0.572917 2.000000 0.633594 0.635417 2.000000 0.618359 0.597917 2.000000 0.621875 0.643750 2.000000 0.593750 0.641667 2.000000 0.614844 0.745833 2.000000 0.591406 0.741667 2.000000 0.610156 0.841667 2.000000 0.587891 0.839583 2.000000
0 0.6440235 0.61408335 0.04846875 0.41225 0.631250 0.447917 2.000000 0.635938 0.443750 2.000000 0.626562 0.445833 2.000000 0.641797 0.447917 2.000000 0.125000 0.000000 0.000000 0.645312 0.493750 2.000000 0.612500 0.491667 1.000000 0.659375 0.568750 2.000000 0.125000 0.000000 0.000000 0.646484 0.614583 2.000000 0.125000 0.000000 0.000000 0.639453 0.622917 2.000000 0.125000 0.000000 0.000000 0.638281 0.704167 2.000000 0.125000 0.000000 0.000000 0.640625 0.768750 2.000000 0.125000 0.000000 0.000000
0 0.3117207 0.368875 0.045644533 0.060541667 0.125000 0.000000 0.000000 0.125000 0.000000 0.000000 0.125000 0.000000 0.000000 0.125000 0.000000 0.000000 0.125000 0.000000 0.000000 0.125000 0.000000 0.000000 0.125000 0.000000 0.000000 0.125000 0.000000 0.000000 0.125000 0.000000 0.000000 0.125000 0.000000 0.000000 0.125000 0.000000 0.000000 0.125000 0.000000 0.000000 0.125000 0.000000 0.000000 0.125000 0.000000 0.000000 0.125000 0.000000 0.000000 0.125000 0.000000 0.000000 0.125000 0.000000 0.000000
0 0.4542441 0.628375 0.07076953 0.5010833 0.468359 0.412500 2.000000 0.470703 0.406250 2.000000 0.463672 0.406250 2.000000 0.125000 0.000000 0.000000 0.446094 0.412500 2.000000 0.475391 0.468750 2.000000 0.429688 0.472917 2.000000 0.483594 0.550000 2.000000 0.125000 0.000000 0.000000 0.484766 0.622917 1.000000 0.125000 0.000000 0.000000 0.471875 0.635417 1.000000 0.444922 0.637500 1.000000 0.467187 0.745833 2.000000 0.442578 0.747917 2.000000 0.464844 0.820833 2.000000 0.434375 0.837500 2.000000
0 0.57343554 0.50591666 0.048433598 0.24875 0.563281 0.433333 2.000000 0.566797 0.422917 2.000000 0.558594 0.422917 2.000000 0.578516 0.420833 2.000000 0.125000 0.000000 0.000000 0.586719 0.460417 2.000000 0.553906 0.464583 2.000000 0.125000 0.000000 0.000000 0.125000 0.000000 0.000000 0.572656 0.527083 2.000000 0.560938 0.529167 2.000000 0.125000 0.000000 0.000000 0.125000 0.000000 0.000000 0.125000 0.000000 0.000000 0.125000 0.000000 0.000000 0.125000 0.000000 0.000000 0.125000 0.000000 0.000000
0 0.43500778 0.41035417 0.04619531 0.12020833 0.125000 0.000000 0.000000 0.125000 0.000000 0.000000 0.125000 0.000000 0.000000 0.125000 0.000000 0.000000 0.125000 0.000000 0.000000 0.125000 0.000000 0.000000 0.125000 0.000000 0.000000 0.125000 0.000000 0.000000 0.125000 0.000000 0.000000 0.125000 0.000000 0.000000 0.125000 0.000000 0.000000 0.125000 0.000000 0.000000 0.125000 0.000000 0.000000 0.125000 0.000000 0.000000 0.125000 0.000000 0.000000 0.125000 0.000000 0.000000 0.125000 0.000000 0.000000
0 0.24978124 0.55032295 0.05552344 0.1769375 0.125000 0.000000 0.000000 0.125000 0.000000 0.000000 0.125000 0.000000 0.000000 0.125000 0.000000 0.000000 0.259766 0.489583 2.000000 0.125000 0.000000 0.000000 0.260938 0.525000 2.000000 0.125000 0.000000 0.000000 0.125000 0.000000 0.000000 0.125000 0.000000 0.000000 0.125000 0.000000 0.000000 0.237500 0.604167 2.000000 0.242188 0.616667 2.000000 0.125000 0.000000 0.000000 0.125000 0.000000 0.000000 0.125000 0.000000 0.000000 0.125000 0.000000 0.000000
0 0.3619004 0.44484374 0.045269534 0.16822916 0.125000 0.000000 0.000000 0.125000 0.000000 0.000000 0.125000 0.000000 0.000000 0.125000 0.000000 0.000000 0.351172 0.408333 2.000000 0.379297 0.477083 1.000000 0.339453 0.477083 1.000000 0.125000 0.000000 0.000000 0.125000 0.000000 0.000000 0.125000 0.000000 0.000000 0.125000 0.000000 0.000000 0.125000 0.000000 0.000000 0.125000 0.000000 0.000000 0.125000 0.000000 0.000000 0.125000 0.000000 0.000000 0.125000 0.000000 0.000000 0.125000 0.000000 0.000000
0 0.17503907 0.5967396 0.094125 0.1701875 0.163672 0.537500 2.000000 0.125000 0.000000 0.000000 0.158984 0.535417 2.000000 0.125000 0.000000 0.000000 0.149609 0.539583 2.000000 0.163672 0.552083 2.000000 0.134375 0.562500 2.000000 0.183594 0.554167 2.000000 0.134375 0.608333 1.000000 0.207031 0.547917 2.000000 0.150781 0.572917 2.000000 0.169531 0.602083 2.000000 0.156641 0.604167 2.000000 0.184766 0.597917 2.000000 0.163672 0.570833 2.000000 0.174219 0.654167 2.000000 0.194141 0.593750 2.000000