0 0.7123569 0.5741589 0.4164077 0.82920563 0.787821 0.338785 2.000000 0.819363 0.299065 2.000000 0.769422 0.301402 2.000000 0.837763 0.338785 2.000000 0.731308 0.341121 2.000000 0.890333 0.567757 2.000000 0.627482 0.502336 2.000000 0.896904 0.771028 2.000000 0.553884 0.759346 2.000000 0.891647 0.925234 2.000000 0.551256 0.500000 2.000000 0.769422 0.955608 2.000000 0.687938 0.927570 2.000000 0.079439 0.000000 0.000000 0.079439 0.000000 0.000000 0.079439 0.000000 0.000000 0.079439 0.000000 0.000000
0 0.39838856 0.67081773 0.17804177 0.46929908 0.408002 0.504673 2.000000 0.411945 0.500000 2.000000 0.402745 0.500000 2.000000 0.418516 0.507009 2.000000 0.394860 0.502336 2.000000 0.431659 0.537383 2.000000 0.383032 0.537383 2.000000 0.463201 0.511682 2.000000 0.351490 0.509346 2.000000 0.464515 0.469626 2.000000 0.352804 0.460280 2.000000 0.426402 0.670561 2.000000 0.385660 0.668224 2.000000 0.452687 0.738318 2.000000 0.363318 0.740654 2.000000 0.472401 0.855140 2.000000 0.360689 0.857477 2.000000
0 0.36618942 0.5409229 0.055211738 0.31133178 0.372518 0.420561 2.000000 0.376460 0.411215 2.000000 0.369889 0.413551 2.000000 0.383032 0.415888 2.000000 0.364632 0.418224 2.000000 0.392231 0.457944 1.000000 0.350175 0.460280 1.000000 0.079439 0.000000 0.000000 0.344918 0.514019 2.000000 0.079439 0.000000 0.000000 0.346232 0.586449 2.000000 0.384346 0.577103 1.000000 0.359375 0.577103 2.000000 0.079439 0.000000 0.000000 0.363318 0.663551 2.000000 0.079439 0.000000 0.000000 0.079439 0.000000 0.000000
0 0.29722401 0.58411217 0.07152161 0.448972 0.294977 0.397196 2.000000 0.298919 0.392523 2.000000 0.289720 0.390187 2.000000 0.079439 0.000000 0.000000 0.280520 0.394860 2.000000 0.309433 0.443925 2.000000 0.266063 0.443925 2.000000 0.327833 0.495327 2.000000 0.079439 0.000000 0.000000 0.316005 0.542056 2.000000 0.079439 0.000000 0.000000 0.298919 0.584112 2.000000 0.267377 0.584112 1.000000 0.288405 0.689252 2.000000 0.079439 0.000000 0.000000 0.281834 0.766355 1.000000 0.079439 0.000000 0.000000
0 0.25451082 0.6550584 0.09733353 0.4786682 0.262120 0.464953 2.000000 0.079439 0.000000 0.000000 0.256863 0.457944 2.000000 0.079439 0.000000 0.000000 0.239778 0.467290 2.000000 0.270006 0.504673 2.000000 0.224007 0.525701 2.000000 0.277891 0.565421 2.000000 0.218750 0.600467 2.000000 0.283148 0.633178 2.000000 0.218750 0.661215 2.000000 0.271320 0.651869 2.000000 0.245035 0.658879 2.000000 0.275263 0.728972 2.000000 0.245035 0.738318 2.000000 0.275263 0.820093 2.000000 0.245035 0.831776 2.000000
0 0.19042787 0.63564247 0.07062793 0.45516354 0.202979 0.448598 2.000000 0.204293 0.441589 2.000000 0.196408 0.439252 2.000000 0.079439 0.000000 0.000000 0.180637 0.443925 2.000000 0.216121 0.490654 2.000000 0.170123 0.492991 2.000000 0.079439 0.000000 0.000000 0.158294 0.570093 2.000000 0.079439 0.000000 0.000000 0.201665 0.577103 2.000000 0.208236 0.619159 2.000000 0.183265 0.616822 2.000000 0.079439 0.000000 0.000000 0.079439 0.000000 0.000000 0.079439 0.000000 0.000000 0.079439 0.000000 0.000000
0 0.4074635 0.4640421 0.072047316 0.12359814 0.401431 0.436916 2.000000 0.405374 0.427570 2.000000 0.396174 0.427570 2.000000 0.413259 0.427570 1.000000 0.389603 0.432243 1.000000 0.427716 0.481308 2.000000 0.380403 0.478972 2.000000 0.079439 0.000000 0.000000 0.079439 0.000000 0.000000 0.079439 0.000000 0.000000 0.079439 0.000000 0.000000 0.079439 0.000000 0.000000 0.079439 0.000000 0.000000 0.079439 0.000000 0.000000 0.079439 0.000000 0.000000 0.079439 0.000000 0.000000 0.079439 0.000000 0.000000
0 0.4640618 0.6737266 0.05828709 0.3096028 0.452687 0.539720 2.000000 0.459258 0.535047 2.000000 0.450058 0.535047 1.000000 0.465829 0.539720 2.000000 0.079439 0.000000 0.000000 0.475029 0.565421 2.000000 0.446116 0.563084 2.000000 0.485543 0.619159 2.000000 0.440859 0.614486 2.000000 0.476343 0.644860 2.000000 0.451373 0.647196 2.000000 0.469772 0.649533 2.000000 0.447430 0.649533 2.000000 0.465829 0.724299 2.000000 0.450058 0.724299 1.000000 0.467144 0.794393 1.000000 0.451373 0.794393 1.000000
0 0.60453564 0.49992993 0.038928155 0.17074767 0.606454 0.464953 2.000000 0.610397 0.455608 2.000000 0.602512 0.455608 2.000000 0.620911 0.457944 2.000000 0.079439 0.000000 0.000000 0.079439 0.000000 0.000000 0.601197 0.511682 2.000000 0.079439 0.000000 0.000000 0.079439 0.000000 0.000000 0.079439 0.000000 0.000000 0.079439 0.000000 0.000000 0.079439 0.000000 0.000000 0.079439 0.000000 0.000000 0.079439 0.000000 0.000000 0.079439 0.000000 0.000000 0.079439 0.000000 0.000000 0.079439 0.000000 0.000000
0 0.33757156 0.4675935 0.021343458 0.08710281 0.079439 0.000000 0.000000 0.079439 0.000000 0.000000 0.079439 0.000000 0.000000 0.079439 0.000000 0.000000 0.079439 0.000000 0.000000 0.079439 0.000000 0.000000 0.079439 0.000000 0.000000 0.079439 0.000000 0.000000 0.079439 0.000000 0.000000 0.079439 0.000000 0.000000 0.079439 0.000000 0.000000 0.079439 0.000000 0.000000 0.079439 0.000000 0.000000 0.079439 0.000000 0.000000 0.079439 0.000000 0.000000 0.079439 0.000000 0.000000 0.079439 0.000000 0.000000
0 0.50732696 0.6072313 0.035944805 0.34787384 0.079439 0.000000 0.000000 0.079439 0.000000 0.000000 0.079439 0.000000 0.000000 0.079439 0.000000 0.000000 0.079439 0.000000 0.000000 0.496057 0.500000 1.000000 0.521028 0.492991 2.000000 0.488172 0.532710 1.000000 0.079439 0.000000 0.000000 0.079439 0.000000 0.000000 0.079439 0.000000 0.000000 0.502629 0.579439 2.000000 0.519714 0.577103 1.000000 0.079439 0.000000 0.000000 0.079439 0.000000 0.000000 0.079439 0.000000 0.000000 0.079439 0.000000 0.000000
0 0.45297605 0.48941588 0.014088785 0.03845794 0.079439 0.000000 0.000000 0.079439 0.000000 0.000000 0.079439 0.000000 0.000000 0.079439 0.000000 0.000000 0.079439 0.000000 0.000000 0.079439 0.000000 0.000000 0.079439 0.000000 0.000000 0.079439 0.000000 0.000000 0.079439 0.000000 0.000000 0.079439 0.000000 0.000000 0.079439 0.000000 0.000000 0.079439 0.000000 0.000000 0.079439 0.000000 0.000000 0.079439 0.000000 0.000000 0.079439 0.000000 0.000000 0.079439 0.000000 0.000000 0.079439 0.000000 0.000000