0 0.45575824 0.66179734 0.11502758 0.63147056 0.452206 0.410131 2.000000 0.460478 0.397059 2.000000 0.446691 0.398693 2.000000 0.470588 0.403595 1.000000 0.437500 0.406863 2.000000 0.481618 0.468954 2.000000 0.424632 0.472222 2.000000 0.490809 0.576797 2.000000 0.413603 0.571895 2.000000 0.489890 0.651961 2.000000 0.407169 0.653595 2.000000 0.454044 0.663399 2.000000 0.431066 0.661765 2.000000 0.468750 0.785948 2.000000 0.427390 0.784314 2.000000 0.476103 0.908497 2.000000 0.431985 0.895425 2.000000
0 0.28282627 0.548317 0.0633364 0.33509803 0.218750 0.000000 0.000000 0.218750 0.000000 0.000000 0.218750 0.000000 0.000000 0.265625 0.406863 2.000000 0.283088 0.408497 2.000000 0.260110 0.437909 2.000000 0.295956 0.444444 2.000000 0.261029 0.486928 2.000000 0.296875 0.495098 2.000000 0.218750 0.000000 0.000000 0.218750 0.000000 0.000000 0.268382 0.540850 2.000000 0.287684 0.540850 2.000000 0.271140 0.622549 2.000000 0.299632 0.629085 2.000000 0.278493 0.696078 2.000000 0.306985 0.691176 2.000000
0 0.39676932 0.4627451 0.021498162 0.13555555 0.218750 0.000000 0.000000 0.218750 0.000000 0.000000 0.218750 0.000000 0.000000 0.218750 0.000000 0.000000 0.218750 0.000000 0.000000 0.390625 0.426471 2.000000 0.399816 0.424837 2.000000 0.218750 0.000000 0.000000 0.400735 0.444444 2.000000 0.218750 0.000000 0.000000 0.218750 0.000000 0.000000 0.391544 0.462418 2.000000 0.398897 0.462418 2.000000 0.394301 0.498366 2.000000 0.403493 0.490196 2.000000 0.396140 0.524510 2.000000 0.396140 0.517974 2.000000
0 0.5905331 0.45514706 0.017169118 0.099183016 0.218750 0.000000 0.000000 0.218750 0.000000 0.000000 0.218750 0.000000 0.000000 0.218750 0.000000 0.000000 0.218750 0.000000 0.000000 0.218750 0.000000 0.000000 0.218750 0.000000 0.000000 0.218750 0.000000 0.000000 0.218750 0.000000 0.000000 0.218750 0.000000 0.000000 0.218750 0.000000 0.000000 0.218750 0.000000 0.000000 0.218750 0.000000 0.000000 0.218750 0.000000 0.000000 0.218750 0.000000 0.000000 0.218750 0.000000 0.000000 0.218750 0.000000 0.000000
0 0.62751377 0.44458336 0.013226104 0.086683005 0.218750 0.000000 0.000000 0.218750 0.000000 0.000000 0.218750 0.000000 0.000000 0.218750 0.000000 0.000000 0.218750 0.000000 0.000000 0.218750 0.000000 0.000000 0.218750 0.000000 0.000000 0.218750 0.000000 0.000000 0.218750 0.000000 0.000000 0.218750 0.000000 0.000000 0.218750 0.000000 0.000000 0.218750 0.000000 0.000000 0.218750 0.000000 0.000000 0.218750 0.000000 0.000000 0.218750 0.000000 0.000000 0.218750 0.000000 0.000000 0.218750 0.000000 0.000000
0 0.64199907 0.46400326 0.02875919 0.14003268 0.646140 0.406863 2.000000 0.218750 0.000000 0.000000 0.645221 0.403595 2.000000 0.218750 0.000000 0.000000 0.643382 0.405229 2.000000 0.633272 0.418301 2.000000 0.646140 0.418301 2.000000 0.628676 0.437909 1.000000 0.218750 0.000000 0.000000 0.218750 0.000000 0.000000 0.218750 0.000000 0.000000 0.634191 0.459150 2.000000 0.645221 0.459150 2.000000 0.634191 0.493464 2.000000 0.642463 0.495098 2.000000 0.629596 0.519608 2.000000 0.640625 0.524510 2.000000
0 0.659853 0.46384802 0.018621324 0.13740197 0.218750 0.000000 0.000000 0.218750 0.000000 0.000000 0.218750 0.000000 0.000000 0.218750 0.000000 0.000000 0.218750 0.000000 0.000000 0.218750 0.000000 0.000000 0.218750 0.000000 0.000000 0.218750 0.000000 0.000000 0.218750 0.000000 0.000000 0.218750 0.000000 0.000000 0.218750 0.000000 0.000000 0.218750 0.000000 0.000000 0.218750 0.000000 0.000000 0.218750 0.000000 0.000000 0.218750 0.000000 0.000000 0.218750 0.000000 0.000000 0.218750 0.000000 0.000000
0 0.49248162 0.4256781 0.020275736 0.09482026 0.218750 0.000000 0.000000 0.218750 0.000000 0.000000 0.218750 0.000000 0.000000 0.218750 0.000000 0.000000 0.218750 0.000000 0.000000 0.218750 0.000000 0.000000 0.218750 0.000000 0.000000 0.218750 0.000000 0.000000 0.218750 0.000000 0.000000 0.218750 0.000000 0.000000 0.218750 0.000000 0.000000 0.218750 0.000000 0.000000 0.218750 0.000000 0.000000 0.218750 0.000000 0.000000 0.218750 0.000000 0.000000 0.218750 0.000000 0.000000 0.218750 0.000000 0.000000
0 0.5064752 0.42951798 0.016314339 0.07638889 0.218750 0.000000 0.000000 0.218750 0.000000 0.000000 0.218750 0.000000 0.000000 0.218750 0.000000 0.000000 0.218750 0.000000 0.000000 0.218750 0.000000 0.000000 0.218750 0.000000 0.000000 0.218750 0.000000 0.000000 0.218750 0.000000 0.000000 0.218750 0.000000 0.000000 0.218750 0.000000 0.000000 0.218750 0.000000 0.000000 0.218750 0.000000 0.000000 0.218750 0.000000 0.000000 0.218750 0.000000 0.000000 0.218750 0.000000 0.000000 0.218750 0.000000 0.000000
0 0.30277115 0.42952615 0.011130515 0.06813725 0.218750 0.000000 0.000000 0.218750 0.000000 0.000000 0.218750 0.000000 0.000000 0.218750 0.000000 0.000000 0.218750 0.000000 0.000000 0.218750 0.000000 0.000000 0.218750 0.000000 0.000000 0.218750 0.000000 0.000000 0.218750 0.000000 0.000000 0.218750 0.000000 0.000000 0.218750 0.000000 0.000000 0.218750 0.000000 0.000000 0.218750 0.000000 0.000000 0.218750 0.000000 0.000000 0.218750 0.000000 0.000000 0.218750 0.000000 0.000000 0.218750 0.000000 0.000000
0 0.52113974 0.4397467 0.01273897 0.070637256 0.218750 0.000000 0.000000 0.218750 0.000000 0.000000 0.218750 0.000000 0.000000 0.218750 0.000000 0.000000 0.218750 0.000000 0.000000 0.218750 0.000000 0.000000 0.218750 0.000000 0.000000 0.218750 0.000000 0.000000 0.218750 0.000000 0.000000 0.218750 0.000000 0.000000 0.218750 0.000000 0.000000 0.218750 0.000000 0.000000 0.218750 0.000000 0.000000 0.218750 0.000000 0.000000 0.218750 0.000000 0.000000 0.218750 0.000000 0.000000 0.218750 0.000000 0.000000
0 0.57127756 0.44477123 0.023069853 0.10437909 0.218750 0.000000 0.000000 0.218750 0.000000 0.000000 0.218750 0.000000 0.000000 0.218750 0.000000 0.000000 0.218750 0.000000 0.000000 0.218750 0.000000 0.000000 0.218750 0.000000 0.000000 0.218750 0.000000 0.000000 0.218750 0.000000 0.000000 0.218750 0.000000 0.000000 0.218750 0.000000 0.000000 0.218750 0.000000 0.000000 0.218750 0.000000 0.000000 0.218750 0.000000 0.000000 0.218750 0.000000 0.000000 0.218750 0.000000 0.000000 0.218750 0.000000 0.000000
0 0.49494487 0.55147064 0.5505515 0.3611111 0.218750 0.000000 0.000000 0.218750 0.000000 0.000000 0.218750 0.000000 0.000000 0.218750 0.000000 0.000000 0.218750 0.000000 0.000000 0.218750 0.000000 0.000000 0.218750 0.000000 0.000000 0.218750 0.000000 0.000000 0.218750 0.000000 0.000000 0.218750 0.000000 0.000000 0.218750 0.000000 0.000000 0.218750 0.000000 0.000000 0.218750 0.000000 0.000000 0.218750 0.000000 0.000000 0.218750 0.000000 0.000000 0.218750 0.000000 0.000000 0.218750 0.000000 0.000000