0 0.52011377 0.4651016 0.15028419 0.67760944 0.482861 0.189063 2.000000 0.487256 0.179688 2.000000 0.478467 0.178125 2.000000 0.507471 0.181250 2.000000 0.355420 0.000000 0.000000 0.528564 0.242188 2.000000 0.467041 0.250000 2.000000 0.538232 0.315625 2.000000 0.459131 0.364062 2.000000 0.540869 0.357812 2.000000 0.515381 0.379687 2.000000 0.503076 0.431250 2.000000 0.471436 0.429688 2.000000 0.520654 0.592188 2.000000 0.554053 0.446875 2.000000 0.525928 0.743750 2.000000 0.547022 0.614062 2.000000
0 0.5740786 0.35890624 0.04497363 0.1108125 0.561084 0.332812 2.000000 0.563721 0.326562 2.000000 0.557568 0.326562 2.000000 0.567236 0.331250 2.000000 0.553174 0.332812 2.000000 0.574268 0.357812 2.000000 0.548779 0.359375 1.000000 0.584814 0.389062 2.000000 0.550537 0.393750 1.000000 0.592725 0.403125 2.000000 0.556689 0.396875 2.000000 0.581299 0.418750 1.000000 0.562842 0.421875 1.000000 0.355420 0.000000 0.000000 0.355420 0.000000 0.000000 0.355420 0.000000 0.000000 0.355420 0.000000 0.000000
0 0.41025928 0.33003122 0.051706057 0.095874995 0.414307 0.310937 2.000000 0.416064 0.304688 2.000000 0.410791 0.304688 2.000000 0.420459 0.306250 1.000000 0.404639 0.306250 2.000000 0.424854 0.331250 2.000000 0.394971 0.329688 2.000000 0.431006 0.370313 2.000000 0.395850 0.373437 1.000000 0.423975 0.384375 1.000000 0.412549 0.387500 1.000000 0.422217 0.390625 1.000000 0.404639 0.390625 1.000000 0.355420 0.000000 0.000000 0.355420 0.000000 0.000000 0.355420 0.000000 0.000000 0.355420 0.000000 0.000000
0 0.3699834 0.33040625 0.029021485 0.100062504 0.362451 0.318750 2.000000 0.365088 0.314063 2.000000 0.361572 0.312500 2.000000 0.355420 0.000000 0.000000 0.355420 0.000000 0.000000 0.370361 0.323438 2.000000 0.355420 0.000000 0.000000 0.380908 0.360938 2.000000 0.355420 0.000000 0.000000 0.380908 0.367188 2.000000 0.357178 0.360938 2.000000 0.355420 0.000000 0.000000 0.355420 0.000000 0.000000 0.355420 0.000000 0.000000 0.355420 0.000000 0.000000 0.355420 0.000000 0.000000 0.355420 0.000000 0.000000
0 0.5634922 0.07407812 0.057779297 0.11649999 0.562842 0.040625 2.000000 0.565479 0.035937 2.000000 0.561084 0.035937 2.000000 0.571631 0.037500 2.000000 0.355420 0.000000 0.000000 0.578662 0.065625 2.000000 0.554053 0.062500 2.000000 0.585693 0.107813 2.000000 0.539990 0.082813 2.000000 0.576904 0.121875 2.000000 0.543506 0.089062 2.000000 0.575146 0.126563 2.000000 0.557568 0.126563 1.000000 0.355420 0.000000 0.000000 0.355420 0.000000 0.000000 0.355420 0.000000 0.000000 0.355420 0.000000 0.000000
0 0.3882427 0.15382032 0.06564551 0.12570313 0.365088 0.121875 2.000000 0.367725 0.118750 2.000000 0.363330 0.117188 2.000000 0.375635 0.117188 2.000000 0.355420 0.000000 0.000000 0.380908 0.135937 2.000000 0.355420 0.142188 1.000000 0.398486 0.170312 2.000000 0.355420 0.000000 0.000000 0.408154 0.189063 2.000000 0.355420 0.000000 0.000000 0.386182 0.192188 2.000000 0.364209 0.192188 2.000000 0.355420 0.000000 0.000000 0.355420 0.000000 0.000000 0.355420 0.000000 0.000000 0.355420 0.000000 0.000000
0 0.45515382 0.078468755 0.044551756 0.15571876 0.464404 0.015625 2.000000 0.355420 0.000000 0.000000 0.463525 0.009375 2.000000 0.355420 0.000000 0.000000 0.454736 0.014062 2.000000 0.464404 0.039062 2.000000 0.443311 0.035937 2.000000 0.471436 0.071875 2.000000 0.435400 0.070312 2.000000 0.464404 0.079687 2.000000 0.457373 0.078125 2.000000 0.467920 0.098438 1.000000 0.449463 0.098438 2.000000 0.355420 0.000000 0.000000 0.459131 0.107813 2.000000 0.355420 0.000000 0.000000 0.474072 0.154687 1.000000
0 0.49084178 0.05157813 0.036298826 0.091000006 0.487256 0.025000 2.000000 0.488135 0.020312 2.000000 0.484619 0.020312 2.000000 0.355420 0.000000 0.000000 0.477588 0.025000 2.000000 0.495166 0.048437 2.000000 0.477588 0.046875 2.000000 0.503955 0.078125 2.000000 0.479346 0.078125 2.000000 0.505713 0.101562 1.000000 0.492529 0.093750 1.000000 0.355420 0.000000 0.000000 0.355420 0.000000 0.000000 0.355420 0.000000 0.000000 0.355420 0.000000 0.000000 0.355420 0.000000 0.000000 0.355420 0.000000 0.000000
0 0.55651814 0.23785158 0.03702832 0.09967188 0.556689 0.220313 2.000000 0.558447 0.215625 2.000000 0.553174 0.215625 2.000000 0.355420 0.000000 0.000000 0.544385 0.214062 2.000000 0.563721 0.240625 2.000000 0.541748 0.242188 2.000000 0.570752 0.264062 2.000000 0.542627 0.275000 1.000000 0.355420 0.000000 0.000000 0.568115 0.270312 2.000000 0.355420 0.000000 0.000000 0.355420 0.000000 0.000000 0.355420 0.000000 0.000000 0.355420 0.000000 0.000000 0.355420 0.000000 0.000000 0.355420 0.000000 0.000000
0 0.5207422 0.045609374 0.043839846 0.08959375 0.525049 0.003125 2.000000 0.355420 0.000000 0.000000 0.355420 0.000000 0.000000 0.355420 0.000000 0.000000 0.355420 0.000000 0.000000 0.530322 0.021875 2.000000 0.505713 0.028125 2.000000 0.538232 0.042188 2.000000 0.507471 0.075000 2.000000 0.524170 0.017188 2.000000 0.519775 0.075000 2.000000 0.536475 0.089062 1.000000 0.514502 0.090625 1.000000 0.355420 0.000000 0.000000 0.355420 0.000000 0.000000 0.355420 0.000000 0.000000 0.355420 0.000000 0.000000
0 0.62810934 0.3571719 0.032941405 0.1119375 0.639307 0.325000 2.000000 0.642822 0.320312 2.000000 0.636670 0.320312 2.000000 0.355420 0.000000 0.000000 0.631396 0.323438 1.000000 0.355420 0.000000 0.000000 0.627002 0.350000 2.000000 0.355420 0.000000 0.000000 0.617334 0.396875 2.000000 0.355420 0.000000 0.000000 0.641064 0.382812 2.000000 0.355420 0.000000 0.000000 0.630518 0.428125 1.000000 0.355420 0.000000 0.000000 0.355420 0.000000 0.000000 0.355420 0.000000 0.000000 0.355420 0.000000 0.000000
0 0.43830958 0.3260703 0.028318362 0.111328125 0.446826 0.296875 1.000000 0.355420 0.000000 0.000000 0.444189 0.293750 2.000000 0.355420 0.000000 0.000000 0.435400 0.295312 2.000000 0.355420 0.000000 0.000000 0.426611 0.328125 1.000000 0.355420 0.000000 0.000000 0.425732 0.359375 1.000000 0.355420 0.000000 0.000000 0.437158 0.370313 2.000000 0.355420 0.000000 0.000000 0.355420 0.000000 0.000000 0.355420 0.000000 0.000000 0.355420 0.000000 0.000000 0.355420 0.000000 0.000000 0.355420 0.000000 0.000000
0 0.6029463 0.32024217 0.025189454 0.07604688 0.355420 0.000000 0.000000 0.355420 0.000000 0.000000 0.355420 0.000000 0.000000 0.355420 0.000000 0.000000 0.355420 0.000000 0.000000 0.355420 0.000000 0.000000 0.355420 0.000000 0.000000 0.355420 0.000000 0.000000 0.355420 0.000000 0.000000 0.355420 0.000000 0.000000 0.355420 0.000000 0.000000 0.355420 0.000000 0.000000 0.355420 0.000000 0.000000 0.355420 0.000000 0.000000 0.355420 0.000000 0.000000 0.355420 0.000000 0.000000 0.355420 0.000000 0.000000
0 0.5944824 0.2265625 0.0984375 0.296875 0.355420 0.000000 0.000000 0.355420 0.000000 0.000000 0.355420 0.000000 0.000000 0.355420 0.000000 0.000000 0.355420 0.000000 0.000000 0.355420 0.000000 0.000000 0.355420 0.000000 0.000000 0.355420 0.000000 0.000000 0.355420 0.000000 0.000000 0.355420 0.000000 0.000000 0.355420 0.000000 0.000000 0.355420 0.000000 0.000000 0.355420 0.000000 0.000000 0.355420 0.000000 0.000000 0.355420 0.000000 0.000000 0.355420 0.000000 0.000000 0.355420 0.000000 0.000000