0 0.68450564 0.79688007 0.052863754 0.40624 0.289062 0.000000 0.000000 0.289062 0.000000 0.000000 0.289062 0.000000 0.000000 0.289062 0.000000 0.000000 0.698563 0.640000 2.000000 0.682813 0.686000 2.000000 0.705312 0.700000 2.000000 0.289062 0.000000 0.000000 0.701937 0.774000 2.000000 0.289062 0.000000 0.000000 0.289062 0.000000 0.000000 0.683937 0.826000 1.000000 0.699688 0.836000 2.000000 0.676063 0.950000 2.000000 0.685063 0.958000 2.000000 0.289062 0.000000 0.000000 0.289062 0.000000 0.000000
0 0.30802438 0.61348003 0.03792375 0.3236 0.289062 0.000000 0.000000 0.289062 0.000000 0.000000 0.289062 0.000000 0.000000 0.289062 0.000000 0.000000 0.289062 0.000000 0.000000 0.289062 0.000000 0.000000 0.300312 0.524000 2.000000 0.289062 0.000000 0.000000 0.314938 0.586000 2.000000 0.289062 0.000000 0.000000 0.289062 0.000000 0.000000 0.289062 0.000000 0.000000 0.294687 0.630000 2.000000 0.289062 0.000000 0.000000 0.296937 0.694000 2.000000 0.289062 0.000000 0.000000 0.294687 0.762000 2.000000
0 0.65255 0.62081003 0.0114975 0.06458001 0.289062 0.000000 0.000000 0.289062 0.000000 0.000000 0.289062 0.000000 0.000000 0.289062 0.000000 0.000000 0.289062 0.000000 0.000000 0.289062 0.000000 0.000000 0.289062 0.000000 0.000000 0.289062 0.000000 0.000000 0.289062 0.000000 0.000000 0.289062 0.000000 0.000000 0.289062 0.000000 0.000000 0.289062 0.000000 0.000000 0.289062 0.000000 0.000000 0.289062 0.000000 0.000000 0.289062 0.000000 0.000000 0.289062 0.000000 0.000000 0.289062 0.000000 0.000000
0 0.63532627 0.61353004 0.009810001 0.0671 0.289062 0.000000 0.000000 0.289062 0.000000 0.000000 0.289062 0.000000 0.000000 0.289062 0.000000 0.000000 0.289062 0.000000 0.000000 0.289062 0.000000 0.000000 0.289062 0.000000 0.000000 0.289062 0.000000 0.000000 0.289062 0.000000 0.000000 0.289062 0.000000 0.000000 0.289062 0.000000 0.000000 0.289062 0.000000 0.000000 0.289062 0.000000 0.000000 0.289062 0.000000 0.000000 0.289062 0.000000 0.000000 0.289062 0.000000 0.000000 0.289062 0.000000 0.000000
0 0.6281319 0.6144 0.00885375 0.07068001 0.289062 0.000000 0.000000 0.289062 0.000000 0.000000 0.289062 0.000000 0.000000 0.289062 0.000000 0.000000 0.289062 0.000000 0.000000 0.289062 0.000000 0.000000 0.289062 0.000000 0.000000 0.289062 0.000000 0.000000 0.289062 0.000000 0.000000 0.289062 0.000000 0.000000 0.289062 0.000000 0.000000 0.289062 0.000000 0.000000 0.289062 0.000000 0.000000 0.289062 0.000000 0.000000 0.289062 0.000000 0.000000 0.289062 0.000000 0.000000 0.289062 0.000000 0.000000
0 0.6222425 0.60928005 0.0076500005 0.07052 0.289062 0.000000 0.000000 0.289062 0.000000 0.000000 0.289062 0.000000 0.000000 0.289062 0.000000 0.000000 0.289062 0.000000 0.000000 0.289062 0.000000 0.000000 0.289062 0.000000 0.000000 0.289062 0.000000 0.000000 0.289062 0.000000 0.000000 0.289062 0.000000 0.000000 0.289062 0.000000 0.000000 0.289062 0.000000 0.000000 0.289062 0.000000 0.000000 0.289062 0.000000 0.000000 0.289062 0.000000 0.000000 0.289062 0.000000 0.000000 0.289062 0.000000 0.000000
0 0.6694532 0.62451005 0.015333751 0.06386001 0.289062 0.000000 0.000000 0.289062 0.000000 0.000000 0.289062 0.000000 0.000000 0.289062 0.000000 0.000000 0.289062 0.000000 0.000000 0.289062 0.000000 0.000000 0.289062 0.000000 0.000000 0.289062 0.000000 0.000000 0.289062 0.000000 0.000000 0.289062 0.000000 0.000000 0.289062 0.000000 0.000000 0.289062 0.000000 0.000000 0.289062 0.000000 0.000000 0.289062 0.000000 0.000000 0.289062 0.000000 0.000000 0.289062 0.000000 0.000000 0.289062 0.000000 0.000000
0 0.53427315 0.57326996 0.00806625 0.055340003 0.289062 0.000000 0.000000 0.289062 0.000000 0.000000 0.289062 0.000000 0.000000 0.289062 0.000000 0.000000 0.289062 0.000000 0.000000 0.289062 0.000000 0.000000 0.289062 0.000000 0.000000 0.289062 0.000000 0.000000 0.289062 0.000000 0.000000 0.289062 0.000000 0.000000 0.289062 0.000000 0.000000 0.289062 0.000000 0.000000 0.289062 0.000000 0.000000 0.289062 0.000000 0.000000 0.289062 0.000000 0.000000 0.289062 0.000000 0.000000 0.289062 0.000000 0.000000
0 0.52547 0.56975 0.0062325 0.0511 0.289062 0.000000 0.000000 0.289062 0.000000 0.000000 0.289062 0.000000 0.000000 0.289062 0.000000 0.000000 0.289062 0.000000 0.000000 0.289062 0.000000 0.000000 0.289062 0.000000 0.000000 0.289062 0.000000 0.000000 0.289062 0.000000 0.000000 0.289062 0.000000 0.000000 0.289062 0.000000 0.000000 0.289062 0.000000 0.000000 0.289062 0.000000 0.000000 0.289062 0.000000 0.000000 0.289062 0.000000 0.000000 0.289062 0.000000 0.000000 0.289062 0.000000 0.000000
0 0.5994331 0.5957101 0.0073687504 0.06486 0.289062 0.000000 0.000000 0.289062 0.000000 0.000000 0.289062 0.000000 0.000000 0.289062 0.000000 0.000000 0.289062 0.000000 0.000000 0.289062 0.000000 0.000000 0.289062 0.000000 0.000000 0.289062 0.000000 0.000000 0.289062 0.000000 0.000000 0.289062 0.000000 0.000000 0.289062 0.000000 0.000000 0.289062 0.000000 0.000000 0.289062 0.000000 0.000000 0.289062 0.000000 0.000000 0.289062 0.000000 0.000000 0.289062 0.000000 0.000000 0.289062 0.000000 0.000000
0 0.52097565 0.56107 0.0076387506 0.04498 0.289062 0.000000 0.000000 0.289062 0.000000 0.000000 0.289062 0.000000 0.000000 0.289062 0.000000 0.000000 0.289062 0.000000 0.000000 0.289062 0.000000 0.000000 0.289062 0.000000 0.000000 0.289062 0.000000 0.000000 0.289062 0.000000 0.000000 0.289062 0.000000 0.000000 0.289062 0.000000 0.000000 0.289062 0.000000 0.000000 0.289062 0.000000 0.000000 0.289062 0.000000 0.000000 0.289062 0.000000 0.000000 0.289062 0.000000 0.000000 0.289062 0.000000 0.000000
0 0.49242878 0.54513 0.0060300003 0.036020003 0.289062 0.000000 0.000000 0.289062 0.000000 0.000000 0.289062 0.000000 0.000000 0.289062 0.000000 0.000000 0.289062 0.000000 0.000000 0.289062 0.000000 0.000000 0.289062 0.000000 0.000000 0.289062 0.000000 0.000000 0.289062 0.000000 0.000000 0.289062 0.000000 0.000000 0.289062 0.000000 0.000000 0.289062 0.000000 0.000000 0.289062 0.000000 0.000000 0.289062 0.000000 0.000000 0.289062 0.000000 0.000000 0.289062 0.000000 0.000000 0.289062 0.000000 0.000000
0 0.4774044 0.53918004 0.0069412505 0.04444 0.289062 0.000000 0.000000 0.289062 0.000000 0.000000 0.289062 0.000000 0.000000 0.289062 0.000000 0.000000 0.289062 0.000000 0.000000 0.289062 0.000000 0.000000 0.289062 0.000000 0.000000 0.289062 0.000000 0.000000 0.289062 0.000000 0.000000 0.289062 0.000000 0.000000 0.289062 0.000000 0.000000 0.289062 0.000000 0.000000 0.289062 0.000000 0.000000 0.289062 0.000000 0.000000 0.289062 0.000000 0.000000 0.289062 0.000000 0.000000 0.289062 0.000000 0.000000
0 0.45275003 0.542 0.196875 0.14000002 0.289062 0.000000 0.000000 0.289062 0.000000 0.000000 0.289062 0.000000 0.000000 0.289062 0.000000 0.000000 0.289062 0.000000 0.000000 0.289062 0.000000 0.000000 0.289062 0.000000 0.000000 0.289062 0.000000 0.000000 0.289062 0.000000 0.000000 0.289062 0.000000 0.000000 0.289062 0.000000 0.000000 0.289062 0.000000 0.000000 0.289062 0.000000 0.000000 0.289062 0.000000 0.000000 0.289062 0.000000 0.000000 0.289062 0.000000 0.000000 0.289062 0.000000 0.000000