0 0.24011329 0.53973955 0.08845313 0.6002708 0.263281 0.300000 2.000000 0.270312 0.289583 2.000000 0.258594 0.281250 2.000000 0.125000 0.000000 0.000000 0.242188 0.283333 2.000000 0.253906 0.347917 2.000000 0.222266 0.341667 2.000000 0.125000 0.000000 0.000000 0.204688 0.429167 2.000000 0.125000 0.000000 0.000000 0.211719 0.514583 2.000000 0.236328 0.541667 2.000000 0.221094 0.543750 2.000000 0.236328 0.656250 2.000000 0.216406 0.662500 2.000000 0.241016 0.764583 2.000000 0.204688 0.797917 2.000000
0 0.7620664 0.6226042 0.064335935 0.38345835 0.751953 0.477083 2.000000 0.757812 0.472917 2.000000 0.747266 0.470833 2.000000 0.769531 0.472917 2.000000 0.742578 0.470833 2.000000 0.778906 0.514583 2.000000 0.740234 0.514583 2.000000 0.781250 0.581250 2.000000 0.740234 0.579167 2.000000 0.777734 0.637500 2.000000 0.743750 0.627083 2.000000 0.784766 0.635417 2.000000 0.751953 0.635417 2.000000 0.778906 0.714583 2.000000 0.749609 0.710417 2.000000 0.780078 0.789583 2.000000 0.757812 0.777083 2.000000
0 0.29844335 0.5381146 0.077167965 0.44181252 0.320703 0.360417 2.000000 0.325391 0.356250 2.000000 0.316016 0.352083 2.000000 0.125000 0.000000 0.000000 0.305469 0.347917 2.000000 0.316016 0.402083 2.000000 0.280859 0.389583 1.000000 0.312500 0.462500 2.000000 0.125000 0.000000 0.000000 0.308984 0.527083 2.000000 0.125000 0.000000 0.000000 0.298438 0.516667 2.000000 0.275000 0.518750 2.000000 0.294922 0.625000 2.000000 0.273828 0.625000 2.000000 0.296094 0.714583 2.000000 0.276172 0.718750 2.000000
0 0.35414845 0.47305208 0.09356249 0.5410208 0.378125 0.252083 2.000000 0.381641 0.243750 2.000000 0.369922 0.243750 2.000000 0.125000 0.000000 0.000000 0.359375 0.250000 2.000000 0.388672 0.302083 2.000000 0.337109 0.300000 2.000000 0.125000 0.000000 0.000000 0.305469 0.377083 1.000000 0.125000 0.000000 0.000000 0.326562 0.435417 1.000000 0.382812 0.452083 2.000000 0.353516 0.454167 2.000000 0.369922 0.577083 2.000000 0.351172 0.575000 2.000000 0.360547 0.689583 2.000000 0.348828 0.700000 2.000000
0 0.4293242 0.47760418 0.081492186 0.49116662 0.430859 0.266667 2.000000 0.436719 0.258333 2.000000 0.426172 0.260417 2.000000 0.442578 0.268750 2.000000 0.417969 0.268750 2.000000 0.457812 0.327083 2.000000 0.412109 0.331250 2.000000 0.458984 0.395833 1.000000 0.394531 0.406250 2.000000 0.417969 0.404167 2.000000 0.426172 0.416667 2.000000 0.449609 0.483333 2.000000 0.416797 0.485417 2.000000 0.458984 0.585417 1.000000 0.419141 0.593750 2.000000 0.461328 0.683333 2.000000 0.427344 0.691667 2.000000
0 0.545293 0.47753125 0.07457813 0.48764586 0.532812 0.300000 2.000000 0.538672 0.285417 2.000000 0.528125 0.285417 2.000000 0.548047 0.279167 2.000000 0.519922 0.283333 1.000000 0.569141 0.322917 2.000000 0.518750 0.325000 2.000000 0.125000 0.000000 0.000000 0.125000 0.000000 0.000000 0.125000 0.000000 0.000000 0.125000 0.000000 0.000000 0.569141 0.477083 1.000000 0.535156 0.479167 2.000000 0.571484 0.587500 2.000000 0.537500 0.575000 2.000000 0.573828 0.689583 2.000000 0.543359 0.681250 2.000000
0 0.605334 0.50225 0.08848829 0.492125 0.584375 0.297917 2.000000 0.586719 0.285417 2.000000 0.577344 0.291667 2.000000 0.597266 0.291667 2.000000 0.572656 0.304167 2.000000 0.623047 0.341667 2.000000 0.567969 0.366667 2.000000 0.642969 0.412500 2.000000 0.569141 0.429167 2.000000 0.606641 0.404167 2.000000 0.567969 0.493750 2.000000 0.624219 0.493750 2.000000 0.590234 0.493750 2.000000 0.626562 0.602083 2.000000 0.592578 0.606250 2.000000 0.626562 0.710417 2.000000 0.592578 0.708333 2.000000
0 0.7445352 0.5296875 0.102984376 0.57275003 0.714453 0.295833 2.000000 0.719141 0.289583 2.000000 0.708594 0.291667 2.000000 0.733203 0.287500 2.000000 0.125000 0.000000 0.000000 0.746094 0.356250 2.000000 0.716797 0.352083 2.000000 0.770703 0.443750 1.000000 0.125000 0.000000 0.000000 0.782422 0.506250 2.000000 0.125000 0.000000 0.000000 0.728516 0.525000 2.000000 0.712109 0.518750 2.000000 0.726172 0.652083 2.000000 0.722656 0.635417 2.000000 0.715625 0.772917 2.000000 0.733203 0.745833 2.000000
0 0.49150977 0.5017604 0.06798046 0.4591875 0.485938 0.308333 2.000000 0.489453 0.300000 2.000000 0.478906 0.306250 2.000000 0.497656 0.304167 2.000000 0.470703 0.312500 2.000000 0.512891 0.350000 2.000000 0.462500 0.354167 2.000000 0.543359 0.385417 1.000000 0.450781 0.412500 1.000000 0.125000 0.000000 0.000000 0.125000 0.000000 0.000000 0.505859 0.493750 2.000000 0.474219 0.493750 2.000000 0.503516 0.600000 2.000000 0.470703 0.604167 2.000000 0.495313 0.700000 2.000000 0.473047 0.693750 2.000000
0 0.6507032 0.4924375 0.13560937 0.5604583 0.660547 0.254167 2.000000 0.667578 0.243750 2.000000 0.655859 0.247917 2.000000 0.678125 0.247917 2.000000 0.125000 0.000000 0.000000 0.699219 0.304167 2.000000 0.651172 0.325000 2.000000 0.125000 0.000000 0.000000 0.642969 0.402083 2.000000 0.125000 0.000000 0.000000 0.606641 0.402083 2.000000 0.692187 0.493750 2.000000 0.659375 0.493750 2.000000 0.692187 0.600000 2.000000 0.666406 0.597917 2.000000 0.700391 0.739583 2.000000 0.669922 0.722917 2.000000
0 0.2636504 0.3756771 0.10740235 0.20502084 0.263281 0.297917 1.000000 0.269141 0.289583 1.000000 0.257422 0.283333 1.000000 0.125000 0.000000 0.000000 0.242188 0.283333 1.000000 0.259766 0.352083 1.000000 0.228125 0.350000 1.000000 0.125000 0.000000 0.000000 0.204688 0.427083 1.000000 0.125000 0.000000 0.000000 0.214062 0.516667 1.000000 0.251563 0.522917 1.000000 0.231641 0.531250 1.000000 0.125000 0.000000 0.000000 0.125000 0.000000 0.000000 0.125000 0.000000 0.000000 0.125000 0.000000 0.000000