0 0.47769338 0.30900002 0.1266211 0.2865 0.495313 0.262500 2.000000 0.509375 0.252083 2.000000 0.491797 0.233333 2.000000 0.125000 0.000000 0.000000 0.467187 0.222917 2.000000 0.509375 0.291667 2.000000 0.439063 0.302083 2.000000 0.533984 0.416667 2.000000 0.440234 0.435417 2.000000 0.517578 0.314583 2.000000 0.448438 0.383333 2.000000 0.508203 0.491667 1.000000 0.463672 0.495833 1.000000 0.125000 0.000000 0.000000 0.125000 0.000000 0.000000 0.125000 0.000000 0.000000 0.125000 0.000000 0.000000
0 0.6073379 0.3889271 0.1561289 0.45122916 0.627734 0.275000 2.000000 0.639453 0.254167 2.000000 0.618359 0.262500 2.000000 0.672266 0.250000 2.000000 0.125000 0.000000 0.000000 0.125000 0.000000 0.000000 0.639453 0.360417 2.000000 0.125000 0.000000 0.000000 0.606641 0.462500 2.000000 0.125000 0.000000 0.000000 0.562109 0.443750 2.000000 0.125000 0.000000 0.000000 0.125000 0.000000 0.000000 0.125000 0.000000 0.000000 0.125000 0.000000 0.000000 0.125000 0.000000 0.000000 0.125000 0.000000 0.000000
0 0.7292188 0.6224687 0.26292187 0.75506246 0.674609 0.389583 2.000000 0.692187 0.358333 2.000000 0.660547 0.364583 2.000000 0.728516 0.366667 2.000000 0.125000 0.000000 0.000000 0.783594 0.516667 2.000000 0.676953 0.477083 2.000000 0.816406 0.752083 2.000000 0.693359 0.620833 2.000000 0.710938 0.816667 2.000000 0.642969 0.635417 2.000000 0.757812 0.902083 2.000000 0.685156 0.783333 2.000000 0.125000 0.000000 0.000000 0.125000 0.000000 0.000000 0.125000 0.000000 0.000000 0.125000 0.000000 0.000000
0 0.51305467 0.124802075 0.101648435 0.17102082 0.125000 0.000000 0.000000 0.125000 0.000000 0.000000 0.125000 0.000000 0.000000 0.501172 0.077083 1.000000 0.524609 0.079167 2.000000 0.489453 0.116667 2.000000 0.536328 0.114583 2.000000 0.467187 0.166667 2.000000 0.558594 0.158333 2.000000 0.125000 0.000000 0.000000 0.125000 0.000000 0.000000 0.125000 0.000000 0.000000 0.125000 0.000000 0.000000 0.125000 0.000000 0.000000 0.125000 0.000000 0.000000 0.125000 0.000000 0.000000 0.125000 0.000000 0.000000
0 0.34694728 0.12705208 0.07346484 0.22622915 0.125000 0.000000 0.000000 0.125000 0.000000 0.000000 0.125000 0.000000 0.000000 0.125000 0.000000 0.000000 0.125000 0.000000 0.000000 0.319531 0.077083 2.000000 0.355859 0.077083 2.000000 0.125000 0.000000 0.000000 0.372266 0.114583 2.000000 0.125000 0.000000 0.000000 0.125000 0.000000 0.000000 0.327734 0.160417 1.000000 0.352344 0.160417 2.000000 0.125000 0.000000 0.000000 0.375781 0.162500 1.000000 0.125000 0.000000 0.000000 0.353516 0.235417 1.000000
0 0.41291797 0.13014585 0.07007813 0.24370834 0.125000 0.000000 0.000000 0.125000 0.000000 0.000000 0.125000 0.000000 0.000000 0.125000 0.000000 0.000000 0.125000 0.000000 0.000000 0.421484 0.070833 2.000000 0.430859 0.064583 2.000000 0.413281 0.125000 2.000000 0.125000 0.000000 0.000000 0.389844 0.100000 2.000000 0.125000 0.000000 0.000000 0.419141 0.162500 2.000000 0.421484 0.158333 2.000000 0.383984 0.175000 1.000000 0.386328 0.158333 1.000000 0.394531 0.231250 2.000000 0.409766 0.206250 2.000000
0 0.2677285 0.5794896 0.24024609 0.68764585 0.320703 0.360417 2.000000 0.332422 0.339583 2.000000 0.305469 0.335417 2.000000 0.125000 0.000000 0.000000 0.262109 0.339583 2.000000 0.307813 0.431250 2.000000 0.197656 0.445833 2.000000 0.318359 0.525000 2.000000 0.162500 0.697917 2.000000 0.352344 0.541667 2.000000 0.300781 0.714583 2.000000 0.252734 0.737500 2.000000 0.194141 0.804167 2.000000 0.125000 0.000000 0.000000 0.125000 0.000000 0.000000 0.125000 0.000000 0.000000 0.125000 0.000000 0.000000
0 0.38578323 0.05707292 0.042363282 0.0978125 0.125000 0.000000 0.000000 0.125000 0.000000 0.000000 0.125000 0.000000 0.000000 0.125000 0.000000 0.000000 0.125000 0.000000 0.000000 0.125000 0.000000 0.000000 0.125000 0.000000 0.000000 0.125000 0.000000 0.000000 0.125000 0.000000 0.000000 0.125000 0.000000 0.000000 0.125000 0.000000 0.000000 0.125000 0.000000 0.000000 0.125000 0.000000 0.000000 0.125000 0.000000 0.000000 0.125000 0.000000 0.000000 0.125000 0.000000 0.000000 0.125000 0.000000 0.000000
0 0.48649412 0.08562501 0.049042966 0.111208335 0.125000 0.000000 0.000000 0.125000 0.000000 0.000000 0.125000 0.000000 0.000000 0.125000 0.000000 0.000000 0.125000 0.000000 0.000000 0.125000 0.000000 0.000000 0.125000 0.000000 0.000000 0.125000 0.000000 0.000000 0.125000 0.000000 0.000000 0.125000 0.000000 0.000000 0.125000 0.000000 0.000000 0.125000 0.000000 0.000000 0.125000 0.000000 0.000000 0.125000 0.000000 0.000000 0.125000 0.000000 0.000000 0.125000 0.000000 0.000000 0.125000 0.000000 0.000000
0 0.48007813 0.023927083 0.0070078126 0.032395832 0.125000 0.000000 0.000000 0.125000 0.000000 0.000000 0.125000 0.000000 0.000000 0.125000 0.000000 0.000000 0.125000 0.000000 0.000000 0.125000 0.000000 0.000000 0.125000 0.000000 0.000000 0.125000 0.000000 0.000000 0.125000 0.000000 0.000000 0.125000 0.000000 0.000000 0.125000 0.000000 0.000000 0.125000 0.000000 0.000000 0.125000 0.000000 0.000000 0.125000 0.000000 0.000000 0.125000 0.000000 0.000000 0.125000 0.000000 0.000000 0.125000 0.000000 0.000000
0 0.58704096 0.027489584 0.005285157 0.029770834 0.125000 0.000000 0.000000 0.125000 0.000000 0.000000 0.125000 0.000000 0.000000 0.125000 0.000000 0.000000 0.125000 0.000000 0.000000 0.125000 0.000000 0.000000 0.125000 0.000000 0.000000 0.125000 0.000000 0.000000 0.125000 0.000000 0.000000 0.125000 0.000000 0.000000 0.125000 0.000000 0.000000 0.125000 0.000000 0.000000 0.125000 0.000000 0.000000 0.125000 0.000000 0.000000 0.125000 0.000000 0.000000 0.125000 0.000000 0.000000 0.125000 0.000000 0.000000
0 0.3083574 0.082666665 0.041871093 0.13320832 0.326562 0.045833 2.000000 0.125000 0.000000 0.000000 0.324219 0.043750 2.000000 0.125000 0.000000 0.000000 0.125000 0.000000 0.000000 0.312500 0.068750 2.000000 0.303125 0.072917 2.000000 0.125000 0.000000 0.000000 0.125000 0.000000 0.000000 0.125000 0.000000 0.000000 0.125000 0.000000 0.000000 0.303125 0.133333 2.000000 0.300781 0.141667 2.000000 0.125000 0.000000 0.000000 0.125000 0.000000 0.000000 0.125000 0.000000 0.000000 0.125000 0.000000 0.000000
0 0.81526953 0.0310625 0.0068671876 0.020791665 0.125000 0.000000 0.000000 0.125000 0.000000 0.000000 0.125000 0.000000 0.000000 0.125000 0.000000 0.000000 0.125000 0.000000 0.000000 0.125000 0.000000 0.000000 0.125000 0.000000 0.000000 0.125000 0.000000 0.000000 0.125000 0.000000 0.000000 0.125000 0.000000 0.000000 0.125000 0.000000 0.000000 0.125000 0.000000 0.000000 0.125000 0.000000 0.000000 0.125000 0.000000 0.000000 0.125000 0.000000 0.000000 0.125000 0.000000 0.000000 0.125000 0.000000 0.000000
0 0.51113284 0.025 0.015234375 0.016666668 0.125000 0.000000 0.000000 0.125000 0.000000 0.000000 0.125000 0.000000 0.000000 0.125000 0.000000 0.000000 0.125000 0.000000 0.000000 0.125000 0.000000 0.000000 0.125000 0.000000 0.000000 0.125000 0.000000 0.000000 0.125000 0.000000 0.000000 0.125000 0.000000 0.000000 0.125000 0.000000 0.000000 0.125000 0.000000 0.000000 0.125000 0.000000 0.000000 0.125000 0.000000 0.000000 0.125000 0.000000 0.000000 0.125000 0.000000 0.000000 0.125000 0.000000 0.000000