0 0.6003516 0.8167639 0.11632812 0.3664722 0.000000 0.000000 0.000000 0.000000 0.000000 0.000000 0.000000 0.000000 0.000000 0.568750 0.677778 1.000000 0.595312 0.675000 2.000000 0.560938 0.747222 2.000000 0.603125 0.727778 2.000000 0.551562 0.816667 2.000000 0.628125 0.802778 2.000000 0.562500 0.852778 2.000000 0.646875 0.888889 2.000000 0.592188 0.897222 2.000000 0.617188 0.886111 2.000000 0.609375 0.980556 2.000000 0.000000 0.000000 0.000000 0.000000 0.000000 0.000000 0.000000 0.000000 0.000000
0 0.50372654 0.8476389 0.057984374 0.2933889 0.000000 0.000000 0.000000 0.000000 0.000000 0.000000 0.000000 0.000000 0.000000 0.000000 0.000000 0.000000 0.000000 0.000000 0.000000 0.481250 0.769444 2.000000 0.493750 0.750000 2.000000 0.484375 0.827778 2.000000 0.000000 0.000000 0.000000 0.484375 0.866667 2.000000 0.000000 0.000000 0.000000 0.496875 0.861111 2.000000 0.507812 0.841667 2.000000 0.498437 0.933333 2.000000 0.514063 0.922222 2.000000 0.000000 0.000000 0.000000 0.525000 0.991667 2.000000
0 0.42093748 0.86311114 0.064812504 0.2675 0.401563 0.761111 2.000000 0.400000 0.758333 2.000000 0.000000 0.000000 0.000000 0.404687 0.752778 2.000000 0.000000 0.000000 0.000000 0.409375 0.772222 2.000000 0.423438 0.755556 2.000000 0.406250 0.816667 2.000000 0.000000 0.000000 0.000000 0.398438 0.844444 2.000000 0.000000 0.000000 0.000000 0.415625 0.877778 2.000000 0.431250 0.866667 2.000000 0.425000 0.927778 2.000000 0.435937 0.919444 2.000000 0.437500 0.991667 2.000000 0.442187 0.986111 2.000000
0 0.6802578 0.70423615 0.06064063 0.16691667 0.656250 0.650000 2.000000 0.656250 0.641667 2.000000 0.000000 0.000000 0.000000 0.660937 0.638889 2.000000 0.664062 0.636111 2.000000 0.667188 0.666667 2.000000 0.678125 0.650000 2.000000 0.675000 0.713889 2.000000 0.678125 0.675000 2.000000 0.679688 0.758333 2.000000 0.659375 0.672222 2.000000 0.684375 0.752778 2.000000 0.695312 0.744444 2.000000 0.689062 0.800000 1.000000 0.703125 0.794444 1.000000 0.000000 0.000000 0.000000 0.000000 0.000000 0.000000
0 0.5300781 0.773875 0.037375 0.20797224 0.000000 0.000000 0.000000 0.000000 0.000000 0.000000 0.000000 0.000000 0.000000 0.000000 0.000000 0.000000 0.000000 0.000000 0.000000 0.000000 0.000000 0.000000 0.000000 0.000000 0.000000 0.000000 0.000000 0.000000 0.000000 0.000000 0.000000 0.000000 0.000000 0.000000 0.000000 0.000000 0.000000 0.000000 0.000000 0.000000 0.000000 0.000000 0.000000 0.000000 0.000000 0.000000 0.000000 0.000000 0.000000 0.000000 0.000000 0.000000 0.000000 0.000000 0.000000
0 0.9596484 0.67368054 0.08070313 0.37119445 0.000000 0.000000 0.000000 0.000000 0.000000 0.000000 0.000000 0.000000 0.000000 0.929688 0.533333 1.000000 0.957812 0.525000 2.000000 0.921875 0.588889 2.000000 0.968750 0.569444 2.000000 0.000000 0.000000 0.000000 0.000000 0.000000 0.000000 0.000000 0.000000 0.000000 0.985937 0.541667 2.000000 0.959375 0.688889 2.000000 0.981250 0.675000 2.000000 0.989062 0.797222 2.000000 0.000000 0.000000 0.000000 0.000000 0.000000 0.000000 0.000000 0.000000 0.000000
0 0.7736719 0.6874166 0.0500625 0.20866668 0.000000 0.000000 0.000000 0.000000 0.000000 0.000000 0.000000 0.000000 0.000000 0.000000 0.000000 0.000000 0.000000 0.000000 0.000000 0.000000 0.000000 0.000000 0.000000 0.000000 0.000000 0.000000 0.000000 0.000000 0.000000 0.000000 0.000000 0.000000 0.000000 0.000000 0.000000 0.000000 0.000000 0.000000 0.000000 0.000000 0.000000 0.000000 0.000000 0.000000 0.000000 0.000000 0.000000 0.000000 0.000000 0.000000 0.000000 0.000000 0.000000 0.000000 0.000000
0 0.84115624 0.7169305 0.10643751 0.3593611 0.801562 0.577778 2.000000 0.804688 0.572222 2.000000 0.798437 0.575000 2.000000 0.815625 0.569444 2.000000 0.000000 0.000000 0.000000 0.832812 0.605556 2.000000 0.814062 0.605556 2.000000 0.837500 0.661111 2.000000 0.000000 0.000000 0.000000 0.817187 0.661111 2.000000 0.000000 0.000000 0.000000 0.839063 0.697222 2.000000 0.840625 0.691667 2.000000 0.853125 0.788889 2.000000 0.862500 0.777778 2.000000 0.864062 0.863889 2.000000 0.876562 0.827778 2.000000
0 0.6263125 0.6827639 0.03221875 0.117861114 0.000000 0.000000 0.000000 0.000000 0.000000 0.000000 0.000000 0.000000 0.000000 0.000000 0.000000 0.000000 0.000000 0.000000 0.000000 0.000000 0.000000 0.000000 0.000000 0.000000 0.000000 0.000000 0.000000 0.000000 0.000000 0.000000 0.000000 0.000000 0.000000 0.000000 0.000000 0.000000 0.000000 0.000000 0.000000 0.000000 0.000000 0.000000 0.000000 0.000000 0.000000 0.000000 0.000000 0.000000 0.000000 0.000000 0.000000 0.000000 0.000000 0.000000 0.000000
0 0.60501564 0.6779722 0.030812498 0.111999996 0.000000 0.000000 0.000000 0.000000 0.000000 0.000000 0.000000 0.000000 0.000000 0.000000 0.000000 0.000000 0.000000 0.000000 0.000000 0.000000 0.000000 0.000000 0.000000 0.000000 0.000000 0.000000 0.000000 0.000000 0.000000 0.000000 0.000000 0.000000 0.000000 0.000000 0.000000 0.000000 0.000000 0.000000 0.000000 0.000000 0.000000 0.000000 0.000000 0.000000 0.000000 0.000000 0.000000 0.000000 0.000000 0.000000 0.000000 0.000000 0.000000 0.000000 0.000000
0 0.7333047 0.65450007 0.046921875 0.18127778 0.000000 0.000000 0.000000 0.000000 0.000000 0.000000 0.000000 0.000000 0.000000 0.000000 0.000000 0.000000 0.000000 0.000000 0.000000 0.000000 0.000000 0.000000 0.000000 0.000000 0.000000 0.000000 0.000000 0.000000 0.000000 0.000000 0.000000 0.000000 0.000000 0.000000 0.000000 0.000000 0.000000 0.000000 0.000000 0.000000 0.000000 0.000000 0.000000 0.000000 0.000000 0.000000 0.000000 0.000000 0.000000 0.000000 0.000000 0.000000 0.000000 0.000000 0.000000