0 0.36982062 0.52187 0.011711251 0.0333 0.289062 0.000000 0.000000 0.289062 0.000000 0.000000 0.289062 0.000000 0.000000 0.289062 0.000000 0.000000 0.289062 0.000000 0.000000 0.289062 0.000000 0.000000 0.289062 0.000000 0.000000 0.289062 0.000000 0.000000 0.289062 0.000000 0.000000 0.289062 0.000000 0.000000 0.289062 0.000000 0.000000 0.289062 0.000000 0.000000 0.289062 0.000000 0.000000 0.289062 0.000000 0.000000 0.289062 0.000000 0.000000 0.289062 0.000000 0.000000 0.289062 0.000000 0.000000
0 0.41394874 0.52192 0.007920001 0.030760001 0.289062 0.000000 0.000000 0.289062 0.000000 0.000000 0.289062 0.000000 0.000000 0.289062 0.000000 0.000000 0.289062 0.000000 0.000000 0.289062 0.000000 0.000000 0.289062 0.000000 0.000000 0.289062 0.000000 0.000000 0.289062 0.000000 0.000000 0.289062 0.000000 0.000000 0.289062 0.000000 0.000000 0.289062 0.000000 0.000000 0.289062 0.000000 0.000000 0.289062 0.000000 0.000000 0.289062 0.000000 0.000000 0.289062 0.000000 0.000000 0.289062 0.000000 0.000000
0 0.518675 0.52104 0.0073575005 0.027280003 0.289062 0.000000 0.000000 0.289062 0.000000 0.000000 0.289062 0.000000 0.000000 0.289062 0.000000 0.000000 0.289062 0.000000 0.000000 0.289062 0.000000 0.000000 0.289062 0.000000 0.000000 0.289062 0.000000 0.000000 0.289062 0.000000 0.000000 0.289062 0.000000 0.000000 0.289062 0.000000 0.000000 0.289062 0.000000 0.000000 0.289062 0.000000 0.000000 0.289062 0.000000 0.000000 0.289062 0.000000 0.000000 0.289062 0.000000 0.000000 0.289062 0.000000 0.000000
0 0.571775 0.51189 0.008527501 0.01686 0.289062 0.000000 0.000000 0.289062 0.000000 0.000000 0.289062 0.000000 0.000000 0.289062 0.000000 0.000000 0.289062 0.000000 0.000000 0.289062 0.000000 0.000000 0.289062 0.000000 0.000000 0.289062 0.000000 0.000000 0.289062 0.000000 0.000000 0.289062 0.000000 0.000000 0.289062 0.000000 0.000000 0.289062 0.000000 0.000000 0.289062 0.000000 0.000000 0.289062 0.000000 0.000000 0.289062 0.000000 0.000000 0.289062 0.000000 0.000000 0.289062 0.000000 0.000000
0 0.37718377 0.51954 0.0069975 0.029000001 0.289062 0.000000 0.000000 0.289062 0.000000 0.000000 0.289062 0.000000 0.000000 0.289062 0.000000 0.000000 0.289062 0.000000 0.000000 0.289062 0.000000 0.000000 0.289062 0.000000 0.000000 0.289062 0.000000 0.000000 0.289062 0.000000 0.000000 0.289062 0.000000 0.000000 0.289062 0.000000 0.000000 0.289062 0.000000 0.000000 0.289062 0.000000 0.000000 0.289062 0.000000 0.000000 0.289062 0.000000 0.000000 0.289062 0.000000 0.000000 0.289062 0.000000 0.000000
0 0.35677063 0.52364004 0.00817875 0.028520001 0.289062 0.000000 0.000000 0.289062 0.000000 0.000000 0.289062 0.000000 0.000000 0.289062 0.000000 0.000000 0.289062 0.000000 0.000000 0.289062 0.000000 0.000000 0.289062 0.000000 0.000000 0.289062 0.000000 0.000000 0.289062 0.000000 0.000000 0.289062 0.000000 0.000000 0.289062 0.000000 0.000000 0.289062 0.000000 0.000000 0.289062 0.000000 0.000000 0.289062 0.000000 0.000000 0.289062 0.000000 0.000000 0.289062 0.000000 0.000000 0.289062 0.000000 0.000000
0 0.40289003 0.51933 0.0101925 0.02638 0.289062 0.000000 0.000000 0.289062 0.000000 0.000000 0.289062 0.000000 0.000000 0.289062 0.000000 0.000000 0.289062 0.000000 0.000000 0.289062 0.000000 0.000000 0.289062 0.000000 0.000000 0.289062 0.000000 0.000000 0.289062 0.000000 0.000000 0.289062 0.000000 0.000000 0.289062 0.000000 0.000000 0.289062 0.000000 0.000000 0.289062 0.000000 0.000000 0.289062 0.000000 0.000000 0.289062 0.000000 0.000000 0.289062 0.000000 0.000000 0.289062 0.000000 0.000000
0 0.6423238 0.55592 0.009990001 0.02396 0.289062 0.000000 0.000000 0.289062 0.000000 0.000000 0.289062 0.000000 0.000000 0.289062 0.000000 0.000000 0.289062 0.000000 0.000000 0.289062 0.000000 0.000000 0.289062 0.000000 0.000000 0.289062 0.000000 0.000000 0.289062 0.000000 0.000000 0.289062 0.000000 0.000000 0.289062 0.000000 0.000000 0.289062 0.000000 0.000000 0.289062 0.000000 0.000000 0.289062 0.000000 0.000000 0.289062 0.000000 0.000000 0.289062 0.000000 0.000000 0.289062 0.000000 0.000000
0 0.5610594 0.50925004 0.01058625 0.01798 0.289062 0.000000 0.000000 0.289062 0.000000 0.000000 0.289062 0.000000 0.000000 0.289062 0.000000 0.000000 0.289062 0.000000 0.000000 0.289062 0.000000 0.000000 0.289062 0.000000 0.000000 0.289062 0.000000 0.000000 0.289062 0.000000 0.000000 0.289062 0.000000 0.000000 0.289062 0.000000 0.000000 0.289062 0.000000 0.000000 0.289062 0.000000 0.000000 0.289062 0.000000 0.000000 0.289062 0.000000 0.000000 0.289062 0.000000 0.000000 0.289062 0.000000 0.000000
0 0.59963006 0.51604 0.0069525 0.025120003 0.289062 0.000000 0.000000 0.289062 0.000000 0.000000 0.289062 0.000000 0.000000 0.289062 0.000000 0.000000 0.289062 0.000000 0.000000 0.289062 0.000000 0.000000 0.289062 0.000000 0.000000 0.289062 0.000000 0.000000 0.289062 0.000000 0.000000 0.289062 0.000000 0.000000 0.289062 0.000000 0.000000 0.289062 0.000000 0.000000 0.289062 0.000000 0.000000 0.289062 0.000000 0.000000 0.289062 0.000000 0.000000 0.289062 0.000000 0.000000 0.289062 0.000000 0.000000
0 0.4916525 0.52250004 0.004725 0.02772 0.289062 0.000000 0.000000 0.289062 0.000000 0.000000 0.289062 0.000000 0.000000 0.289062 0.000000 0.000000 0.289062 0.000000 0.000000 0.289062 0.000000 0.000000 0.289062 0.000000 0.000000 0.289062 0.000000 0.000000 0.289062 0.000000 0.000000 0.289062 0.000000 0.000000 0.289062 0.000000 0.000000 0.289062 0.000000 0.000000 0.289062 0.000000 0.000000 0.289062 0.000000 0.000000 0.289062 0.000000 0.000000 0.289062 0.000000 0.000000 0.289062 0.000000 0.000000