0 0.37801364 0.51491666 0.10529296 0.55866665 0.392188 0.375000 2.000000 0.125000 0.000000 0.000000 0.387500 0.375000 2.000000 0.125000 0.000000 0.000000 0.378125 0.395833 2.000000 0.407422 0.422917 2.000000 0.373437 0.439583 2.000000 0.407422 0.339583 2.000000 0.335938 0.435417 2.000000 0.409766 0.270833 2.000000 0.333594 0.385417 2.000000 0.413281 0.564583 2.000000 0.386328 0.566667 2.000000 0.412109 0.679167 2.000000 0.372266 0.672917 2.000000 0.398047 0.766667 2.000000 0.366406 0.739583 2.000000
0 0.23972656 0.3370729 0.057773434 0.08614583 0.125000 0.000000 0.000000 0.125000 0.000000 0.000000 0.125000 0.000000 0.000000 0.125000 0.000000 0.000000 0.125000 0.000000 0.000000 0.125000 0.000000 0.000000 0.125000 0.000000 0.000000 0.125000 0.000000 0.000000 0.125000 0.000000 0.000000 0.125000 0.000000 0.000000 0.125000 0.000000 0.000000 0.125000 0.000000 0.000000 0.125000 0.000000 0.000000 0.125000 0.000000 0.000000 0.125000 0.000000 0.000000 0.125000 0.000000 0.000000 0.125000 0.000000 0.000000
0 0.3482363 0.33890623 0.035355467 0.07743749 0.125000 0.000000 0.000000 0.125000 0.000000 0.000000 0.125000 0.000000 0.000000 0.125000 0.000000 0.000000 0.125000 0.000000 0.000000 0.125000 0.000000 0.000000 0.125000 0.000000 0.000000 0.125000 0.000000 0.000000 0.125000 0.000000 0.000000 0.125000 0.000000 0.000000 0.125000 0.000000 0.000000 0.125000 0.000000 0.000000 0.125000 0.000000 0.000000 0.125000 0.000000 0.000000 0.125000 0.000000 0.000000 0.125000 0.000000 0.000000 0.125000 0.000000 0.000000
0 0.28034374 0.2681875 0.03696094 0.10525 0.289062 0.237500 2.000000 0.125000 0.000000 0.000000 0.286719 0.235417 2.000000 0.125000 0.000000 0.000000 0.280859 0.239583 2.000000 0.289062 0.258333 2.000000 0.269141 0.264583 2.000000 0.290234 0.297917 2.000000 0.272656 0.302083 2.000000 0.291406 0.289583 2.000000 0.283203 0.283333 2.000000 0.284375 0.308333 1.000000 0.269141 0.308333 2.000000 0.292578 0.312500 2.000000 0.271484 0.314583 2.000000 0.125000 0.000000 0.000000 0.125000 0.000000 0.000000
0 0.34419337 0.27233332 0.036175784 0.09354167 0.125000 0.000000 0.000000 0.125000 0.000000 0.000000 0.125000 0.000000 0.000000 0.125000 0.000000 0.000000 0.125000 0.000000 0.000000 0.125000 0.000000 0.000000 0.125000 0.000000 0.000000 0.125000 0.000000 0.000000 0.125000 0.000000 0.000000 0.125000 0.000000 0.000000 0.125000 0.000000 0.000000 0.125000 0.000000 0.000000 0.125000 0.000000 0.000000 0.125000 0.000000 0.000000 0.125000 0.000000 0.000000 0.125000 0.000000 0.000000 0.125000 0.000000 0.000000
0 0.34475 0.2390521 0.041695315 0.10664583 0.125000 0.000000 0.000000 0.125000 0.000000 0.000000 0.125000 0.000000 0.000000 0.125000 0.000000 0.000000 0.125000 0.000000 0.000000 0.125000 0.000000 0.000000 0.125000 0.000000 0.000000 0.125000 0.000000 0.000000 0.125000 0.000000 0.000000 0.125000 0.000000 0.000000 0.125000 0.000000 0.000000 0.125000 0.000000 0.000000 0.125000 0.000000 0.000000 0.125000 0.000000 0.000000 0.125000 0.000000 0.000000 0.125000 0.000000 0.000000 0.125000 0.000000 0.000000
0 0.38118944 0.26191667 0.039503906 0.07308334 0.125000 0.000000 0.000000 0.125000 0.000000 0.000000 0.125000 0.000000 0.000000 0.125000 0.000000 0.000000 0.125000 0.000000 0.000000 0.125000 0.000000 0.000000 0.125000 0.000000 0.000000 0.125000 0.000000 0.000000 0.125000 0.000000 0.000000 0.125000 0.000000 0.000000 0.125000 0.000000 0.000000 0.125000 0.000000 0.000000 0.125000 0.000000 0.000000 0.125000 0.000000 0.000000 0.125000 0.000000 0.000000 0.125000 0.000000 0.000000 0.125000 0.000000 0.000000
0 0.37647852 0.21442707 0.0626836 0.16552083 0.374609 0.158333 2.000000 0.378125 0.154167 2.000000 0.372266 0.154167 2.000000 0.381641 0.152083 2.000000 0.369922 0.150000 2.000000 0.382812 0.177083 2.000000 0.362891 0.168750 2.000000 0.388672 0.204167 2.000000 0.352344 0.197917 2.000000 0.382812 0.220833 2.000000 0.360547 0.222917 2.000000 0.376953 0.216667 2.000000 0.364062 0.214583 2.000000 0.402734 0.218750 2.000000 0.125000 0.000000 0.000000 0.401563 0.264583 2.000000 0.125000 0.000000 0.000000
0 0.51432616 0.26740623 0.040441405 0.11685417 0.515234 0.235417 2.000000 0.517578 0.231250 2.000000 0.511719 0.231250 2.000000 0.125000 0.000000 0.000000 0.507031 0.235417 2.000000 0.525781 0.256250 2.000000 0.497656 0.260417 2.000000 0.532812 0.283333 1.000000 0.495313 0.287500 2.000000 0.125000 0.000000 0.000000 0.504687 0.291667 2.000000 0.522266 0.295833 2.000000 0.508203 0.295833 2.000000 0.521094 0.287500 2.000000 0.125000 0.000000 0.000000 0.505859 0.310417 2.000000 0.125000 0.000000 0.000000
0 0.657418 0.29358333 0.0405 0.06391667 0.125000 0.000000 0.000000 0.125000 0.000000 0.000000 0.125000 0.000000 0.000000 0.125000 0.000000 0.000000 0.125000 0.000000 0.000000 0.125000 0.000000 0.000000 0.125000 0.000000 0.000000 0.125000 0.000000 0.000000 0.125000 0.000000 0.000000 0.125000 0.000000 0.000000 0.125000 0.000000 0.000000 0.125000 0.000000 0.000000 0.125000 0.000000 0.000000 0.125000 0.000000 0.000000 0.125000 0.000000 0.000000 0.125000 0.000000 0.000000 0.125000 0.000000 0.000000
0 0.32610548 0.13309374 0.026226562 0.0748125 0.125000 0.000000 0.000000 0.125000 0.000000 0.000000 0.125000 0.000000 0.000000 0.125000 0.000000 0.000000 0.125000 0.000000 0.000000 0.125000 0.000000 0.000000 0.125000 0.000000 0.000000 0.125000 0.000000 0.000000 0.125000 0.000000 0.000000 0.125000 0.000000 0.000000 0.125000 0.000000 0.000000 0.125000 0.000000 0.000000 0.125000 0.000000 0.000000 0.125000 0.000000 0.000000 0.125000 0.000000 0.000000 0.125000 0.000000 0.000000 0.125000 0.000000 0.000000
0 0.26520312 0.1513646 0.037757814 0.1029375 0.125000 0.000000 0.000000 0.125000 0.000000 0.000000 0.125000 0.000000 0.000000 0.125000 0.000000 0.000000 0.125000 0.000000 0.000000 0.125000 0.000000 0.000000 0.125000 0.000000 0.000000 0.125000 0.000000 0.000000 0.125000 0.000000 0.000000 0.125000 0.000000 0.000000 0.125000 0.000000 0.000000 0.125000 0.000000 0.000000 0.125000 0.000000 0.000000 0.125000 0.000000 0.000000 0.125000 0.000000 0.000000 0.125000 0.000000 0.000000 0.125000 0.000000 0.000000
0 0.28409377 0.338625 0.034335934 0.07904167 0.125000 0.000000 0.000000 0.125000 0.000000 0.000000 0.125000 0.000000 0.000000 0.125000 0.000000 0.000000 0.125000 0.000000 0.000000 0.125000 0.000000 0.000000 0.125000 0.000000 0.000000 0.125000 0.000000 0.000000 0.125000 0.000000 0.000000 0.125000 0.000000 0.000000 0.125000 0.000000 0.000000 0.125000 0.000000 0.000000 0.125000 0.000000 0.000000 0.125000 0.000000 0.000000 0.125000 0.000000 0.000000 0.125000 0.000000 0.000000 0.125000 0.000000 0.000000
0 0.5023438 0.18541667 0.74296874 0.37083334 0.125000 0.000000 0.000000 0.125000 0.000000 0.000000 0.125000 0.000000 0.000000 0.125000 0.000000 0.000000 0.125000 0.000000 0.000000 0.125000 0.000000 0.000000 0.125000 0.000000 0.000000 0.125000 0.000000 0.000000 0.125000 0.000000 0.000000 0.125000 0.000000 0.000000 0.125000 0.000000 0.000000 0.125000 0.000000 0.000000 0.125000 0.000000 0.000000 0.125000 0.000000 0.000000 0.125000 0.000000 0.000000 0.125000 0.000000 0.000000 0.125000 0.000000 0.000000