0 0.48560154 0.33332554 0.061308548 0.20576112 0.486827 0.295082 2.000000 0.493413 0.283372 2.000000 0.478923 0.283372 2.000000 0.078454 0.000000 0.000000 0.455211 0.288056 1.000000 0.510539 0.365340 2.000000 0.449941 0.374707 1.000000 0.078454 0.000000 0.000000 0.078454 0.000000 0.000000 0.078454 0.000000 0.000000 0.078454 0.000000 0.000000 0.078454 0.000000 0.000000 0.078454 0.000000 0.000000 0.078454 0.000000 0.000000 0.078454 0.000000 0.000000 0.078454 0.000000 0.000000 0.078454 0.000000 0.000000
0 0.44307157 0.3987939 0.049175937 0.2811007 0.459163 0.302108 2.000000 0.078454 0.000000 0.000000 0.449941 0.288056 2.000000 0.078454 0.000000 0.000000 0.420960 0.306792 2.000000 0.078454 0.000000 0.000000 0.417008 0.398126 1.000000 0.078454 0.000000 0.000000 0.078454 0.000000 0.000000 0.078454 0.000000 0.000000 0.078454 0.000000 0.000000 0.078454 0.000000 0.000000 0.078454 0.000000 0.000000 0.078454 0.000000 0.000000 0.078454 0.000000 0.000000 0.078454 0.000000 0.000000 0.078454 0.000000 0.000000
0 0.41342506 0.49550352 0.22247073 0.9865106 0.461797 0.126464 2.000000 0.078454 0.000000 0.000000 0.449941 0.100703 2.000000 0.078454 0.000000 0.000000 0.410422 0.110070 2.000000 0.339286 0.316159 2.000000 0.390662 0.351288 2.000000 0.078454 0.000000 0.000000 0.406470 0.646370 2.000000 0.078454 0.000000 0.000000 0.482875 0.524590 2.000000 0.369584 0.915691 2.000000 0.382758 0.918033 2.000000 0.078454 0.000000 0.000000 0.078454 0.000000 0.000000 0.078454 0.000000 0.000000 0.078454 0.000000 0.000000
0 0.25691965 0.31727165 0.13806938 0.34822014 0.301083 0.248244 2.000000 0.078454 0.000000 0.000000 0.281323 0.229508 2.000000 0.078454 0.000000 0.000000 0.236534 0.243560 2.000000 0.285275 0.372365 2.000000 0.195697 0.444965 1.000000 0.078454 0.000000 0.000000 0.078454 0.000000 0.000000 0.078454 0.000000 0.000000 0.078454 0.000000 0.000000 0.078454 0.000000 0.000000 0.078454 0.000000 0.000000 0.078454 0.000000 0.000000 0.078454 0.000000 0.000000 0.078454 0.000000 0.000000 0.078454 0.000000 0.000000
0 0.17941453 0.4319438 0.19541277 0.618267 0.198331 0.302108 2.000000 0.194379 0.257611 2.000000 0.168033 0.259953 2.000000 0.078454 0.000000 0.000000 0.102166 0.271663 2.000000 0.202283 0.468384 2.000000 0.078454 0.000000 0.000000 0.266833 0.711944 1.000000 0.078454 0.000000 0.000000 0.078454 0.000000 0.000000 0.078454 0.000000 0.000000 0.078454 0.000000 0.000000 0.078454 0.000000 0.000000 0.078454 0.000000 0.000000 0.078454 0.000000 0.000000 0.078454 0.000000 0.000000 0.078454 0.000000 0.000000
0 0.19895053 0.25035128 0.060807962 0.30285716 0.078454 0.000000 0.000000 0.078454 0.000000 0.000000 0.219409 0.168618 2.000000 0.078454 0.000000 0.000000 0.189110 0.173302 1.000000 0.222043 0.271663 1.000000 0.078454 0.000000 0.000000 0.078454 0.000000 0.000000 0.078454 0.000000 0.000000 0.078454 0.000000 0.000000 0.078454 0.000000 0.000000 0.078454 0.000000 0.000000 0.078454 0.000000 0.000000 0.078454 0.000000 0.000000 0.078454 0.000000 0.000000 0.078454 0.000000 0.000000 0.078454 0.000000 0.000000
0 0.5943274 0.29343092 0.04809572 0.2223185 0.078454 0.000000 0.000000 0.078454 0.000000 0.000000 0.078454 0.000000 0.000000 0.582992 0.229508 1.000000 0.078454 0.000000 0.000000 0.592213 0.285714 2.000000 0.602752 0.271663 2.000000 0.078454 0.000000 0.000000 0.078454 0.000000 0.000000 0.078454 0.000000 0.000000 0.078454 0.000000 0.000000 0.078454 0.000000 0.000000 0.078454 0.000000 0.000000 0.078454 0.000000 0.000000 0.078454 0.000000 0.000000 0.078454 0.000000 0.000000 0.078454 0.000000 0.000000
0 0.7934814 0.45882905 0.057685893 0.5524122 0.780591 0.229508 2.000000 0.784543 0.220141 2.000000 0.078454 0.000000 0.000000 0.797717 0.234192 2.000000 0.078454 0.000000 0.000000 0.806938 0.281030 2.000000 0.078454 0.000000 0.000000 0.808255 0.370023 2.000000 0.078454 0.000000 0.000000 0.796399 0.449649 2.000000 0.078454 0.000000 0.000000 0.078454 0.000000 0.000000 0.078454 0.000000 0.000000 0.078454 0.000000 0.000000 0.078454 0.000000 0.000000 0.078454 0.000000 0.000000 0.078454 0.000000 0.000000
0 0.7448258 0.43653396 0.05812061 0.40679154 0.078454 0.000000 0.000000 0.722629 0.269321 2.000000 0.078454 0.000000 0.000000 0.735802 0.271663 2.000000 0.078454 0.000000 0.000000 0.741071 0.318501 2.000000 0.078454 0.000000 0.000000 0.746341 0.384075 2.000000 0.078454 0.000000 0.000000 0.719994 0.416862 1.000000 0.078454 0.000000 0.000000 0.738437 0.449649 2.000000 0.078454 0.000000 0.000000 0.741071 0.543326 1.000000 0.078454 0.000000 0.000000 0.762149 0.637002 2.000000 0.078454 0.000000 0.000000
0 0.5720646 0.57415694 0.12007465 0.77079624 0.579040 0.264637 2.000000 0.582992 0.248244 2.000000 0.568501 0.255269 2.000000 0.078454 0.000000 0.000000 0.546107 0.266979 2.000000 0.598800 0.362998 2.000000 0.525029 0.367682 2.000000 0.614608 0.454333 1.000000 0.542155 0.498829 1.000000 0.592213 0.466042 2.000000 0.614608 0.503513 2.000000 0.597482 0.585480 1.000000 0.548741 0.592506 2.000000 0.576405 0.754098 2.000000 0.572453 0.784543 2.000000 0.561915 0.925059 2.000000 0.586944 0.882904 2.000000
0 0.7014988 0.4264988 0.10285714 0.5366511 0.078454 0.000000 0.000000 0.078454 0.000000 0.000000 0.722629 0.189696 2.000000 0.078454 0.000000 0.000000 0.713408 0.192037 2.000000 0.694965 0.255269 2.000000 0.705504 0.259953 2.000000 0.078454 0.000000 0.000000 0.710773 0.351288 2.000000 0.078454 0.000000 0.000000 0.719994 0.433255 2.000000 0.694965 0.435597 2.000000 0.705504 0.437939 2.000000 0.693648 0.540984 2.000000 0.709455 0.552693 2.000000 0.693648 0.655738 1.000000 0.710773 0.669789 1.000000
0 0.43940285 0.24409835 0.050032202 0.14093678 0.461797 0.250585 1.000000 0.078454 0.000000 0.000000 0.447307 0.222482 2.000000 0.078454 0.000000 0.000000 0.078454 0.000000 0.000000 0.078454 0.000000 0.000000 0.078454 0.000000 0.000000 0.078454 0.000000 0.000000 0.078454 0.000000 0.000000 0.078454 0.000000 0.000000 0.078454 0.000000 0.000000 0.078454 0.000000 0.000000 0.078454 0.000000 0.000000 0.078454 0.000000 0.000000 0.078454 0.000000 0.000000 0.078454 0.000000 0.000000 0.078454 0.000000 0.000000
0 0.49828088 0.23367682 0.028256735 0.058829043 0.078454 0.000000 0.000000 0.078454 0.000000 0.000000 0.078454 0.000000 0.000000 0.078454 0.000000 0.000000 0.078454 0.000000 0.000000 0.078454 0.000000 0.000000 0.078454 0.000000 0.000000 0.078454 0.000000 0.000000 0.078454 0.000000 0.000000 0.078454 0.000000 0.000000 0.078454 0.000000 0.000000 0.078454 0.000000 0.000000 0.078454 0.000000 0.000000 0.078454 0.000000 0.000000 0.078454 0.000000 0.000000 0.078454 0.000000 0.000000 0.078454 0.000000 0.000000
0 0.633709 0.31967214 0.3174766 0.34894612 0.078454 0.000000 0.000000 0.078454 0.000000 0.000000 0.078454 0.000000 0.000000 0.078454 0.000000 0.000000 0.078454 0.000000 0.000000 0.078454 0.000000 0.000000 0.078454 0.000000 0.000000 0.078454 0.000000 0.000000 0.078454 0.000000 0.000000 0.078454 0.000000 0.000000 0.078454 0.000000 0.000000 0.078454 0.000000 0.000000 0.078454 0.000000 0.000000 0.078454 0.000000 0.000000 0.078454 0.000000 0.000000 0.078454 0.000000 0.000000 0.078454 0.000000 0.000000