0 0.33416596 0.60601145 0.085900865 0.35285056 0.330603 0.491954 2.000000 0.338362 0.478161 2.000000 0.322845 0.478161 2.000000 0.348707 0.482759 2.000000 0.317672 0.482759 2.000000 0.362931 0.533333 2.000000 0.306034 0.540230 2.000000 0.369397 0.618391 2.000000 0.299569 0.639080 2.000000 0.350000 0.698851 2.000000 0.317672 0.696552 1.000000 0.350000 0.671264 2.000000 0.318966 0.671264 2.000000 0.339655 0.756322 2.000000 0.086207 0.000000 0.000000 0.359052 0.855172 1.000000 0.086207 0.000000 0.000000
0 0.36778662 0.39942524 0.08577155 0.24372412 0.365517 0.342529 2.000000 0.374569 0.331034 2.000000 0.359052 0.333333 2.000000 0.379741 0.335632 2.000000 0.351293 0.335632 2.000000 0.400431 0.406897 2.000000 0.334483 0.413793 2.000000 0.401724 0.455172 1.000000 0.329310 0.471264 1.000000 0.401724 0.526437 1.000000 0.329310 0.526437 1.000000 0.086207 0.000000 0.000000 0.086207 0.000000 0.000000 0.086207 0.000000 0.000000 0.086207 0.000000 0.000000 0.086207 0.000000 0.000000 0.086207 0.000000 0.000000
0 0.52930814 0.40688506 0.08421982 0.2550115 0.521983 0.340230 2.000000 0.528448 0.328736 2.000000 0.515517 0.331034 2.000000 0.537500 0.331034 2.000000 0.509052 0.333333 1.000000 0.556897 0.395402 2.000000 0.494828 0.411494 2.000000 0.565948 0.487356 1.000000 0.497414 0.494253 2.000000 0.086207 0.000000 0.000000 0.086207 0.000000 0.000000 0.555603 0.551724 1.000000 0.516810 0.558621 1.000000 0.086207 0.000000 0.000000 0.086207 0.000000 0.000000 0.086207 0.000000 0.000000 0.086207 0.000000 0.000000
0 0.82875216 0.45717236 0.10165086 0.37268963 0.809052 0.335632 2.000000 0.815517 0.324138 2.000000 0.802586 0.324138 2.000000 0.827155 0.328736 2.000000 0.793534 0.331034 1.000000 0.842672 0.374713 2.000000 0.788362 0.386207 2.000000 0.850431 0.441379 2.000000 0.781897 0.448276 1.000000 0.086207 0.000000 0.000000 0.780603 0.510345 1.000000 0.841379 0.528736 2.000000 0.803879 0.535632 2.000000 0.846552 0.616092 1.000000 0.810345 0.618391 2.000000 0.086207 0.000000 0.000000 0.086207 0.000000 0.000000
0 0.80035555 0.8182988 0.14597844 0.34450573 0.784483 0.719540 2.000000 0.792241 0.710345 2.000000 0.775431 0.708046 2.000000 0.803879 0.714942 2.000000 0.763793 0.717241 2.000000 0.814224 0.765517 2.000000 0.750862 0.786207 2.000000 0.837500 0.852874 2.000000 0.770259 0.875862 2.000000 0.807759 0.931034 2.000000 0.805172 0.944828 2.000000 0.810345 0.933333 2.000000 0.781897 0.933333 2.000000 0.854310 0.905747 2.000000 0.745690 0.896552 2.000000 0.774138 0.965517 2.000000 0.809052 0.967816 2.000000
0 0.6133728 0.8115057 0.1268405 0.3686207 0.593103 0.708046 2.000000 0.600862 0.698851 2.000000 0.585345 0.698851 2.000000 0.612500 0.696552 2.000000 0.575000 0.698851 2.000000 0.626724 0.740230 2.000000 0.562069 0.767816 2.000000 0.668103 0.813793 2.000000 0.560776 0.868966 2.000000 0.634483 0.845977 2.000000 0.602155 0.864368 2.000000 0.631897 0.912644 2.000000 0.594397 0.935632 1.000000 0.639655 0.793103 2.000000 0.586638 0.809195 2.000000 0.609914 0.937931 2.000000 0.642241 0.956322 2.000000
0 0.47396335 0.6142758 0.09433189 0.39411494 0.471552 0.485057 2.000000 0.479310 0.471264 2.000000 0.465086 0.471264 2.000000 0.086207 0.000000 0.000000 0.086207 0.000000 0.000000 0.498707 0.528736 2.000000 0.443103 0.528736 2.000000 0.507759 0.611494 2.000000 0.435345 0.611494 2.000000 0.490948 0.662069 2.000000 0.450862 0.664368 2.000000 0.490948 0.673563 2.000000 0.448276 0.673563 2.000000 0.489655 0.767816 1.000000 0.450862 0.765517 1.000000 0.485776 0.859770 1.000000 0.456034 0.862069 1.000000
0 0.5987737 0.54382753 0.08468534 0.28314942 0.596983 0.473563 2.000000 0.604741 0.459770 2.000000 0.589224 0.459770 2.000000 0.616379 0.468966 2.000000 0.584052 0.466667 2.000000 0.626724 0.519540 2.000000 0.580172 0.521839 2.000000 0.635776 0.604598 1.000000 0.565948 0.602299 2.000000 0.617672 0.675862 1.000000 0.580172 0.650575 1.000000 0.612500 0.643678 1.000000 0.593103 0.643678 2.000000 0.086207 0.000000 0.000000 0.086207 0.000000 0.000000 0.086207 0.000000 0.000000 0.086207 0.000000 0.000000
0 0.1875668 0.77003443 0.12332328 0.41611493 0.189655 0.632184 2.000000 0.196121 0.618391 2.000000 0.181897 0.618391 2.000000 0.210345 0.618391 2.000000 0.171552 0.625287 1.000000 0.225862 0.694253 2.000000 0.161207 0.698851 2.000000 0.238793 0.774713 2.000000 0.136638 0.774713 2.000000 0.202586 0.834483 2.000000 0.165086 0.825287 2.000000 0.216810 0.857471 2.000000 0.176724 0.845977 2.000000 0.086207 0.000000 0.000000 0.174138 0.866667 2.000000 0.086207 0.000000 0.000000 0.180603 0.912644 2.000000
0 0.29225 0.83257467 0.15168102 0.30786207 0.302155 0.744828 2.000000 0.311207 0.731034 2.000000 0.294397 0.731034 2.000000 0.320259 0.735632 2.000000 0.284052 0.735632 2.000000 0.329310 0.777011 2.000000 0.276293 0.779310 2.000000 0.344828 0.862069 2.000000 0.243966 0.866667 2.000000 0.307328 0.905747 2.000000 0.282759 0.901149 2.000000 0.325431 0.905747 2.000000 0.285345 0.910345 2.000000 0.355172 0.882759 2.000000 0.220690 0.891954 2.000000 0.278879 0.988506 1.000000 0.293103 0.970115 2.000000
0 0.41014868 0.82894254 0.12831466 0.33126435 0.412069 0.731034 2.000000 0.417241 0.712644 2.000000 0.404310 0.712644 2.000000 0.428879 0.708046 2.000000 0.388793 0.701149 2.000000 0.443103 0.756322 2.000000 0.369397 0.767816 1.000000 0.462500 0.848276 2.000000 0.365517 0.864368 2.000000 0.419828 0.901149 2.000000 0.384914 0.910345 2.000000 0.437931 0.926437 2.000000 0.390086 0.926437 2.000000 0.467672 0.885057 2.000000 0.353879 0.926437 2.000000 0.388793 0.979310 1.000000 0.434052 0.977011 2.000000
0 0.5343125 0.8145977 0.1251336 0.3258391 0.518103 0.740230 2.000000 0.524569 0.726437 2.000000 0.510345 0.724138 2.000000 0.536207 0.724138 2.000000 0.497414 0.719540 2.000000 0.545259 0.756322 2.000000 0.475431 0.774713 2.000000 0.551724 0.859770 2.000000 0.476724 0.891954 2.000000 0.533621 0.908046 2.000000 0.511638 0.901149 2.000000 0.542672 0.889655 2.000000 0.501293 0.901149 2.000000 0.593103 0.910345 1.000000 0.466379 0.926437 1.000000 0.515517 0.960919 2.000000 0.558190 0.977011 1.000000
0 0.6701336 0.58558613 0.07037068 0.32386208 0.661638 0.482759 2.000000 0.668103 0.471264 2.000000 0.655172 0.475862 2.000000 0.678448 0.478161 2.000000 0.647414 0.482759 2.000000 0.690086 0.535632 2.000000 0.640948 0.535632 2.000000 0.691379 0.625287 2.000000 0.637069 0.611494 1.000000 0.671983 0.678161 2.000000 0.651293 0.673563 2.000000 0.673276 0.675862 2.000000 0.644828 0.671264 2.000000 0.086207 0.000000 0.000000 0.086207 0.000000 0.000000 0.086207 0.000000 0.000000 0.086207 0.000000 0.000000
0 0.5213362 0.51954025 0.7719827 0.9517241 0.086207 0.000000 0.000000 0.086207 0.000000 0.000000 0.086207 0.000000 0.000000 0.086207 0.000000 0.000000 0.086207 0.000000 0.000000 0.086207 0.000000 0.000000 0.086207 0.000000 0.000000 0.086207 0.000000 0.000000 0.086207 0.000000 0.000000 0.086207 0.000000 0.000000 0.086207 0.000000 0.000000 0.086207 0.000000 0.000000 0.086207 0.000000 0.000000 0.086207 0.000000 0.000000 0.086207 0.000000 0.000000 0.086207 0.000000 0.000000 0.086207 0.000000 0.000000