0 0.45039716 0.68055063 0.118707314 0.26374447 0.103524 0.000000 0.000000 0.103524 0.000000 0.000000 0.103524 0.000000 0.000000 0.438051 0.577092 2.000000 0.454157 0.574890 2.000000 0.425661 0.607929 2.000000 0.466547 0.599119 2.000000 0.415749 0.645374 2.000000 0.478937 0.640969 2.000000 0.418227 0.687225 2.000000 0.485132 0.682819 2.000000 0.438051 0.660793 2.000000 0.460352 0.660793 2.000000 0.403359 0.788546 2.000000 0.482654 0.724670 2.000000 0.103524 0.000000 0.000000 0.497522 0.790749 2.000000
0 0.54135734 0.48914093 0.08744768 0.2164317 0.532214 0.403084 2.000000 0.534692 0.398678 2.000000 0.529736 0.400881 2.000000 0.540887 0.400881 2.000000 0.103524 0.000000 0.000000 0.545842 0.409692 1.000000 0.528497 0.420705 2.000000 0.568144 0.451542 2.000000 0.548320 0.420705 2.000000 0.569383 0.422907 2.000000 0.565666 0.405286 2.000000 0.553276 0.477974 2.000000 0.538409 0.482379 2.000000 0.532214 0.524229 2.000000 0.547082 0.546255 2.000000 0.519824 0.574890 2.000000 0.571861 0.566079 2.000000
0 0.5816554 0.5243832 0.05765005 0.117004395 0.103524 0.000000 0.000000 0.103524 0.000000 0.000000 0.103524 0.000000 0.000000 0.103524 0.000000 0.000000 0.103524 0.000000 0.000000 0.587968 0.502203 2.000000 0.566905 0.506608 2.000000 0.578056 0.519824 2.000000 0.103524 0.000000 0.000000 0.561949 0.519824 2.000000 0.103524 0.000000 0.000000 0.589207 0.561674 2.000000 0.574339 0.559471 1.000000 0.581773 0.541850 2.000000 0.561949 0.533040 1.000000 0.601597 0.570485 2.000000 0.558232 0.570485 1.000000
0 0.6188807 0.49170703 0.06462555 0.17332599 0.596641 0.429515 2.000000 0.599119 0.422907 2.000000 0.103524 0.000000 0.000000 0.604075 0.422907 2.000000 0.103524 0.000000 0.000000 0.621421 0.440529 2.000000 0.600358 0.438326 2.000000 0.637527 0.473568 2.000000 0.597880 0.471366 2.000000 0.625138 0.491189 2.000000 0.589207 0.500000 2.000000 0.628855 0.497797 2.000000 0.615226 0.497797 2.000000 0.632572 0.502203 2.000000 0.589207 0.517621 1.000000 0.643722 0.566079 2.000000 0.585490 0.568282 1.000000
0 0.34324962 0.31528634 0.044021197 0.16237885 0.103524 0.000000 0.000000 0.103524 0.000000 0.000000 0.103524 0.000000 0.000000 0.336454 0.255507 1.000000 0.103524 0.000000 0.000000 0.331498 0.277533 2.000000 0.353800 0.275330 2.000000 0.326542 0.306167 2.000000 0.358755 0.301762 2.000000 0.103524 0.000000 0.000000 0.103524 0.000000 0.000000 0.333976 0.341410 2.000000 0.351322 0.341410 2.000000 0.332737 0.374449 1.000000 0.352561 0.378855 2.000000 0.103524 0.000000 0.000000 0.103524 0.000000 0.000000
0 0.28732172 0.33523127 0.032250825 0.07865638 0.103524 0.000000 0.000000 0.103524 0.000000 0.000000 0.103524 0.000000 0.000000 0.103524 0.000000 0.000000 0.103524 0.000000 0.000000 0.103524 0.000000 0.000000 0.103524 0.000000 0.000000 0.103524 0.000000 0.000000 0.103524 0.000000 0.000000 0.103524 0.000000 0.000000 0.103524 0.000000 0.000000 0.103524 0.000000 0.000000 0.103524 0.000000 0.000000 0.103524 0.000000 0.000000 0.103524 0.000000 0.000000 0.103524 0.000000 0.000000 0.103524 0.000000 0.000000
0 0.23656042 0.37585905 0.03195347 0.07189427 0.103524 0.000000 0.000000 0.103524 0.000000 0.000000 0.103524 0.000000 0.000000 0.103524 0.000000 0.000000 0.103524 0.000000 0.000000 0.103524 0.000000 0.000000 0.103524 0.000000 0.000000 0.103524 0.000000 0.000000 0.103524 0.000000 0.000000 0.103524 0.000000 0.000000 0.103524 0.000000 0.000000 0.103524 0.000000 0.000000 0.103524 0.000000 0.000000 0.103524 0.000000 0.000000 0.103524 0.000000 0.000000 0.103524 0.000000 0.000000 0.103524 0.000000 0.000000
0 0.1753297 0.41457045 0.026724942 0.074207045 0.103524 0.000000 0.000000 0.103524 0.000000 0.000000 0.103524 0.000000 0.000000 0.103524 0.000000 0.000000 0.103524 0.000000 0.000000 0.103524 0.000000 0.000000 0.103524 0.000000 0.000000 0.103524 0.000000 0.000000 0.103524 0.000000 0.000000 0.103524 0.000000 0.000000 0.103524 0.000000 0.000000 0.103524 0.000000 0.000000 0.103524 0.000000 0.000000 0.103524 0.000000 0.000000 0.103524 0.000000 0.000000 0.103524 0.000000 0.000000 0.103524 0.000000 0.000000
0 0.6896764 0.23612335 0.044182263 0.06312775 0.103524 0.000000 0.000000 0.103524 0.000000 0.000000 0.103524 0.000000 0.000000 0.103524 0.000000 0.000000 0.103524 0.000000 0.000000 0.103524 0.000000 0.000000 0.103524 0.000000 0.000000 0.103524 0.000000 0.000000 0.103524 0.000000 0.000000 0.103524 0.000000 0.000000 0.103524 0.000000 0.000000 0.103524 0.000000 0.000000 0.103524 0.000000 0.000000 0.103524 0.000000 0.000000 0.103524 0.000000 0.000000 0.103524 0.000000 0.000000 0.103524 0.000000 0.000000
0 0.6988078 0.28190526 0.041654732 0.06654185 0.103524 0.000000 0.000000 0.103524 0.000000 0.000000 0.103524 0.000000 0.000000 0.103524 0.000000 0.000000 0.103524 0.000000 0.000000 0.103524 0.000000 0.000000 0.103524 0.000000 0.000000 0.103524 0.000000 0.000000 0.103524 0.000000 0.000000 0.103524 0.000000 0.000000 0.103524 0.000000 0.000000 0.103524 0.000000 0.000000 0.103524 0.000000 0.000000 0.103524 0.000000 0.000000 0.103524 0.000000 0.000000 0.103524 0.000000 0.000000 0.103524 0.000000 0.000000
0 0.47814426 0.43248895 0.026415197 0.044008806 0.103524 0.000000 0.000000 0.103524 0.000000 0.000000 0.103524 0.000000 0.000000 0.103524 0.000000 0.000000 0.103524 0.000000 0.000000 0.103524 0.000000 0.000000 0.103524 0.000000 0.000000 0.103524 0.000000 0.000000 0.103524 0.000000 0.000000 0.103524 0.000000 0.000000 0.103524 0.000000 0.000000 0.103524 0.000000 0.000000 0.103524 0.000000 0.000000 0.103524 0.000000 0.000000 0.103524 0.000000 0.000000 0.103524 0.000000 0.000000 0.103524 0.000000 0.000000
0 0.19310918 0.32338104 0.035868667 0.06129956 0.103524 0.000000 0.000000 0.103524 0.000000 0.000000 0.103524 0.000000 0.000000 0.103524 0.000000 0.000000 0.103524 0.000000 0.000000 0.103524 0.000000 0.000000 0.103524 0.000000 0.000000 0.103524 0.000000 0.000000 0.103524 0.000000 0.000000 0.103524 0.000000 0.000000 0.103524 0.000000 0.000000 0.103524 0.000000 0.000000 0.103524 0.000000 0.000000 0.103524 0.000000 0.000000 0.103524 0.000000 0.000000 0.103524 0.000000 0.000000 0.103524 0.000000 0.000000
0 0.2695856 0.39796257 0.040167946 0.125 0.264593 0.354626 2.000000 0.265832 0.348018 2.000000 0.260876 0.350220 2.000000 0.103524 0.000000 0.000000 0.103524 0.000000 0.000000 0.278221 0.374449 2.000000 0.255920 0.376652 2.000000 0.284416 0.392070 2.000000 0.259637 0.398678 2.000000 0.272026 0.403084 2.000000 0.269548 0.403084 2.000000 0.276982 0.407489 2.000000 0.264593 0.405286 2.000000 0.274504 0.433921 2.000000 0.264593 0.433921 2.000000 0.103524 0.000000 0.000000 0.103524 0.000000 0.000000
0 0.4993805 0.24008809 0.7917125 0.48017618 0.103524 0.000000 0.000000 0.103524 0.000000 0.000000 0.103524 0.000000 0.000000 0.103524 0.000000 0.000000 0.103524 0.000000 0.000000 0.103524 0.000000 0.000000 0.103524 0.000000 0.000000 0.103524 0.000000 0.000000 0.103524 0.000000 0.000000 0.103524 0.000000 0.000000 0.103524 0.000000 0.000000 0.103524 0.000000 0.000000 0.103524 0.000000 0.000000 0.103524 0.000000 0.000000 0.103524 0.000000 0.000000 0.103524 0.000000 0.000000 0.103524 0.000000 0.000000