0 0.50901854 0.37124413 0.2333715 0.52572775 0.077465 0.000000 0.000000 0.077465 0.000000 0.000000 0.077465 0.000000 0.000000 0.077465 0.000000 0.000000 0.077465 0.000000 0.000000 0.478873 0.286385 2.000000 0.518486 0.248826 2.000000 0.443222 0.333333 2.000000 0.556778 0.187793 2.000000 0.404930 0.396714 2.000000 0.593750 0.143192 2.000000 0.543574 0.335681 2.000000 0.581866 0.321596 2.000000 0.490757 0.431925 2.000000 0.564701 0.417840 2.000000 0.482834 0.586855 2.000000 0.604313 0.504695 2.000000
0 0.42474255 0.4633216 0.026659332 0.1196479 0.077465 0.000000 0.000000 0.077465 0.000000 0.000000 0.077465 0.000000 0.000000 0.077465 0.000000 0.000000 0.077465 0.000000 0.000000 0.077465 0.000000 0.000000 0.077465 0.000000 0.000000 0.077465 0.000000 0.000000 0.077465 0.000000 0.000000 0.077465 0.000000 0.000000 0.077465 0.000000 0.000000 0.077465 0.000000 0.000000 0.077465 0.000000 0.000000 0.077465 0.000000 0.000000 0.077465 0.000000 0.000000 0.077465 0.000000 0.000000 0.077465 0.000000 0.000000
0 0.35671437 0.47267607 0.03349912 0.10657277 0.077465 0.000000 0.000000 0.077465 0.000000 0.000000 0.077465 0.000000 0.000000 0.077465 0.000000 0.000000 0.077465 0.000000 0.000000 0.077465 0.000000 0.000000 0.077465 0.000000 0.000000 0.077465 0.000000 0.000000 0.077465 0.000000 0.000000 0.077465 0.000000 0.000000 0.077465 0.000000 0.000000 0.077465 0.000000 0.000000 0.077465 0.000000 0.000000 0.077465 0.000000 0.000000 0.077465 0.000000 0.000000 0.077465 0.000000 0.000000 0.077465 0.000000 0.000000
0 0.7328103 0.4081573 0.021272007 0.092699535 0.077465 0.000000 0.000000 0.077465 0.000000 0.000000 0.077465 0.000000 0.000000 0.077465 0.000000 0.000000 0.077465 0.000000 0.000000 0.077465 0.000000 0.000000 0.077465 0.000000 0.000000 0.077465 0.000000 0.000000 0.077465 0.000000 0.000000 0.077465 0.000000 0.000000 0.077465 0.000000 0.000000 0.077465 0.000000 0.000000 0.077465 0.000000 0.000000 0.077465 0.000000 0.000000 0.077465 0.000000 0.000000 0.077465 0.000000 0.000000 0.077465 0.000000 0.000000
0 0.28138426 0.4452113 0.016412852 0.0542723 0.077465 0.000000 0.000000 0.077465 0.000000 0.000000 0.077465 0.000000 0.000000 0.077465 0.000000 0.000000 0.077465 0.000000 0.000000 0.077465 0.000000 0.000000 0.077465 0.000000 0.000000 0.077465 0.000000 0.000000 0.077465 0.000000 0.000000 0.077465 0.000000 0.000000 0.077465 0.000000 0.000000 0.077465 0.000000 0.000000 0.077465 0.000000 0.000000 0.077465 0.000000 0.000000 0.077465 0.000000 0.000000 0.077465 0.000000 0.000000 0.077465 0.000000 0.000000
0 0.3028213 0.45010567 0.023978872 0.056032866 0.077465 0.000000 0.000000 0.077465 0.000000 0.000000 0.077465 0.000000 0.000000 0.077465 0.000000 0.000000 0.077465 0.000000 0.000000 0.077465 0.000000 0.000000 0.077465 0.000000 0.000000 0.077465 0.000000 0.000000 0.077465 0.000000 0.000000 0.077465 0.000000 0.000000 0.077465 0.000000 0.000000 0.077465 0.000000 0.000000 0.077465 0.000000 0.000000 0.077465 0.000000 0.000000 0.077465 0.000000 0.000000 0.077465 0.000000 0.000000 0.077465 0.000000 0.000000
0 0.7485894 0.42062208 0.017337149 0.10448357 0.077465 0.000000 0.000000 0.077465 0.000000 0.000000 0.077465 0.000000 0.000000 0.077465 0.000000 0.000000 0.077465 0.000000 0.000000 0.077465 0.000000 0.000000 0.077465 0.000000 0.000000 0.077465 0.000000 0.000000 0.077465 0.000000 0.000000 0.077465 0.000000 0.000000 0.077465 0.000000 0.000000 0.077465 0.000000 0.000000 0.077465 0.000000 0.000000 0.077465 0.000000 0.000000 0.077465 0.000000 0.000000 0.077465 0.000000 0.000000 0.077465 0.000000 0.000000
0 0.78142166 0.43672535 0.024110917 0.115187794 0.077465 0.000000 0.000000 0.077465 0.000000 0.000000 0.077465 0.000000 0.000000 0.077465 0.000000 0.000000 0.077465 0.000000 0.000000 0.077465 0.000000 0.000000 0.077465 0.000000 0.000000 0.077465 0.000000 0.000000 0.077465 0.000000 0.000000 0.077465 0.000000 0.000000 0.077465 0.000000 0.000000 0.077465 0.000000 0.000000 0.077465 0.000000 0.000000 0.077465 0.000000 0.000000 0.077465 0.000000 0.000000 0.077465 0.000000 0.000000 0.077465 0.000000 0.000000
0 0.82688385 0.4305634 0.015633803 0.033802815 0.077465 0.000000 0.000000 0.077465 0.000000 0.000000 0.077465 0.000000 0.000000 0.077465 0.000000 0.000000 0.077465 0.000000 0.000000 0.077465 0.000000 0.000000 0.077465 0.000000 0.000000 0.077465 0.000000 0.000000 0.077465 0.000000 0.000000 0.077465 0.000000 0.000000 0.077465 0.000000 0.000000 0.077465 0.000000 0.000000 0.077465 0.000000 0.000000 0.077465 0.000000 0.000000 0.077465 0.000000 0.000000 0.077465 0.000000 0.000000 0.077465 0.000000 0.000000
0 0.8076981 0.442993 0.018644366 0.058051642 0.077465 0.000000 0.000000 0.077465 0.000000 0.000000 0.077465 0.000000 0.000000 0.077465 0.000000 0.000000 0.077465 0.000000 0.000000 0.077465 0.000000 0.000000 0.077465 0.000000 0.000000 0.077465 0.000000 0.000000 0.077465 0.000000 0.000000 0.077465 0.000000 0.000000 0.077465 0.000000 0.000000 0.077465 0.000000 0.000000 0.077465 0.000000 0.000000 0.077465 0.000000 0.000000 0.077465 0.000000 0.000000 0.077465 0.000000 0.000000 0.077465 0.000000 0.000000
0 0.61451364 0.4610446 0.0209287 0.06997652 0.077465 0.000000 0.000000 0.077465 0.000000 0.000000 0.077465 0.000000 0.000000 0.077465 0.000000 0.000000 0.077465 0.000000 0.000000 0.077465 0.000000 0.000000 0.077465 0.000000 0.000000 0.077465 0.000000 0.000000 0.077465 0.000000 0.000000 0.077465 0.000000 0.000000 0.077465 0.000000 0.000000 0.077465 0.000000 0.000000 0.077465 0.000000 0.000000 0.077465 0.000000 0.000000 0.077465 0.000000 0.000000 0.077465 0.000000 0.000000 0.077465 0.000000 0.000000
0 0.25893047 0.43630284 0.013890846 0.09147888 0.077465 0.000000 0.000000 0.077465 0.000000 0.000000 0.077465 0.000000 0.000000 0.077465 0.000000 0.000000 0.077465 0.000000 0.000000 0.077465 0.000000 0.000000 0.077465 0.000000 0.000000 0.077465 0.000000 0.000000 0.077465 0.000000 0.000000 0.077465 0.000000 0.000000 0.077465 0.000000 0.000000 0.077465 0.000000 0.000000 0.077465 0.000000 0.000000 0.077465 0.000000 0.000000 0.077465 0.000000 0.000000 0.077465 0.000000 0.000000 0.077465 0.000000 0.000000
0 0.6898702 0.46261737 0.024467431 0.07110329 0.077465 0.000000 0.000000 0.077465 0.000000 0.000000 0.077465 0.000000 0.000000 0.077465 0.000000 0.000000 0.077465 0.000000 0.000000 0.077465 0.000000 0.000000 0.077465 0.000000 0.000000 0.077465 0.000000 0.000000 0.077465 0.000000 0.000000 0.077465 0.000000 0.000000 0.077465 0.000000 0.000000 0.077465 0.000000 0.000000 0.077465 0.000000 0.000000 0.077465 0.000000 0.000000 0.077465 0.000000 0.000000 0.077465 0.000000 0.000000 0.077465 0.000000 0.000000
0 0.49537852 0.4366197 0.79885566 0.18779343 0.077465 0.000000 0.000000 0.077465 0.000000 0.000000 0.077465 0.000000 0.000000 0.077465 0.000000 0.000000 0.077465 0.000000 0.000000 0.077465 0.000000 0.000000 0.077465 0.000000 0.000000 0.077465 0.000000 0.000000 0.077465 0.000000 0.000000 0.077465 0.000000 0.000000 0.077465 0.000000 0.000000 0.077465 0.000000 0.000000 0.077465 0.000000 0.000000 0.077465 0.000000 0.000000 0.077465 0.000000 0.000000 0.077465 0.000000 0.000000 0.077465 0.000000 0.000000