0 0.4964668 0.6078672 0.16685155 0.64495313 0.532520 0.370313 2.000000 0.311914 0.000000 0.000000 0.526367 0.360938 2.000000 0.311914 0.000000 0.000000 0.506152 0.368750 2.000000 0.537793 0.412500 2.000000 0.466602 0.400000 2.000000 0.512305 0.425000 2.000000 0.425293 0.354688 2.000000 0.484180 0.348437 2.000000 0.468359 0.317187 2.000000 0.513184 0.601562 2.000000 0.470117 0.596875 2.000000 0.537793 0.731250 2.000000 0.466602 0.726562 2.000000 0.567676 0.892187 2.000000 0.425293 0.882812 2.000000
0 0.5337896 0.18155468 0.026112305 0.051078122 0.311914 0.000000 0.000000 0.311914 0.000000 0.000000 0.311914 0.000000 0.000000 0.311914 0.000000 0.000000 0.311914 0.000000 0.000000 0.311914 0.000000 0.000000 0.311914 0.000000 0.000000 0.311914 0.000000 0.000000 0.311914 0.000000 0.000000 0.311914 0.000000 0.000000 0.311914 0.000000 0.000000 0.311914 0.000000 0.000000 0.311914 0.000000 0.000000 0.311914 0.000000 0.000000 0.311914 0.000000 0.000000 0.311914 0.000000 0.000000 0.311914 0.000000 0.000000
0 0.4771572 0.18533593 0.022904297 0.042140625 0.311914 0.000000 0.000000 0.311914 0.000000 0.000000 0.311914 0.000000 0.000000 0.311914 0.000000 0.000000 0.311914 0.000000 0.000000 0.311914 0.000000 0.000000 0.311914 0.000000 0.000000 0.311914 0.000000 0.000000 0.311914 0.000000 0.000000 0.311914 0.000000 0.000000 0.311914 0.000000 0.000000 0.311914 0.000000 0.000000 0.311914 0.000000 0.000000 0.311914 0.000000 0.000000 0.311914 0.000000 0.000000 0.311914 0.000000 0.000000 0.311914 0.000000 0.000000
0 0.44232178 0.20214063 0.024969727 0.050406247 0.311914 0.000000 0.000000 0.311914 0.000000 0.000000 0.311914 0.000000 0.000000 0.311914 0.000000 0.000000 0.311914 0.000000 0.000000 0.311914 0.000000 0.000000 0.311914 0.000000 0.000000 0.311914 0.000000 0.000000 0.311914 0.000000 0.000000 0.311914 0.000000 0.000000 0.311914 0.000000 0.000000 0.311914 0.000000 0.000000 0.311914 0.000000 0.000000 0.311914 0.000000 0.000000 0.311914 0.000000 0.000000 0.311914 0.000000 0.000000 0.311914 0.000000 0.000000
0 0.40537694 0.2084375 0.027017577 0.08162501 0.311914 0.000000 0.000000 0.311914 0.000000 0.000000 0.311914 0.000000 0.000000 0.311914 0.000000 0.000000 0.311914 0.000000 0.000000 0.311914 0.000000 0.000000 0.311914 0.000000 0.000000 0.311914 0.000000 0.000000 0.311914 0.000000 0.000000 0.311914 0.000000 0.000000 0.311914 0.000000 0.000000 0.311914 0.000000 0.000000 0.311914 0.000000 0.000000 0.311914 0.000000 0.000000 0.311914 0.000000 0.000000 0.311914 0.000000 0.000000 0.311914 0.000000 0.000000
0 0.38872167 0.22122657 0.02719336 0.06729688 0.311914 0.000000 0.000000 0.311914 0.000000 0.000000 0.311914 0.000000 0.000000 0.311914 0.000000 0.000000 0.311914 0.000000 0.000000 0.311914 0.000000 0.000000 0.311914 0.000000 0.000000 0.311914 0.000000 0.000000 0.311914 0.000000 0.000000 0.311914 0.000000 0.000000 0.311914 0.000000 0.000000 0.311914 0.000000 0.000000 0.311914 0.000000 0.000000 0.311914 0.000000 0.000000 0.311914 0.000000 0.000000 0.311914 0.000000 0.000000 0.311914 0.000000 0.000000
0 0.37842527 0.12891406 0.018254884 0.055421878 0.311914 0.000000 0.000000 0.311914 0.000000 0.000000 0.311914 0.000000 0.000000 0.311914 0.000000 0.000000 0.311914 0.000000 0.000000 0.311914 0.000000 0.000000 0.311914 0.000000 0.000000 0.311914 0.000000 0.000000 0.311914 0.000000 0.000000 0.311914 0.000000 0.000000 0.311914 0.000000 0.000000 0.311914 0.000000 0.000000 0.311914 0.000000 0.000000 0.311914 0.000000 0.000000 0.311914 0.000000 0.000000 0.311914 0.000000 0.000000 0.311914 0.000000 0.000000
0 0.34560692 0.072765626 0.03683496 0.077250004 0.311914 0.000000 0.000000 0.311914 0.000000 0.000000 0.311914 0.000000 0.000000 0.311914 0.000000 0.000000 0.311914 0.000000 0.000000 0.311914 0.000000 0.000000 0.311914 0.000000 0.000000 0.311914 0.000000 0.000000 0.311914 0.000000 0.000000 0.311914 0.000000 0.000000 0.311914 0.000000 0.000000 0.311914 0.000000 0.000000 0.311914 0.000000 0.000000 0.311914 0.000000 0.000000 0.311914 0.000000 0.000000 0.311914 0.000000 0.000000 0.311914 0.000000 0.000000
0 0.4550923 0.06486719 0.019045899 0.036453124 0.311914 0.000000 0.000000 0.311914 0.000000 0.000000 0.311914 0.000000 0.000000 0.311914 0.000000 0.000000 0.311914 0.000000 0.000000 0.311914 0.000000 0.000000 0.311914 0.000000 0.000000 0.311914 0.000000 0.000000 0.311914 0.000000 0.000000 0.311914 0.000000 0.000000 0.311914 0.000000 0.000000 0.311914 0.000000 0.000000 0.311914 0.000000 0.000000 0.311914 0.000000 0.000000 0.311914 0.000000 0.000000 0.311914 0.000000 0.000000 0.311914 0.000000 0.000000
0 0.55940974 0.6276016 0.05007129 0.10857812 0.575586 0.604688 2.000000 0.311914 0.000000 0.000000 0.572949 0.598437 2.000000 0.311914 0.000000 0.000000 0.560645 0.598437 2.000000 0.572949 0.626562 2.000000 0.546582 0.618750 2.000000 0.579980 0.670313 2.000000 0.544824 0.665625 2.000000 0.568555 0.643750 2.000000 0.564160 0.676562 2.000000 0.558887 0.682813 1.000000 0.539551 0.681250 1.000000 0.311914 0.000000 0.000000 0.311914 0.000000 0.000000 0.311914 0.000000 0.000000 0.311914 0.000000 0.000000
0 0.5723735 0.2310625 0.017604493 0.043562498 0.311914 0.000000 0.000000 0.311914 0.000000 0.000000 0.311914 0.000000 0.000000 0.311914 0.000000 0.000000 0.311914 0.000000 0.000000 0.311914 0.000000 0.000000 0.311914 0.000000 0.000000 0.311914 0.000000 0.000000 0.311914 0.000000 0.000000 0.311914 0.000000 0.000000 0.311914 0.000000 0.000000 0.311914 0.000000 0.000000 0.311914 0.000000 0.000000 0.311914 0.000000 0.000000 0.311914 0.000000 0.000000 0.311914 0.000000 0.000000 0.311914 0.000000 0.000000
0 0.5928037 0.36158594 0.022640625 0.06373438 0.311914 0.000000 0.000000 0.311914 0.000000 0.000000 0.311914 0.000000 0.000000 0.311914 0.000000 0.000000 0.311914 0.000000 0.000000 0.311914 0.000000 0.000000 0.311914 0.000000 0.000000 0.311914 0.000000 0.000000 0.311914 0.000000 0.000000 0.311914 0.000000 0.000000 0.311914 0.000000 0.000000 0.311914 0.000000 0.000000 0.311914 0.000000 0.000000 0.311914 0.000000 0.000000 0.311914 0.000000 0.000000 0.311914 0.000000 0.000000 0.311914 0.000000 0.000000
0 0.60662884 0.4061328 0.029513674 0.07354688 0.311914 0.000000 0.000000 0.311914 0.000000 0.000000 0.311914 0.000000 0.000000 0.311914 0.000000 0.000000 0.311914 0.000000 0.000000 0.311914 0.000000 0.000000 0.311914 0.000000 0.000000 0.311914 0.000000 0.000000 0.311914 0.000000 0.000000 0.311914 0.000000 0.000000 0.311914 0.000000 0.000000 0.311914 0.000000 0.000000 0.311914 0.000000 0.000000 0.311914 0.000000 0.000000 0.311914 0.000000 0.000000 0.311914 0.000000 0.000000 0.311914 0.000000 0.000000
0 0.49956053 0.35234374 0.37529296 0.7046875 0.311914 0.000000 0.000000 0.311914 0.000000 0.000000 0.311914 0.000000 0.000000 0.311914 0.000000 0.000000 0.311914 0.000000 0.000000 0.311914 0.000000 0.000000 0.311914 0.000000 0.000000 0.311914 0.000000 0.000000 0.311914 0.000000 0.000000 0.311914 0.000000 0.000000 0.311914 0.000000 0.000000 0.311914 0.000000 0.000000 0.311914 0.000000 0.000000 0.311914 0.000000 0.000000 0.311914 0.000000 0.000000 0.311914 0.000000 0.000000 0.311914 0.000000 0.000000