0 0.4292173 0.6068437 0.15829982 0.36231253 0.443311 0.543750 2.000000 0.448584 0.520312 2.000000 0.435400 0.523438 2.000000 0.313232 0.000000 0.000000 0.409033 0.510938 2.000000 0.426611 0.535937 2.000000 0.367725 0.584375 2.000000 0.450342 0.592188 2.000000 0.380908 0.750000 1.000000 0.504834 0.578125 2.000000 0.446826 0.753125 1.000000 0.452100 0.753125 1.000000 0.408154 0.767187 2.000000 0.313232 0.000000 0.000000 0.313232 0.000000 0.000000 0.313232 0.000000 0.000000 0.313232 0.000000 0.000000
0 0.465459 0.2532578 0.13603711 0.36807814 0.501318 0.175000 2.000000 0.508350 0.165625 2.000000 0.496045 0.159375 2.000000 0.313232 0.000000 0.000000 0.478467 0.137500 2.000000 0.504834 0.212500 2.000000 0.441553 0.193750 2.000000 0.500439 0.326562 2.000000 0.409912 0.300000 2.000000 0.512744 0.384375 2.000000 0.439795 0.353125 2.000000 0.480225 0.426562 1.000000 0.422217 0.421875 2.000000 0.313232 0.000000 0.000000 0.313232 0.000000 0.000000 0.313232 0.000000 0.000000 0.313232 0.000000 0.000000
0 0.37704983 0.2999922 0.04220508 0.45110938 0.370361 0.162500 2.000000 0.375635 0.153125 2.000000 0.364209 0.151562 1.000000 0.313232 0.000000 0.000000 0.313232 0.000000 0.000000 0.380029 0.210938 2.000000 0.313232 0.000000 0.000000 0.313232 0.000000 0.000000 0.313232 0.000000 0.000000 0.313232 0.000000 0.000000 0.313232 0.000000 0.000000 0.387939 0.443750 2.000000 0.358057 0.453125 1.000000 0.313232 0.000000 0.000000 0.313232 0.000000 0.000000 0.313232 0.000000 0.000000 0.313232 0.000000 0.000000
0 0.65240675 0.29364845 0.06872168 0.32167187 0.633154 0.218750 2.000000 0.313232 0.000000 0.000000 0.313232 0.000000 0.000000 0.658643 0.193750 2.000000 0.313232 0.000000 0.000000 0.677100 0.267188 2.000000 0.639307 0.250000 2.000000 0.684131 0.356250 2.000000 0.313232 0.000000 0.000000 0.675342 0.442187 2.000000 0.313232 0.000000 0.000000 0.658643 0.456250 1.000000 0.631396 0.437500 1.000000 0.313232 0.000000 0.000000 0.313232 0.000000 0.000000 0.313232 0.000000 0.000000 0.313232 0.000000 0.000000
0 0.60247606 0.14747657 0.049649417 0.17798437 0.605029 0.126563 2.000000 0.612939 0.115625 2.000000 0.599756 0.112500 2.000000 0.619092 0.121875 2.000000 0.592725 0.115625 2.000000 0.626123 0.170312 1.000000 0.573389 0.164062 1.000000 0.313232 0.000000 0.000000 0.313232 0.000000 0.000000 0.313232 0.000000 0.000000 0.313232 0.000000 0.000000 0.313232 0.000000 0.000000 0.313232 0.000000 0.000000 0.313232 0.000000 0.000000 0.313232 0.000000 0.000000 0.313232 0.000000 0.000000 0.313232 0.000000 0.000000
0 0.5639668 0.15687498 0.078802735 0.14206249 0.555811 0.137500 2.000000 0.562842 0.128125 2.000000 0.550537 0.126563 2.000000 0.571631 0.135937 2.000000 0.544385 0.135937 2.000000 0.583057 0.175000 2.000000 0.532080 0.171875 2.000000 0.592725 0.232812 1.000000 0.522412 0.228125 1.000000 0.313232 0.000000 0.000000 0.313232 0.000000 0.000000 0.576904 0.281250 1.000000 0.539111 0.275000 1.000000 0.313232 0.000000 0.000000 0.313232 0.000000 0.000000 0.313232 0.000000 0.000000 0.313232 0.000000 0.000000
0 0.36200732 0.6013516 0.09501855 0.7972969 0.313232 0.000000 0.000000 0.313232 0.000000 0.000000 0.313232 0.000000 0.000000 0.313232 0.000000 0.000000 0.313232 0.000000 0.000000 0.384424 0.215625 1.000000 0.344873 0.218750 1.000000 0.313232 0.000000 0.000000 0.313232 0.000000 0.000000 0.313232 0.000000 0.000000 0.313232 0.000000 0.000000 0.386182 0.528125 1.000000 0.365967 0.528125 1.000000 0.313232 0.000000 0.000000 0.313232 0.000000 0.000000 0.313232 0.000000 0.000000 0.313232 0.000000 0.000000
0 0.4161831 0.21510155 0.07953223 0.3936406 0.421338 0.095312 2.000000 0.425732 0.082813 2.000000 0.413428 0.082813 2.000000 0.435400 0.087500 1.000000 0.400244 0.085938 2.000000 0.447705 0.168750 2.000000 0.374756 0.165625 1.000000 0.313232 0.000000 0.000000 0.313232 0.000000 0.000000 0.313232 0.000000 0.000000 0.313232 0.000000 0.000000 0.313232 0.000000 0.000000 0.313232 0.000000 0.000000 0.313232 0.000000 0.000000 0.313232 0.000000 0.000000 0.313232 0.000000 0.000000 0.313232 0.000000 0.000000
0 0.5404253 0.8442188 0.24082913 0.30825 0.313232 0.000000 0.000000 0.313232 0.000000 0.000000 0.313232 0.000000 0.000000 0.313232 0.000000 0.000000 0.313232 0.000000 0.000000 0.584814 0.990625 2.000000 0.669189 0.929688 1.000000 0.313232 0.000000 0.000000 0.313232 0.000000 0.000000 0.452979 0.918750 2.000000 0.581299 0.893750 2.000000 0.313232 0.000000 0.000000 0.313232 0.000000 0.000000 0.313232 0.000000 0.000000 0.313232 0.000000 0.000000 0.313232 0.000000 0.000000 0.313232 0.000000 0.000000
0 0.35080126 0.22577342 0.05747168 0.31557813 0.353662 0.184375 2.000000 0.362451 0.160938 2.000000 0.344873 0.156250 2.000000 0.313232 0.000000 0.000000 0.322900 0.139062 1.000000 0.352783 0.220313 2.000000 0.313232 0.000000 0.000000 0.313232 0.000000 0.000000 0.313232 0.000000 0.000000 0.313232 0.000000 0.000000 0.313232 0.000000 0.000000 0.313232 0.000000 0.000000 0.313232 0.000000 0.000000 0.313232 0.000000 0.000000 0.313232 0.000000 0.000000 0.313232 0.000000 0.000000 0.313232 0.000000 0.000000
0 0.6760889 0.17925781 0.02135742 0.10895313 0.313232 0.000000 0.000000 0.313232 0.000000 0.000000 0.313232 0.000000 0.000000 0.313232 0.000000 0.000000 0.313232 0.000000 0.000000 0.313232 0.000000 0.000000 0.313232 0.000000 0.000000 0.313232 0.000000 0.000000 0.313232 0.000000 0.000000 0.313232 0.000000 0.000000 0.313232 0.000000 0.000000 0.313232 0.000000 0.000000 0.313232 0.000000 0.000000 0.313232 0.000000 0.000000 0.313232 0.000000 0.000000 0.313232 0.000000 0.000000 0.313232 0.000000 0.000000
0 0.5487793 0.26416406 0.07417969 0.22726563 0.554053 0.204688 2.000000 0.559326 0.195312 2.000000 0.547900 0.193750 2.000000 0.568994 0.196875 2.000000 0.540869 0.201562 1.000000 0.578662 0.235938 1.000000 0.529443 0.251563 2.000000 0.313232 0.000000 0.000000 0.519775 0.312500 2.000000 0.313232 0.000000 0.000000 0.313232 0.000000 0.000000 0.313232 0.000000 0.000000 0.313232 0.000000 0.000000 0.313232 0.000000 0.000000 0.313232 0.000000 0.000000 0.313232 0.000000 0.000000 0.313232 0.000000 0.000000
0 0.5972774 0.31953904 0.07277344 0.19964062 0.586572 0.309375 2.000000 0.592725 0.296875 2.000000 0.583057 0.300000 2.000000 0.607666 0.271875 2.000000 0.313232 0.000000 0.000000 0.621729 0.285937 2.000000 0.568115 0.284375 1.000000 0.313232 0.000000 0.000000 0.313232 0.000000 0.000000 0.313232 0.000000 0.000000 0.313232 0.000000 0.000000 0.615576 0.390625 1.000000 0.590088 0.384375 1.000000 0.313232 0.000000 0.000000 0.313232 0.000000 0.000000 0.313232 0.000000 0.000000 0.313232 0.000000 0.000000
0 0.49956053 0.29453126 0.37265626 0.5328125 0.313232 0.000000 0.000000 0.313232 0.000000 0.000000 0.313232 0.000000 0.000000 0.313232 0.000000 0.000000 0.313232 0.000000 0.000000 0.313232 0.000000 0.000000 0.313232 0.000000 0.000000 0.313232 0.000000 0.000000 0.313232 0.000000 0.000000 0.313232 0.000000 0.000000 0.313232 0.000000 0.000000 0.313232 0.000000 0.000000 0.313232 0.000000 0.000000 0.313232 0.000000 0.000000 0.313232 0.000000 0.000000 0.313232 0.000000 0.000000 0.313232 0.000000 0.000000