0 0.5567026 0.9100547 0.010415039 0.058203124 0.311914 0.000000 0.000000 0.311914 0.000000 0.000000 0.311914 0.000000 0.000000 0.311914 0.000000 0.000000 0.311914 0.000000 0.000000 0.311914 0.000000 0.000000 0.311914 0.000000 0.000000 0.311914 0.000000 0.000000 0.311914 0.000000 0.000000 0.311914 0.000000 0.000000 0.311914 0.000000 0.000000 0.311914 0.000000 0.000000 0.311914 0.000000 0.000000 0.311914 0.000000 0.000000 0.311914 0.000000 0.000000 0.311914 0.000000 0.000000 0.311914 0.000000 0.000000
0 0.47540382 0.88875777 0.0023291016 0.010703125 0.311914 0.000000 0.000000 0.311914 0.000000 0.000000 0.311914 0.000000 0.000000 0.311914 0.000000 0.000000 0.311914 0.000000 0.000000 0.311914 0.000000 0.000000 0.311914 0.000000 0.000000 0.311914 0.000000 0.000000 0.311914 0.000000 0.000000 0.311914 0.000000 0.000000 0.311914 0.000000 0.000000 0.311914 0.000000 0.000000 0.311914 0.000000 0.000000 0.311914 0.000000 0.000000 0.311914 0.000000 0.000000 0.311914 0.000000 0.000000 0.311914 0.000000 0.000000
0 0.5228252 0.88853127 0.0082089845 0.0235 0.311914 0.000000 0.000000 0.311914 0.000000 0.000000 0.311914 0.000000 0.000000 0.311914 0.000000 0.000000 0.311914 0.000000 0.000000 0.311914 0.000000 0.000000 0.311914 0.000000 0.000000 0.311914 0.000000 0.000000 0.311914 0.000000 0.000000 0.311914 0.000000 0.000000 0.311914 0.000000 0.000000 0.311914 0.000000 0.000000 0.311914 0.000000 0.000000 0.311914 0.000000 0.000000 0.311914 0.000000 0.000000 0.311914 0.000000 0.000000 0.311914 0.000000 0.000000
0 0.40651953 0.91028124 0.015626954 0.082187496 0.311914 0.000000 0.000000 0.311914 0.000000 0.000000 0.311914 0.000000 0.000000 0.311914 0.000000 0.000000 0.311914 0.000000 0.000000 0.311914 0.000000 0.000000 0.311914 0.000000 0.000000 0.311914 0.000000 0.000000 0.311914 0.000000 0.000000 0.311914 0.000000 0.000000 0.311914 0.000000 0.000000 0.311914 0.000000 0.000000 0.311914 0.000000 0.000000 0.311914 0.000000 0.000000 0.311914 0.000000 0.000000 0.311914 0.000000 0.000000 0.311914 0.000000 0.000000
0 0.4172861 0.87761724 0.0057304683 0.014953124 0.311914 0.000000 0.000000 0.311914 0.000000 0.000000 0.311914 0.000000 0.000000 0.311914 0.000000 0.000000 0.311914 0.000000 0.000000 0.311914 0.000000 0.000000 0.311914 0.000000 0.000000 0.311914 0.000000 0.000000 0.311914 0.000000 0.000000 0.311914 0.000000 0.000000 0.311914 0.000000 0.000000 0.311914 0.000000 0.000000 0.311914 0.000000 0.000000 0.311914 0.000000 0.000000 0.311914 0.000000 0.000000 0.311914 0.000000 0.000000 0.311914 0.000000 0.000000
0 0.42339456 0.87543756 0.0055195317 0.01840625 0.311914 0.000000 0.000000 0.311914 0.000000 0.000000 0.311914 0.000000 0.000000 0.311914 0.000000 0.000000 0.311914 0.000000 0.000000 0.311914 0.000000 0.000000 0.311914 0.000000 0.000000 0.311914 0.000000 0.000000 0.311914 0.000000 0.000000 0.311914 0.000000 0.000000 0.311914 0.000000 0.000000 0.311914 0.000000 0.000000 0.311914 0.000000 0.000000 0.311914 0.000000 0.000000 0.311914 0.000000 0.000000 0.311914 0.000000 0.000000 0.311914 0.000000 0.000000
0 0.44314796 0.8776172 0.004790039 0.021296876 0.311914 0.000000 0.000000 0.311914 0.000000 0.000000 0.311914 0.000000 0.000000 0.311914 0.000000 0.000000 0.311914 0.000000 0.000000 0.311914 0.000000 0.000000 0.311914 0.000000 0.000000 0.311914 0.000000 0.000000 0.311914 0.000000 0.000000 0.311914 0.000000 0.000000 0.311914 0.000000 0.000000 0.311914 0.000000 0.000000 0.311914 0.000000 0.000000 0.311914 0.000000 0.000000 0.311914 0.000000 0.000000 0.311914 0.000000 0.000000 0.311914 0.000000 0.000000
0 0.4527412 0.8797891 0.005748047 0.028484374 0.311914 0.000000 0.000000 0.311914 0.000000 0.000000 0.311914 0.000000 0.000000 0.311914 0.000000 0.000000 0.311914 0.000000 0.000000 0.311914 0.000000 0.000000 0.311914 0.000000 0.000000 0.311914 0.000000 0.000000 0.311914 0.000000 0.000000 0.311914 0.000000 0.000000 0.311914 0.000000 0.000000 0.311914 0.000000 0.000000 0.311914 0.000000 0.000000 0.311914 0.000000 0.000000 0.311914 0.000000 0.000000 0.311914 0.000000 0.000000 0.311914 0.000000 0.000000
0 0.46527 0.8821641 0.005000977 0.021296876 0.311914 0.000000 0.000000 0.311914 0.000000 0.000000 0.311914 0.000000 0.000000 0.311914 0.000000 0.000000 0.311914 0.000000 0.000000 0.311914 0.000000 0.000000 0.311914 0.000000 0.000000 0.311914 0.000000 0.000000 0.311914 0.000000 0.000000 0.311914 0.000000 0.000000 0.311914 0.000000 0.000000 0.311914 0.000000 0.000000 0.311914 0.000000 0.000000 0.311914 0.000000 0.000000 0.311914 0.000000 0.000000 0.311914 0.000000 0.000000 0.311914 0.000000 0.000000
0 0.4836128 0.8843828 0.005106445 0.032421876 0.311914 0.000000 0.000000 0.311914 0.000000 0.000000 0.311914 0.000000 0.000000 0.311914 0.000000 0.000000 0.311914 0.000000 0.000000 0.311914 0.000000 0.000000 0.311914 0.000000 0.000000 0.311914 0.000000 0.000000 0.311914 0.000000 0.000000 0.311914 0.000000 0.000000 0.311914 0.000000 0.000000 0.311914 0.000000 0.000000 0.311914 0.000000 0.000000 0.311914 0.000000 0.000000 0.311914 0.000000 0.000000 0.311914 0.000000 0.000000 0.311914 0.000000 0.000000
0 0.5102524 0.8900781 0.008129883 0.021031251 0.311914 0.000000 0.000000 0.311914 0.000000 0.000000 0.311914 0.000000 0.000000 0.311914 0.000000 0.000000 0.311914 0.000000 0.000000 0.311914 0.000000 0.000000 0.311914 0.000000 0.000000 0.311914 0.000000 0.000000 0.311914 0.000000 0.000000 0.311914 0.000000 0.000000 0.311914 0.000000 0.000000 0.311914 0.000000 0.000000 0.311914 0.000000 0.000000 0.311914 0.000000 0.000000 0.311914 0.000000 0.000000 0.311914 0.000000 0.000000 0.311914 0.000000 0.000000
0 0.38100925 0.8992969 0.019854492 0.080843754 0.311914 0.000000 0.000000 0.311914 0.000000 0.000000 0.311914 0.000000 0.000000 0.311914 0.000000 0.000000 0.311914 0.000000 0.000000 0.311914 0.000000 0.000000 0.311914 0.000000 0.000000 0.311914 0.000000 0.000000 0.311914 0.000000 0.000000 0.311914 0.000000 0.000000 0.311914 0.000000 0.000000 0.311914 0.000000 0.000000 0.311914 0.000000 0.000000 0.311914 0.000000 0.000000 0.311914 0.000000 0.000000 0.311914 0.000000 0.000000 0.311914 0.000000 0.000000
0 0.59010106 0.8957891 0.0046318355 0.027421873 0.311914 0.000000 0.000000 0.311914 0.000000 0.000000 0.311914 0.000000 0.000000 0.311914 0.000000 0.000000 0.311914 0.000000 0.000000 0.311914 0.000000 0.000000 0.311914 0.000000 0.000000 0.311914 0.000000 0.000000 0.311914 0.000000 0.000000 0.311914 0.000000 0.000000 0.311914 0.000000 0.000000 0.311914 0.000000 0.000000 0.311914 0.000000 0.000000 0.311914 0.000000 0.000000 0.311914 0.000000 0.000000 0.311914 0.000000 0.000000 0.311914 0.000000 0.000000
0 0.49956053 0.8859375 0.37529296 0.109375 0.311914 0.000000 0.000000 0.311914 0.000000 0.000000 0.311914 0.000000 0.000000 0.311914 0.000000 0.000000 0.311914 0.000000 0.000000 0.311914 0.000000 0.000000 0.311914 0.000000 0.000000 0.311914 0.000000 0.000000 0.311914 0.000000 0.000000 0.311914 0.000000 0.000000 0.311914 0.000000 0.000000 0.311914 0.000000 0.000000 0.311914 0.000000 0.000000 0.311914 0.000000 0.000000 0.311914 0.000000 0.000000 0.311914 0.000000 0.000000 0.311914 0.000000 0.000000