0 0.5338894 0.38579956 0.074239865 0.24804054 0.094595 0.000000 0.000000 0.094595 0.000000 0.000000 0.094595 0.000000 0.000000 0.094595 0.000000 0.000000 0.094595 0.000000 0.000000 0.529139 0.342342 2.000000 0.543074 0.333333 2.000000 0.526605 0.421171 2.000000 0.094595 0.000000 0.000000 0.510135 0.472973 2.000000 0.094595 0.000000 0.000000 0.549409 0.475225 2.000000 0.555743 0.461712 2.000000 0.535473 0.556306 1.000000 0.094595 0.000000 0.000000 0.094595 0.000000 0.000000 0.094595 0.000000 0.000000
0 0.57441086 0.4108108 0.069869086 0.34112614 0.567145 0.279279 2.000000 0.570946 0.272523 2.000000 0.564611 0.272523 2.000000 0.581081 0.272523 2.000000 0.560811 0.272523 2.000000 0.593750 0.315315 2.000000 0.546875 0.319820 2.000000 0.600084 0.362613 2.000000 0.534206 0.364865 1.000000 0.584882 0.414414 2.000000 0.554476 0.394144 1.000000 0.587416 0.441441 2.000000 0.563345 0.445946 1.000000 0.591216 0.511261 2.000000 0.565878 0.515766 1.000000 0.568412 0.558559 1.000000 0.570946 0.590090 1.000000
0 0.5019827 0.36949325 0.033483956 0.2465991 0.094595 0.000000 0.000000 0.094595 0.000000 0.000000 0.094595 0.000000 0.000000 0.094595 0.000000 0.000000 0.094595 0.000000 0.000000 0.501267 0.333333 2.000000 0.520270 0.331081 1.000000 0.502534 0.407658 2.000000 0.094595 0.000000 0.000000 0.094595 0.000000 0.000000 0.094595 0.000000 0.000000 0.506334 0.461712 1.000000 0.520270 0.459459 1.000000 0.094595 0.000000 0.000000 0.094595 0.000000 0.000000 0.094595 0.000000 0.000000 0.094595 0.000000 0.000000
0 0.6007116 0.17748873 0.039869085 0.12119369 0.094595 0.000000 0.000000 0.094595 0.000000 0.000000 0.094595 0.000000 0.000000 0.094595 0.000000 0.000000 0.094595 0.000000 0.000000 0.094595 0.000000 0.000000 0.094595 0.000000 0.000000 0.094595 0.000000 0.000000 0.094595 0.000000 0.000000 0.094595 0.000000 0.000000 0.094595 0.000000 0.000000 0.094595 0.000000 0.000000 0.094595 0.000000 0.000000 0.094595 0.000000 0.000000 0.094595 0.000000 0.000000 0.094595 0.000000 0.000000 0.094595 0.000000 0.000000
0 0.27444893 0.2914189 0.010553209 0.078963965 0.094595 0.000000 0.000000 0.094595 0.000000 0.000000 0.094595 0.000000 0.000000 0.094595 0.000000 0.000000 0.094595 0.000000 0.000000 0.094595 0.000000 0.000000 0.094595 0.000000 0.000000 0.094595 0.000000 0.000000 0.094595 0.000000 0.000000 0.094595 0.000000 0.000000 0.094595 0.000000 0.000000 0.094595 0.000000 0.000000 0.094595 0.000000 0.000000 0.094595 0.000000 0.000000 0.094595 0.000000 0.000000 0.094595 0.000000 0.000000 0.094595 0.000000 0.000000
0 0.5041491 0.1686599 0.013010981 0.0352027 0.094595 0.000000 0.000000 0.094595 0.000000 0.000000 0.094595 0.000000 0.000000 0.094595 0.000000 0.000000 0.094595 0.000000 0.000000 0.094595 0.000000 0.000000 0.094595 0.000000 0.000000 0.094595 0.000000 0.000000 0.094595 0.000000 0.000000 0.094595 0.000000 0.000000 0.094595 0.000000 0.000000 0.094595 0.000000 0.000000 0.094595 0.000000 0.000000 0.094595 0.000000 0.000000 0.094595 0.000000 0.000000 0.094595 0.000000 0.000000 0.094595 0.000000 0.000000
0 0.48631126 0.17190316 0.022664696 0.03051802 0.094595 0.000000 0.000000 0.094595 0.000000 0.000000 0.094595 0.000000 0.000000 0.094595 0.000000 0.000000 0.094595 0.000000 0.000000 0.094595 0.000000 0.000000 0.094595 0.000000 0.000000 0.094595 0.000000 0.000000 0.094595 0.000000 0.000000 0.094595 0.000000 0.000000 0.094595 0.000000 0.000000 0.094595 0.000000 0.000000 0.094595 0.000000 0.000000 0.094595 0.000000 0.000000 0.094595 0.000000 0.000000 0.094595 0.000000 0.000000 0.094595 0.000000 0.000000
0 0.6393391 0.17011261 0.03401605 0.13252252 0.094595 0.000000 0.000000 0.094595 0.000000 0.000000 0.094595 0.000000 0.000000 0.094595 0.000000 0.000000 0.094595 0.000000 0.000000 0.094595 0.000000 0.000000 0.094595 0.000000 0.000000 0.094595 0.000000 0.000000 0.094595 0.000000 0.000000 0.094595 0.000000 0.000000 0.094595 0.000000 0.000000 0.094595 0.000000 0.000000 0.094595 0.000000 0.000000 0.094595 0.000000 0.000000 0.094595 0.000000 0.000000 0.094595 0.000000 0.000000 0.094595 0.000000 0.000000
0 0.5755257 0.14852478 0.016304899 0.052364863 0.094595 0.000000 0.000000 0.094595 0.000000 0.000000 0.094595 0.000000 0.000000 0.094595 0.000000 0.000000 0.094595 0.000000 0.000000 0.094595 0.000000 0.000000 0.094595 0.000000 0.000000 0.094595 0.000000 0.000000 0.094595 0.000000 0.000000 0.094595 0.000000 0.000000 0.094595 0.000000 0.000000 0.094595 0.000000 0.000000 0.094595 0.000000 0.000000 0.094595 0.000000 0.000000 0.094595 0.000000 0.000000 0.094595 0.000000 0.000000 0.094595 0.000000 0.000000
0 0.548807 0.19382884 0.0324451 0.111936934 0.094595 0.000000 0.000000 0.094595 0.000000 0.000000 0.094595 0.000000 0.000000 0.094595 0.000000 0.000000 0.094595 0.000000 0.000000 0.094595 0.000000 0.000000 0.094595 0.000000 0.000000 0.094595 0.000000 0.000000 0.094595 0.000000 0.000000 0.094595 0.000000 0.000000 0.094595 0.000000 0.000000 0.094595 0.000000 0.000000 0.094595 0.000000 0.000000 0.094595 0.000000 0.000000 0.094595 0.000000 0.000000 0.094595 0.000000 0.000000 0.094595 0.000000 0.000000
0 0.29822847 0.27916667 0.016887669 0.039369367 0.094595 0.000000 0.000000 0.094595 0.000000 0.000000 0.094595 0.000000 0.000000 0.094595 0.000000 0.000000 0.094595 0.000000 0.000000 0.094595 0.000000 0.000000 0.094595 0.000000 0.000000 0.094595 0.000000 0.000000 0.094595 0.000000 0.000000 0.094595 0.000000 0.000000 0.094595 0.000000 0.000000 0.094595 0.000000 0.000000 0.094595 0.000000 0.000000 0.094595 0.000000 0.000000 0.094595 0.000000 0.000000 0.094595 0.000000 0.000000 0.094595 0.000000 0.000000
0 0.42335305 0.19256756 0.6549831 0.20495495 0.094595 0.000000 0.000000 0.094595 0.000000 0.000000 0.094595 0.000000 0.000000 0.094595 0.000000 0.000000 0.094595 0.000000 0.000000 0.094595 0.000000 0.000000 0.094595 0.000000 0.000000 0.094595 0.000000 0.000000 0.094595 0.000000 0.000000 0.094595 0.000000 0.000000 0.094595 0.000000 0.000000 0.094595 0.000000 0.000000 0.094595 0.000000 0.000000 0.094595 0.000000 0.000000 0.094595 0.000000 0.000000 0.094595 0.000000 0.000000 0.094595 0.000000 0.000000