0 0.6110454 0.5339688 0.12658887 0.38971874 0.313232 0.000000 0.000000 0.313232 0.000000 0.000000 0.313232 0.000000 0.000000 0.565479 0.384375 2.000000 0.573389 0.365625 2.000000 0.587451 0.412500 2.000000 0.600635 0.385938 1.000000 0.604150 0.456250 2.000000 0.313232 0.000000 0.000000 0.618213 0.489062 2.000000 0.313232 0.000000 0.000000 0.615576 0.529688 2.000000 0.629639 0.514063 2.000000 0.633154 0.610937 2.000000 0.644580 0.601562 2.000000 0.653369 0.690625 2.000000 0.663037 0.679688 2.000000
0 0.56330323 0.47048435 0.06054785 0.19834375 0.313232 0.000000 0.000000 0.313232 0.000000 0.000000 0.313232 0.000000 0.000000 0.537354 0.393750 2.000000 0.545264 0.389062 2.000000 0.536475 0.423438 2.000000 0.558447 0.406250 2.000000 0.537354 0.453125 2.000000 0.565479 0.431250 2.000000 0.313232 0.000000 0.000000 0.313232 0.000000 0.000000 0.555811 0.481250 2.000000 0.568115 0.471875 2.000000 0.562842 0.521875 2.000000 0.576025 0.517187 2.000000 0.573389 0.562500 2.000000 0.583057 0.557813 2.000000
0 0.47274074 0.50108594 0.054694336 0.21389063 0.464404 0.428125 2.000000 0.466162 0.421875 2.000000 0.460010 0.423438 2.000000 0.469678 0.423438 2.000000 0.454736 0.429688 2.000000 0.470557 0.445312 2.000000 0.452979 0.456250 2.000000 0.313232 0.000000 0.000000 0.462646 0.490625 2.000000 0.487256 0.462500 2.000000 0.466162 0.453125 2.000000 0.483740 0.525000 2.000000 0.473193 0.526563 2.000000 0.499561 0.592188 1.000000 0.484619 0.609375 1.000000 0.313232 0.000000 0.000000 0.313232 0.000000 0.000000
0 0.42595655 0.5601562 0.05912402 0.21018751 0.418701 0.479688 2.000000 0.421338 0.471875 2.000000 0.415186 0.475000 2.000000 0.313232 0.000000 0.000000 0.409033 0.481250 2.000000 0.432764 0.504687 2.000000 0.402881 0.517187 1.000000 0.444189 0.550000 2.000000 0.406396 0.553125 2.000000 0.441553 0.576563 2.000000 0.417822 0.529688 2.000000 0.440674 0.593750 2.000000 0.418701 0.607813 1.000000 0.450342 0.650000 2.000000 0.313232 0.000000 0.000000 0.313232 0.000000 0.000000 0.313232 0.000000 0.000000
0 0.35803026 0.61472654 0.08885742 0.29632813 0.337842 0.514063 2.000000 0.341357 0.506250 2.000000 0.333447 0.509375 2.000000 0.313232 0.000000 0.000000 0.323779 0.517187 2.000000 0.359814 0.539062 2.000000 0.319385 0.553125 2.000000 0.374756 0.596875 2.000000 0.327295 0.626562 1.000000 0.365088 0.546875 2.000000 0.343115 0.570312 2.000000 0.372998 0.626562 2.000000 0.346631 0.642187 2.000000 0.394092 0.735937 2.000000 0.374756 0.764063 1.000000 0.407275 0.825000 1.000000 0.394971 0.850000 1.000000
0 0.38944238 0.6092813 0.06461719 0.26265627 0.377393 0.506250 2.000000 0.378271 0.501562 2.000000 0.372998 0.503125 2.000000 0.313232 0.000000 0.000000 0.363330 0.506250 2.000000 0.379150 0.526563 2.000000 0.361572 0.535937 1.000000 0.313232 0.000000 0.000000 0.384424 0.589063 2.000000 0.313232 0.000000 0.000000 0.387939 0.537500 2.000000 0.400244 0.612500 2.000000 0.387061 0.618750 2.000000 0.408154 0.665625 2.000000 0.395850 0.673437 2.000000 0.417822 0.720312 2.000000 0.407275 0.740625 1.000000
0 0.51110494 0.48138282 0.04286426 0.16398437 0.313232 0.000000 0.000000 0.313232 0.000000 0.000000 0.313232 0.000000 0.000000 0.496924 0.421875 1.000000 0.506592 0.421875 2.000000 0.498682 0.448438 2.000000 0.500439 0.450000 2.000000 0.313232 0.000000 0.000000 0.498682 0.489062 2.000000 0.313232 0.000000 0.000000 0.512744 0.478125 2.000000 0.509229 0.512500 2.000000 0.510107 0.512500 2.000000 0.313232 0.000000 0.000000 0.313232 0.000000 0.000000 0.313232 0.000000 0.000000 0.313232 0.000000 0.000000
0 0.5833775 0.34367186 0.20678027 0.6873437 0.313232 0.000000 0.000000 0.545264 0.103125 2.000000 0.313232 0.000000 0.000000 0.560205 0.028125 2.000000 0.313232 0.000000 0.000000 0.677979 0.304688 2.000000 0.313232 0.000000 0.000000 0.313232 0.000000 0.000000 0.313232 0.000000 0.000000 0.313232 0.000000 0.000000 0.313232 0.000000 0.000000 0.313232 0.000000 0.000000 0.313232 0.000000 0.000000 0.313232 0.000000 0.000000 0.313232 0.000000 0.000000 0.313232 0.000000 0.000000 0.313232 0.000000 0.000000
0 0.61604196 0.3619453 0.06983789 0.13232814 0.600635 0.331250 2.000000 0.600635 0.312500 2.000000 0.593603 0.332812 2.000000 0.613818 0.292188 1.000000 0.313232 0.000000 0.000000 0.633154 0.312500 2.000000 0.313232 0.000000 0.000000 0.657764 0.379687 1.000000 0.313232 0.000000 0.000000 0.621729 0.389062 2.000000 0.313232 0.000000 0.000000 0.313232 0.000000 0.000000 0.313232 0.000000 0.000000 0.313232 0.000000 0.000000 0.313232 0.000000 0.000000 0.313232 0.000000 0.000000 0.313232 0.000000 0.000000
0 0.35433447 0.5087578 0.017762695 0.044484377 0.313232 0.000000 0.000000 0.313232 0.000000 0.000000 0.313232 0.000000 0.000000 0.313232 0.000000 0.000000 0.313232 0.000000 0.000000 0.313232 0.000000 0.000000 0.313232 0.000000 0.000000 0.313232 0.000000 0.000000 0.313232 0.000000 0.000000 0.313232 0.000000 0.000000 0.313232 0.000000 0.000000 0.313232 0.000000 0.000000 0.313232 0.000000 0.000000 0.313232 0.000000 0.000000 0.313232 0.000000 0.000000 0.313232 0.000000 0.000000 0.313232 0.000000 0.000000
0 0.4075127 0.46623436 0.0124101555 0.038125 0.313232 0.000000 0.000000 0.313232 0.000000 0.000000 0.313232 0.000000 0.000000 0.313232 0.000000 0.000000 0.313232 0.000000 0.000000 0.313232 0.000000 0.000000 0.313232 0.000000 0.000000 0.313232 0.000000 0.000000 0.313232 0.000000 0.000000 0.313232 0.000000 0.000000 0.313232 0.000000 0.000000 0.313232 0.000000 0.000000 0.313232 0.000000 0.000000 0.313232 0.000000 0.000000 0.313232 0.000000 0.000000 0.313232 0.000000 0.000000 0.313232 0.000000 0.000000
0 0.38459522 0.46369532 0.0134208985 0.09698438 0.313232 0.000000 0.000000 0.313232 0.000000 0.000000 0.313232 0.000000 0.000000 0.313232 0.000000 0.000000 0.313232 0.000000 0.000000 0.313232 0.000000 0.000000 0.313232 0.000000 0.000000 0.313232 0.000000 0.000000 0.313232 0.000000 0.000000 0.313232 0.000000 0.000000 0.313232 0.000000 0.000000 0.313232 0.000000 0.000000 0.313232 0.000000 0.000000 0.313232 0.000000 0.000000 0.313232 0.000000 0.000000 0.313232 0.000000 0.000000 0.313232 0.000000 0.000000
0 0.53739744 0.47946092 0.04352344 0.16739063 0.313232 0.000000 0.000000 0.313232 0.000000 0.000000 0.528564 0.409375 2.000000 0.313232 0.000000 0.000000 0.525049 0.412500 2.000000 0.313232 0.000000 0.000000 0.525049 0.429688 2.000000 0.313232 0.000000 0.000000 0.532080 0.464063 2.000000 0.313232 0.000000 0.000000 0.541748 0.479688 2.000000 0.524170 0.489062 2.000000 0.532080 0.481250 2.000000 0.538232 0.526563 2.000000 0.544385 0.520312 2.000000 0.542627 0.556250 2.000000 0.551416 0.554688 2.000000
0 0.48330078 0.53125 0.3401367 0.784375 0.313232 0.000000 0.000000 0.313232 0.000000 0.000000 0.313232 0.000000 0.000000 0.313232 0.000000 0.000000 0.313232 0.000000 0.000000 0.313232 0.000000 0.000000 0.313232 0.000000 0.000000 0.313232 0.000000 0.000000 0.313232 0.000000 0.000000 0.313232 0.000000 0.000000 0.313232 0.000000 0.000000 0.313232 0.000000 0.000000 0.313232 0.000000 0.000000 0.313232 0.000000 0.000000 0.313232 0.000000 0.000000 0.313232 0.000000 0.000000 0.313232 0.000000 0.000000