0 0.58463186 0.56374705 0.21766247 0.67761123 0.572453 0.353630 2.000000 0.586944 0.334895 2.000000 0.564549 0.334895 2.000000 0.606704 0.327869 2.000000 0.078454 0.000000 0.000000 0.622512 0.400468 2.000000 0.542155 0.365340 2.000000 0.663349 0.437939 1.000000 0.501317 0.407494 2.000000 0.694965 0.524590 1.000000 0.505269 0.498829 2.000000 0.601434 0.538642 2.000000 0.554011 0.555035 2.000000 0.610656 0.655738 2.000000 0.527664 0.690866 2.000000 0.633050 0.833724 2.000000 0.494731 0.836066 2.000000
0 0.6885824 0.3147424 0.09670521 0.3096253 0.667301 0.217799 2.000000 0.672570 0.206089 2.000000 0.658080 0.206089 2.000000 0.680474 0.210773 2.000000 0.647541 0.215457 2.000000 0.708138 0.281030 1.000000 0.638320 0.276347 1.000000 0.733167 0.362998 1.000000 0.078454 0.000000 0.000000 0.719994 0.358314 2.000000 0.078454 0.000000 0.000000 0.078454 0.000000 0.000000 0.078454 0.000000 0.000000 0.078454 0.000000 0.000000 0.078454 0.000000 0.000000 0.078454 0.000000 0.000000 0.078454 0.000000 0.000000
0 0.77998537 0.4943794 0.2831206 0.9887588 0.078454 0.000000 0.000000 0.078454 0.000000 0.000000 0.078454 0.000000 0.000000 0.078454 0.000000 0.000000 0.078454 0.000000 0.000000 0.078454 0.000000 0.000000 0.078454 0.000000 0.000000 0.737119 0.114754 2.000000 0.078454 0.000000 0.000000 0.675205 0.323185 2.000000 0.078454 0.000000 0.000000 0.816159 0.348946 2.000000 0.897834 0.362998 2.000000 0.700234 0.639344 2.000000 0.843823 0.679157 2.000000 0.078454 0.000000 0.000000 0.078454 0.000000 0.000000
0 0.45450598 0.45505854 0.20098509 0.82922715 0.485509 0.159251 2.000000 0.496048 0.140515 2.000000 0.476288 0.140515 2.000000 0.507904 0.138173 2.000000 0.453893 0.140515 2.000000 0.514491 0.238876 2.000000 0.430182 0.213115 2.000000 0.575088 0.344262 1.000000 0.360363 0.281030 2.000000 0.078454 0.000000 0.000000 0.078454 0.000000 0.000000 0.471019 0.482436 2.000000 0.422278 0.470726 2.000000 0.468384 0.634660 2.000000 0.427547 0.597190 2.000000 0.451259 0.840749 1.000000 0.389344 0.819672 2.000000
0 0.29319236 0.49549183 0.15075527 0.8265808 0.287910 0.192037 2.000000 0.302400 0.175644 2.000000 0.280006 0.170960 2.000000 0.316891 0.182670 2.000000 0.266833 0.175644 2.000000 0.334016 0.266979 2.000000 0.249707 0.250585 2.000000 0.343238 0.391101 2.000000 0.228630 0.304450 2.000000 0.078454 0.000000 0.000000 0.281323 0.245902 2.000000 0.332699 0.473068 2.000000 0.290545 0.508197 2.000000 0.290545 0.519906 2.000000 0.308987 0.697892 2.000000 0.345872 0.707260 2.000000 0.332699 0.852459 2.000000
0 0.16946867 0.52627635 0.1794994 0.9056206 0.078454 0.000000 0.000000 0.078454 0.000000 0.000000 0.078454 0.000000 0.000000 0.078454 0.000000 0.000000 0.078454 0.000000 0.000000 0.078454 0.000000 0.000000 0.145638 0.276347 2.000000 0.078454 0.000000 0.000000 0.177254 0.405152 2.000000 0.078454 0.000000 0.000000 0.225995 0.444965 2.000000 0.078454 0.000000 0.000000 0.120609 0.580796 2.000000 0.078454 0.000000 0.000000 0.145638 0.768150 2.000000 0.078454 0.000000 0.000000 0.094262 0.941452 2.000000
0 0.43681425 0.113489464 0.09227898 0.21798594 0.078454 0.000000 0.000000 0.078454 0.000000 0.000000 0.078454 0.000000 0.000000 0.078454 0.000000 0.000000 0.078454 0.000000 0.000000 0.472336 0.025761 2.000000 0.411739 0.053864 2.000000 0.078454 0.000000 0.000000 0.407787 0.192037 2.000000 0.078454 0.000000 0.000000 0.078454 0.000000 0.000000 0.478923 0.274005 1.000000 0.436768 0.281030 1.000000 0.078454 0.000000 0.000000 0.078454 0.000000 0.000000 0.078454 0.000000 0.000000 0.078454 0.000000 0.000000
0 0.23010539 0.37770492 0.04808255 0.14093678 0.078454 0.000000 0.000000 0.078454 0.000000 0.000000 0.078454 0.000000 0.000000 0.078454 0.000000 0.000000 0.078454 0.000000 0.000000 0.219409 0.372365 2.000000 0.078454 0.000000 0.000000 0.078454 0.000000 0.000000 0.078454 0.000000 0.000000 0.078454 0.000000 0.000000 0.078454 0.000000 0.000000 0.078454 0.000000 0.000000 0.078454 0.000000 0.000000 0.078454 0.000000 0.000000 0.078454 0.000000 0.000000 0.078454 0.000000 0.000000 0.078454 0.000000 0.000000
0 0.36673227 0.45225996 0.04859631 0.24662764 0.078454 0.000000 0.000000 0.078454 0.000000 0.000000 0.078454 0.000000 0.000000 0.078454 0.000000 0.000000 0.078454 0.000000 0.000000 0.078454 0.000000 0.000000 0.078454 0.000000 0.000000 0.078454 0.000000 0.000000 0.078454 0.000000 0.000000 0.078454 0.000000 0.000000 0.078454 0.000000 0.000000 0.078454 0.000000 0.000000 0.078454 0.000000 0.000000 0.351142 0.391101 1.000000 0.370902 0.451991 2.000000 0.365632 0.498829 2.000000 0.405152 0.622951 1.000000
0 0.22486241 0.55296254 0.12704332 0.22264637 0.078454 0.000000 0.000000 0.078454 0.000000 0.000000 0.078454 0.000000 0.000000 0.078454 0.000000 0.000000 0.078454 0.000000 0.000000 0.078454 0.000000 0.000000 0.078454 0.000000 0.000000 0.078454 0.000000 0.000000 0.078454 0.000000 0.000000 0.078454 0.000000 0.000000 0.078454 0.000000 0.000000 0.162763 0.498829 2.000000 0.145638 0.512881 1.000000 0.220726 0.501171 2.000000 0.204918 0.515222 2.000000 0.272102 0.634660 2.000000 0.260246 0.644028 2.000000
0 0.39255193 0.47448483 0.041456383 0.36564404 0.078454 0.000000 0.000000 0.078454 0.000000 0.000000 0.078454 0.000000 0.000000 0.078454 0.000000 0.000000 0.078454 0.000000 0.000000 0.078454 0.000000 0.000000 0.078454 0.000000 0.000000 0.078454 0.000000 0.000000 0.078454 0.000000 0.000000 0.078454 0.000000 0.000000 0.078454 0.000000 0.000000 0.078454 0.000000 0.000000 0.078454 0.000000 0.000000 0.345872 0.388759 1.000000 0.373536 0.454333 1.000000 0.362998 0.505855 1.000000 0.405152 0.627635 2.000000
0 0.6291445 0.31056204 0.036292445 0.14824356 0.637002 0.297424 2.000000 0.639637 0.290398 2.000000 0.629098 0.290398 2.000000 0.078454 0.000000 0.000000 0.617242 0.297424 2.000000 0.648858 0.346604 1.000000 0.604069 0.346604 1.000000 0.078454 0.000000 0.000000 0.078454 0.000000 0.000000 0.078454 0.000000 0.000000 0.078454 0.000000 0.000000 0.078454 0.000000 0.000000 0.078454 0.000000 0.000000 0.078454 0.000000 0.000000 0.078454 0.000000 0.000000 0.078454 0.000000 0.000000 0.078454 0.000000 0.000000