0 0.48410937 0.48841405 0.045404296 0.18160939 0.493408 0.425000 2.000000 0.317627 0.000000 0.000000 0.491650 0.421875 2.000000 0.317627 0.000000 0.000000 0.484619 0.425000 2.000000 0.491650 0.439063 2.000000 0.474072 0.439063 2.000000 0.489014 0.454688 2.000000 0.467041 0.460938 2.000000 0.476709 0.448438 2.000000 0.470557 0.446875 2.000000 0.489014 0.492188 2.000000 0.476709 0.493750 2.000000 0.496045 0.528125 2.000000 0.474072 0.528125 2.000000 0.501318 0.562500 2.000000 0.468799 0.560938 2.000000
0 0.5173057 0.4153047 0.015257814 0.041703124 0.317627 0.000000 0.000000 0.317627 0.000000 0.000000 0.317627 0.000000 0.000000 0.317627 0.000000 0.000000 0.317627 0.000000 0.000000 0.317627 0.000000 0.000000 0.317627 0.000000 0.000000 0.317627 0.000000 0.000000 0.317627 0.000000 0.000000 0.317627 0.000000 0.000000 0.317627 0.000000 0.000000 0.317627 0.000000 0.000000 0.317627 0.000000 0.000000 0.317627 0.000000 0.000000 0.317627 0.000000 0.000000 0.317627 0.000000 0.000000 0.317627 0.000000 0.000000
0 0.535187 0.42239064 0.019872071 0.05790625 0.317627 0.000000 0.000000 0.317627 0.000000 0.000000 0.317627 0.000000 0.000000 0.317627 0.000000 0.000000 0.317627 0.000000 0.000000 0.317627 0.000000 0.000000 0.317627 0.000000 0.000000 0.317627 0.000000 0.000000 0.317627 0.000000 0.000000 0.317627 0.000000 0.000000 0.317627 0.000000 0.000000 0.317627 0.000000 0.000000 0.317627 0.000000 0.000000 0.317627 0.000000 0.000000 0.317627 0.000000 0.000000 0.317627 0.000000 0.000000 0.317627 0.000000 0.000000
0 0.6590644 0.43340623 0.015310546 0.0735625 0.317627 0.000000 0.000000 0.317627 0.000000 0.000000 0.317627 0.000000 0.000000 0.317627 0.000000 0.000000 0.317627 0.000000 0.000000 0.317627 0.000000 0.000000 0.317627 0.000000 0.000000 0.317627 0.000000 0.000000 0.317627 0.000000 0.000000 0.317627 0.000000 0.000000 0.317627 0.000000 0.000000 0.317627 0.000000 0.000000 0.317627 0.000000 0.000000 0.317627 0.000000 0.000000 0.317627 0.000000 0.000000 0.317627 0.000000 0.000000 0.317627 0.000000 0.000000
0 0.42721778 0.43083593 0.017912108 0.12207813 0.317627 0.000000 0.000000 0.317627 0.000000 0.000000 0.317627 0.000000 0.000000 0.317627 0.000000 0.000000 0.317627 0.000000 0.000000 0.317627 0.000000 0.000000 0.317627 0.000000 0.000000 0.317627 0.000000 0.000000 0.317627 0.000000 0.000000 0.317627 0.000000 0.000000 0.317627 0.000000 0.000000 0.317627 0.000000 0.000000 0.317627 0.000000 0.000000 0.317627 0.000000 0.000000 0.317627 0.000000 0.000000 0.317627 0.000000 0.000000 0.317627 0.000000 0.000000
0 0.56120265 0.4158125 0.014124023 0.040437497 0.317627 0.000000 0.000000 0.317627 0.000000 0.000000 0.317627 0.000000 0.000000 0.317627 0.000000 0.000000 0.317627 0.000000 0.000000 0.317627 0.000000 0.000000 0.317627 0.000000 0.000000 0.317627 0.000000 0.000000 0.317627 0.000000 0.000000 0.317627 0.000000 0.000000 0.317627 0.000000 0.000000 0.317627 0.000000 0.000000 0.317627 0.000000 0.000000 0.317627 0.000000 0.000000 0.317627 0.000000 0.000000 0.317627 0.000000 0.000000 0.317627 0.000000 0.000000
0 0.66491795 0.41372654 0.0074882815 0.036828127 0.317627 0.000000 0.000000 0.317627 0.000000 0.000000 0.317627 0.000000 0.000000 0.317627 0.000000 0.000000 0.317627 0.000000 0.000000 0.317627 0.000000 0.000000 0.317627 0.000000 0.000000 0.317627 0.000000 0.000000 0.317627 0.000000 0.000000 0.317627 0.000000 0.000000 0.317627 0.000000 0.000000 0.317627 0.000000 0.000000 0.317627 0.000000 0.000000 0.317627 0.000000 0.000000 0.317627 0.000000 0.000000 0.317627 0.000000 0.000000 0.317627 0.000000 0.000000
0 0.5073257 0.41853905 0.019432617 0.041015625 0.317627 0.000000 0.000000 0.317627 0.000000 0.000000 0.317627 0.000000 0.000000 0.317627 0.000000 0.000000 0.317627 0.000000 0.000000 0.317627 0.000000 0.000000 0.317627 0.000000 0.000000 0.317627 0.000000 0.000000 0.317627 0.000000 0.000000 0.317627 0.000000 0.000000 0.317627 0.000000 0.000000 0.317627 0.000000 0.000000 0.317627 0.000000 0.000000 0.317627 0.000000 0.000000 0.317627 0.000000 0.000000 0.317627 0.000000 0.000000 0.317627 0.000000 0.000000
0 0.5696446 0.41096875 0.0059941406 0.0478125 0.317627 0.000000 0.000000 0.317627 0.000000 0.000000 0.317627 0.000000 0.000000 0.317627 0.000000 0.000000 0.317627 0.000000 0.000000 0.317627 0.000000 0.000000 0.317627 0.000000 0.000000 0.317627 0.000000 0.000000 0.317627 0.000000 0.000000 0.317627 0.000000 0.000000 0.317627 0.000000 0.000000 0.317627 0.000000 0.000000 0.317627 0.000000 0.000000 0.317627 0.000000 0.000000 0.317627 0.000000 0.000000 0.317627 0.000000 0.000000 0.317627 0.000000 0.000000
0 0.36456496 0.5138594 0.05202246 0.154375 0.374756 0.457812 2.000000 0.317627 0.000000 0.000000 0.317627 0.000000 0.000000 0.317627 0.000000 0.000000 0.367725 0.457812 2.000000 0.372119 0.484375 2.000000 0.358057 0.479688 2.000000 0.379150 0.503125 2.000000 0.348389 0.514063 2.000000 0.389697 0.489062 1.000000 0.342236 0.548437 2.000000 0.360693 0.537500 2.000000 0.351025 0.545313 2.000000 0.386182 0.539062 2.000000 0.382666 0.546875 2.000000 0.317627 0.000000 0.000000 0.359814 0.571875 2.000000
0 0.3950454 0.44483593 0.01574121 0.10245313 0.317627 0.000000 0.000000 0.317627 0.000000 0.000000 0.317627 0.000000 0.000000 0.317627 0.000000 0.000000 0.317627 0.000000 0.000000 0.317627 0.000000 0.000000 0.317627 0.000000 0.000000 0.317627 0.000000 0.000000 0.317627 0.000000 0.000000 0.317627 0.000000 0.000000 0.317627 0.000000 0.000000 0.317627 0.000000 0.000000 0.317627 0.000000 0.000000 0.317627 0.000000 0.000000 0.317627 0.000000 0.000000 0.317627 0.000000 0.000000 0.317627 0.000000 0.000000
0 0.3286572 0.47078905 0.022060547 0.20417187 0.317627 0.000000 0.000000 0.317627 0.000000 0.000000 0.317627 0.000000 0.000000 0.317627 0.000000 0.000000 0.317627 0.000000 0.000000 0.331689 0.407813 2.000000 0.319385 0.407813 2.000000 0.317627 0.000000 0.000000 0.317627 0.000000 0.000000 0.317627 0.000000 0.000000 0.317627 0.000000 0.000000 0.327295 0.462500 2.000000 0.321143 0.462500 2.000000 0.330811 0.512500 2.000000 0.320264 0.512500 2.000000 0.329053 0.559375 2.000000 0.317627 0.000000 0.000000
0 0.6371797 0.42476565 0.004306641 0.032156248 0.317627 0.000000 0.000000 0.317627 0.000000 0.000000 0.317627 0.000000 0.000000 0.317627 0.000000 0.000000 0.317627 0.000000 0.000000 0.317627 0.000000 0.000000 0.317627 0.000000 0.000000 0.317627 0.000000 0.000000 0.317627 0.000000 0.000000 0.317627 0.000000 0.000000 0.317627 0.000000 0.000000 0.317627 0.000000 0.000000 0.317627 0.000000 0.000000 0.317627 0.000000 0.000000 0.317627 0.000000 0.000000 0.317627 0.000000 0.000000 0.317627 0.000000 0.000000
0 0.47714844 0.40390626 0.013183594 0.0296875 0.317627 0.000000 0.000000 0.317627 0.000000 0.000000 0.317627 0.000000 0.000000 0.317627 0.000000 0.000000 0.317627 0.000000 0.000000 0.317627 0.000000 0.000000 0.317627 0.000000 0.000000 0.317627 0.000000 0.000000 0.317627 0.000000 0.000000 0.317627 0.000000 0.000000 0.317627 0.000000 0.000000 0.317627 0.000000 0.000000 0.317627 0.000000 0.000000 0.317627 0.000000 0.000000 0.317627 0.000000 0.000000 0.317627 0.000000 0.000000 0.317627 0.000000 0.000000