0 0.5269394 0.52816164 0.296452 0.61711943 0.509221 0.327869 2.000000 0.515808 0.318501 2.000000 0.502635 0.316159 2.000000 0.078454 0.000000 0.000000 0.490779 0.292740 2.000000 0.543472 0.323185 2.000000 0.471019 0.365340 1.000000 0.582992 0.306792 2.000000 0.435451 0.442623 2.000000 0.626464 0.281030 2.000000 0.395931 0.515222 2.000000 0.521077 0.548009 2.000000 0.464432 0.538642 2.000000 0.550059 0.648712 2.000000 0.418326 0.632318 2.000000 0.543472 0.777518 2.000000 0.436768 0.519906 2.000000
0 0.8741547 0.46966037 0.094781905 0.65168613 0.850410 0.208431 2.000000 0.854362 0.199063 2.000000 0.078454 0.000000 0.000000 0.876756 0.192037 2.000000 0.078454 0.000000 0.000000 0.078454 0.000000 0.000000 0.859631 0.278689 2.000000 0.078454 0.000000 0.000000 0.868852 0.316159 2.000000 0.893882 0.309133 2.000000 0.841188 0.334895 2.000000 0.916276 0.484777 2.000000 0.863583 0.482436 2.000000 0.895199 0.648712 2.000000 0.843823 0.601874 2.000000 0.880708 0.742389 2.000000 0.871487 0.662763 2.000000
0 0.73348355 0.4912646 0.039203748 0.24393444 0.734485 0.388759 2.000000 0.735802 0.386417 2.000000 0.731850 0.386417 2.000000 0.078454 0.000000 0.000000 0.727898 0.391101 1.000000 0.745023 0.414520 2.000000 0.719994 0.414520 2.000000 0.747658 0.451991 2.000000 0.717359 0.451991 2.000000 0.745023 0.468384 2.000000 0.719994 0.475410 2.000000 0.738437 0.475410 2.000000 0.725263 0.475410 2.000000 0.739754 0.538642 2.000000 0.725263 0.536300 2.000000 0.737119 0.597190 2.000000 0.725263 0.594848 2.000000
0 0.12782128 0.5051639 0.033315282 0.120351285 0.078454 0.000000 0.000000 0.078454 0.000000 0.000000 0.078454 0.000000 0.000000 0.078454 0.000000 0.000000 0.078454 0.000000 0.000000 0.078454 0.000000 0.000000 0.078454 0.000000 0.000000 0.078454 0.000000 0.000000 0.078454 0.000000 0.000000 0.078454 0.000000 0.000000 0.078454 0.000000 0.000000 0.078454 0.000000 0.000000 0.078454 0.000000 0.000000 0.078454 0.000000 0.000000 0.078454 0.000000 0.000000 0.078454 0.000000 0.000000 0.078454 0.000000 0.000000
0 0.2186644 0.55907494 0.06614315 0.21201405 0.229947 0.491803 1.000000 0.229947 0.484777 1.000000 0.225995 0.484777 1.000000 0.078454 0.000000 0.000000 0.078454 0.000000 0.000000 0.233899 0.503513 1.000000 0.206235 0.505855 2.000000 0.078454 0.000000 0.000000 0.078454 0.000000 0.000000 0.078454 0.000000 0.000000 0.078454 0.000000 0.000000 0.229947 0.515222 1.000000 0.223361 0.538642 2.000000 0.078454 0.000000 0.000000 0.078454 0.000000 0.000000 0.078454 0.000000 0.000000 0.078454 0.000000 0.000000
0 0.2692762 0.55706084 0.059108604 0.20583138 0.254977 0.487119 2.000000 0.258929 0.484777 2.000000 0.252342 0.482436 2.000000 0.078454 0.000000 0.000000 0.244438 0.482436 1.000000 0.249707 0.501171 2.000000 0.240486 0.505855 2.000000 0.078454 0.000000 0.000000 0.249707 0.545667 2.000000 0.281323 0.552693 2.000000 0.278689 0.555035 2.000000 0.278689 0.555035 2.000000 0.228630 0.557377 1.000000 0.265515 0.562061 2.000000 0.256294 0.564403 2.000000 0.278689 0.634660 2.000000 0.269467 0.641686 2.000000
0 0.36722627 0.54248244 0.08017271 0.20206088 0.378806 0.480094 2.000000 0.380123 0.475410 2.000000 0.376171 0.475410 2.000000 0.078454 0.000000 0.000000 0.369584 0.468384 2.000000 0.362998 0.484777 2.000000 0.360363 0.482436 2.000000 0.078454 0.000000 0.000000 0.360363 0.538642 2.000000 0.078454 0.000000 0.000000 0.384075 0.552693 1.000000 0.345872 0.548009 2.000000 0.335334 0.550351 2.000000 0.378806 0.562061 2.000000 0.362998 0.557377 2.000000 0.382758 0.625293 2.000000 0.364315 0.625293 2.000000
0 0.20760539 0.5580094 0.04642272 0.22496486 0.078454 0.000000 0.000000 0.078454 0.000000 0.000000 0.078454 0.000000 0.000000 0.078454 0.000000 0.000000 0.078454 0.000000 0.000000 0.202283 0.510539 1.000000 0.181206 0.515222 1.000000 0.208870 0.545667 2.000000 0.078454 0.000000 0.000000 0.227313 0.564403 1.000000 0.078454 0.000000 0.000000 0.210187 0.562061 2.000000 0.190427 0.562061 1.000000 0.229947 0.578454 1.000000 0.207553 0.576112 2.000000 0.229947 0.644028 2.000000 0.210187 0.653396 2.000000
0 0.31133854 0.547377 0.09628366 0.19466043 0.280006 0.482436 2.000000 0.281323 0.480094 2.000000 0.277371 0.475410 2.000000 0.078454 0.000000 0.000000 0.268150 0.475410 2.000000 0.078454 0.000000 0.000000 0.266833 0.503513 2.000000 0.078454 0.000000 0.000000 0.269467 0.548009 1.000000 0.078454 0.000000 0.000000 0.282641 0.505855 2.000000 0.268150 0.548009 1.000000 0.262881 0.552693 1.000000 0.291862 0.557377 1.000000 0.282641 0.559719 1.000000 0.286593 0.639344 1.000000 0.278689 0.637002 1.000000
0 0.23777883 0.4827986 0.016163642 0.048641685 0.078454 0.000000 0.000000 0.078454 0.000000 0.000000 0.078454 0.000000 0.000000 0.078454 0.000000 0.000000 0.078454 0.000000 0.000000 0.078454 0.000000 0.000000 0.078454 0.000000 0.000000 0.078454 0.000000 0.000000 0.078454 0.000000 0.000000 0.078454 0.000000 0.000000 0.078454 0.000000 0.000000 0.078454 0.000000 0.000000 0.078454 0.000000 0.000000 0.078454 0.000000 0.000000 0.078454 0.000000 0.000000 0.078454 0.000000 0.000000 0.078454 0.000000 0.000000
0 0.35563377 0.44088992 0.024792155 0.06772834 0.078454 0.000000 0.000000 0.078454 0.000000 0.000000 0.078454 0.000000 0.000000 0.078454 0.000000 0.000000 0.078454 0.000000 0.000000 0.078454 0.000000 0.000000 0.078454 0.000000 0.000000 0.078454 0.000000 0.000000 0.078454 0.000000 0.000000 0.078454 0.000000 0.000000 0.078454 0.000000 0.000000 0.078454 0.000000 0.000000 0.078454 0.000000 0.000000 0.078454 0.000000 0.000000 0.078454 0.000000 0.000000 0.078454 0.000000 0.000000 0.078454 0.000000 0.000000
0 0.14988658 0.4703045 0.025727458 0.07503513 0.078454 0.000000 0.000000 0.078454 0.000000 0.000000 0.078454 0.000000 0.000000 0.078454 0.000000 0.000000 0.078454 0.000000 0.000000 0.078454 0.000000 0.000000 0.078454 0.000000 0.000000 0.078454 0.000000 0.000000 0.078454 0.000000 0.000000 0.078454 0.000000 0.000000 0.078454 0.000000 0.000000 0.078454 0.000000 0.000000 0.078454 0.000000 0.000000 0.078454 0.000000 0.000000 0.078454 0.000000 0.000000 0.078454 0.000000 0.000000 0.078454 0.000000 0.000000
0 0.22862998 0.48326698 0.015702577 0.047283374 0.078454 0.000000 0.000000 0.078454 0.000000 0.000000 0.078454 0.000000 0.000000 0.078454 0.000000 0.000000 0.078454 0.000000 0.000000 0.078454 0.000000 0.000000 0.078454 0.000000 0.000000 0.078454 0.000000 0.000000 0.078454 0.000000 0.000000 0.078454 0.000000 0.000000 0.078454 0.000000 0.000000 0.078454 0.000000 0.000000 0.078454 0.000000 0.000000 0.078454 0.000000 0.000000 0.078454 0.000000 0.000000 0.078454 0.000000 0.000000 0.078454 0.000000 0.000000
0 0.45455208 0.4086651 0.7495609 0.55971897 0.078454 0.000000 0.000000 0.078454 0.000000 0.000000 0.078454 0.000000 0.000000 0.078454 0.000000 0.000000 0.078454 0.000000 0.000000 0.078454 0.000000 0.000000 0.078454 0.000000 0.000000 0.078454 0.000000 0.000000 0.078454 0.000000 0.000000 0.078454 0.000000 0.000000 0.078454 0.000000 0.000000 0.078454 0.000000 0.000000 0.078454 0.000000 0.000000 0.078454 0.000000 0.000000 0.078454 0.000000 0.000000 0.078454 0.000000 0.000000 0.078454 0.000000 0.000000