0 0.21995702 0.14622916 0.056859374 0.18924999 0.125000 0.000000 0.000000 0.125000 0.000000 0.000000 0.125000 0.000000 0.000000 0.217578 0.079167 2.000000 0.242188 0.085417 2.000000 0.200000 0.135417 2.000000 0.238672 0.139583 2.000000 0.125000 0.000000 0.000000 0.248047 0.218750 1.000000 0.125000 0.000000 0.000000 0.125000 0.000000 0.000000 0.209375 0.252083 1.000000 0.232812 0.256250 1.000000 0.125000 0.000000 0.000000 0.125000 0.000000 0.000000 0.125000 0.000000 0.000000 0.125000 0.000000 0.000000
0 0.30054685 0.13891667 0.12710157 0.20583333 0.331250 0.104167 2.000000 0.333594 0.091667 2.000000 0.326562 0.093750 2.000000 0.125000 0.000000 0.000000 0.306641 0.085417 2.000000 0.338281 0.137500 2.000000 0.279687 0.125000 2.000000 0.355859 0.191667 2.000000 0.241016 0.175000 2.000000 0.346484 0.245833 1.000000 0.266797 0.245833 1.000000 0.338281 0.281250 1.000000 0.292578 0.277083 1.000000 0.125000 0.000000 0.000000 0.125000 0.000000 0.000000 0.125000 0.000000 0.000000 0.125000 0.000000 0.000000
0 0.38980275 0.1331875 0.06057422 0.19545834 0.409766 0.089583 2.000000 0.412109 0.079167 2.000000 0.405078 0.077083 2.000000 0.125000 0.000000 0.000000 0.389844 0.075000 2.000000 0.396875 0.114583 2.000000 0.380469 0.112500 2.000000 0.125000 0.000000 0.000000 0.381641 0.208333 2.000000 0.125000 0.000000 0.000000 0.125000 0.000000 0.000000 0.400391 0.229167 2.000000 0.386328 0.237500 1.000000 0.125000 0.000000 0.000000 0.125000 0.000000 0.000000 0.125000 0.000000 0.000000 0.125000 0.000000 0.000000
0 0.43783793 0.12995833 0.052066404 0.20416667 0.125000 0.000000 0.000000 0.125000 0.000000 0.000000 0.125000 0.000000 0.000000 0.434375 0.070833 2.000000 0.456641 0.070833 2.000000 0.425000 0.118750 2.000000 0.449609 0.133333 2.000000 0.408594 0.160417 1.000000 0.446094 0.212500 2.000000 0.422656 0.220833 2.000000 0.125000 0.000000 0.000000 0.429688 0.231250 1.000000 0.449609 0.233333 1.000000 0.125000 0.000000 0.000000 0.125000 0.000000 0.000000 0.125000 0.000000 0.000000 0.125000 0.000000 0.000000
0 0.5121172 0.1331875 0.09438281 0.19370833 0.125000 0.000000 0.000000 0.125000 0.000000 0.000000 0.125000 0.000000 0.000000 0.498828 0.083333 2.000000 0.522266 0.083333 2.000000 0.476562 0.139583 2.000000 0.541016 0.137500 2.000000 0.467187 0.222917 2.000000 0.550391 0.220833 2.000000 0.125000 0.000000 0.000000 0.125000 0.000000 0.000000 0.125000 0.000000 0.000000 0.125000 0.000000 0.000000 0.125000 0.000000 0.000000 0.125000 0.000000 0.000000 0.125000 0.000000 0.000000 0.125000 0.000000 0.000000
0 0.7215606 0.22096874 0.04355859 0.22347917 0.729688 0.145833 2.000000 0.733203 0.139583 2.000000 0.726172 0.139583 2.000000 0.125000 0.000000 0.000000 0.717969 0.143750 2.000000 0.732031 0.183333 2.000000 0.712109 0.179167 2.000000 0.125000 0.000000 0.000000 0.707422 0.231250 2.000000 0.125000 0.000000 0.000000 0.726172 0.241667 1.000000 0.729688 0.260417 1.000000 0.709766 0.262500 2.000000 0.125000 0.000000 0.000000 0.716797 0.316667 2.000000 0.125000 0.000000 0.000000 0.125000 0.000000 0.000000
0 0.8347343 0.18439582 0.058335938 0.14604166 0.857422 0.152083 1.000000 0.125000 0.000000 0.000000 0.857422 0.143750 2.000000 0.125000 0.000000 0.000000 0.850391 0.143750 2.000000 0.821094 0.162500 1.000000 0.837500 0.172917 2.000000 0.125000 0.000000 0.000000 0.838672 0.216667 2.000000 0.125000 0.000000 0.000000 0.832812 0.245833 2.000000 0.125000 0.000000 0.000000 0.823438 0.260417 1.000000 0.125000 0.000000 0.000000 0.125000 0.000000 0.000000 0.125000 0.000000 0.000000 0.125000 0.000000 0.000000
0 0.6748906 0.21211459 0.065578125 0.31389585 0.706250 0.100000 2.000000 0.125000 0.000000 0.000000 0.703906 0.089583 2.000000 0.125000 0.000000 0.000000 0.691016 0.087500 2.000000 0.125000 0.000000 0.000000 0.679297 0.122917 2.000000 0.125000 0.000000 0.000000 0.666406 0.187500 2.000000 0.125000 0.000000 0.000000 0.671094 0.256250 1.000000 0.666406 0.268750 2.000000 0.676953 0.270833 1.000000 0.125000 0.000000 0.000000 0.125000 0.000000 0.000000 0.125000 0.000000 0.000000 0.125000 0.000000 0.000000
0 0.60955864 0.17790624 0.03735937 0.1269375 0.125000 0.000000 0.000000 0.125000 0.000000 0.000000 0.125000 0.000000 0.000000 0.600781 0.133333 2.000000 0.618359 0.141667 1.000000 0.592578 0.168750 2.000000 0.614844 0.181250 2.000000 0.125000 0.000000 0.000000 0.619531 0.225000 2.000000 0.125000 0.000000 0.000000 0.125000 0.000000 0.000000 0.125000 0.000000 0.000000 0.125000 0.000000 0.000000 0.125000 0.000000 0.000000 0.125000 0.000000 0.000000 0.125000 0.000000 0.000000 0.125000 0.000000 0.000000
0 0.5677871 0.16347916 0.03085547 0.13616666 0.579687 0.129167 2.000000 0.579687 0.122917 2.000000 0.576172 0.122917 2.000000 0.125000 0.000000 0.000000 0.570312 0.125000 2.000000 0.125000 0.000000 0.000000 0.562109 0.158333 2.000000 0.125000 0.000000 0.000000 0.567969 0.220833 2.000000 0.125000 0.000000 0.000000 0.125000 0.000000 0.000000 0.125000 0.000000 0.000000 0.125000 0.000000 0.000000 0.125000 0.000000 0.000000 0.125000 0.000000 0.000000 0.125000 0.000000 0.000000 0.125000 0.000000 0.000000
0 0.75519335 0.19004165 0.031371094 0.083875 0.125000 0.000000 0.000000 0.125000 0.000000 0.000000 0.125000 0.000000 0.000000 0.125000 0.000000 0.000000 0.125000 0.000000 0.000000 0.125000 0.000000 0.000000 0.125000 0.000000 0.000000 0.125000 0.000000 0.000000 0.125000 0.000000 0.000000 0.125000 0.000000 0.000000 0.125000 0.000000 0.000000 0.125000 0.000000 0.000000 0.125000 0.000000 0.000000 0.125000 0.000000 0.000000 0.125000 0.000000 0.000000 0.125000 0.000000 0.000000 0.125000 0.000000 0.000000
0 0.8376934 0.23729166 0.07461328 0.26770833 0.125000 0.000000 0.000000 0.125000 0.000000 0.000000 0.125000 0.000000 0.000000 0.125000 0.000000 0.000000 0.125000 0.000000 0.000000 0.125000 0.000000 0.000000 0.125000 0.000000 0.000000 0.869141 0.239583 2.000000 0.125000 0.000000 0.000000 0.857422 0.291667 2.000000 0.125000 0.000000 0.000000 0.864453 0.304167 1.000000 0.125000 0.000000 0.000000 0.808203 0.345833 2.000000 0.125000 0.000000 0.000000 0.125000 0.000000 0.000000 0.125000 0.000000 0.000000
0 0.80700785 0.15711458 0.0376875 0.07035416 0.125000 0.000000 0.000000 0.125000 0.000000 0.000000 0.125000 0.000000 0.000000 0.125000 0.000000 0.000000 0.125000 0.000000 0.000000 0.125000 0.000000 0.000000 0.125000 0.000000 0.000000 0.125000 0.000000 0.000000 0.125000 0.000000 0.000000 0.125000 0.000000 0.000000 0.125000 0.000000 0.000000 0.125000 0.000000 0.000000 0.125000 0.000000 0.000000 0.125000 0.000000 0.000000 0.125000 0.000000 0.000000 0.125000 0.000000 0.000000 0.125000 0.000000 0.000000
0 0.49941406 0.2375 0.7488281 0.39583334 0.125000 0.000000 0.000000 0.125000 0.000000 0.000000 0.125000 0.000000 0.000000 0.125000 0.000000 0.000000 0.125000 0.000000 0.000000 0.125000 0.000000 0.000000 0.125000 0.000000 0.000000 0.125000 0.000000 0.000000 0.125000 0.000000 0.000000 0.125000 0.000000 0.000000 0.125000 0.000000 0.000000 0.125000 0.000000 0.000000 0.125000 0.000000 0.000000 0.125000 0.000000 0.000000 0.125000 0.000000 0.000000 0.125000 0.000000 0.000000 0.125000 0.000000 0.000000