0 0.415322 0.6629157 0.15547131 0.64718974 0.434133 0.402810 2.000000 0.439403 0.391101 2.000000 0.427547 0.386417 2.000000 0.078454 0.000000 0.000000 0.397248 0.405152 2.000000 0.420960 0.475410 2.000000 0.364315 0.482436 2.000000 0.447307 0.620609 2.000000 0.365632 0.611241 2.000000 0.468384 0.597190 2.000000 0.428864 0.557377 2.000000 0.436768 0.740047 2.000000 0.398566 0.749415 2.000000 0.439403 0.915691 2.000000 0.407787 0.934426 2.000000 0.078454 0.000000 0.000000 0.078454 0.000000 0.000000
0 0.7540866 0.67977744 0.12514637 0.613466 0.795082 0.426230 2.000000 0.078454 0.000000 0.000000 0.785861 0.412178 2.000000 0.078454 0.000000 0.000000 0.760831 0.421546 2.000000 0.772687 0.487119 2.000000 0.730533 0.489461 2.000000 0.078454 0.000000 0.000000 0.709455 0.569087 2.000000 0.078454 0.000000 0.000000 0.762149 0.573770 2.000000 0.777957 0.676815 2.000000 0.751610 0.681499 2.000000 0.780591 0.840749 2.000000 0.743706 0.852459 1.000000 0.783226 0.976581 2.000000 0.078454 0.000000 0.000000
0 0.69254756 0.5205035 0.050335184 0.2684543 0.714725 0.428571 2.000000 0.078454 0.000000 0.000000 0.713408 0.419204 2.000000 0.078454 0.000000 0.000000 0.702869 0.426230 2.000000 0.680474 0.468384 2.000000 0.698917 0.470726 2.000000 0.078454 0.000000 0.000000 0.718677 0.529274 1.000000 0.078454 0.000000 0.000000 0.078454 0.000000 0.000000 0.683109 0.592506 2.000000 0.701551 0.594848 1.000000 0.078454 0.000000 0.000000 0.078454 0.000000 0.000000 0.078454 0.000000 0.000000 0.078454 0.000000 0.000000
0 0.87036735 0.5636651 0.10235655 0.8494379 0.078454 0.000000 0.000000 0.078454 0.000000 0.000000 0.078454 0.000000 0.000000 0.889930 0.248244 2.000000 0.078454 0.000000 0.000000 0.876756 0.400468 2.000000 0.078454 0.000000 0.000000 0.849092 0.601874 2.000000 0.078454 0.000000 0.000000 0.078454 0.000000 0.000000 0.078454 0.000000 0.000000 0.901786 0.782201 2.000000 0.078454 0.000000 0.000000 0.078454 0.000000 0.000000 0.078454 0.000000 0.000000 0.078454 0.000000 0.000000 0.078454 0.000000 0.000000
0 0.22065353 0.6498712 0.08722043 0.46517566 0.078454 0.000000 0.000000 0.206235 0.451991 2.000000 0.078454 0.000000 0.000000 0.214139 0.447307 2.000000 0.078454 0.000000 0.000000 0.202283 0.512881 2.000000 0.252342 0.508197 2.000000 0.191745 0.573770 2.000000 0.078454 0.000000 0.000000 0.078454 0.000000 0.000000 0.078454 0.000000 0.000000 0.216774 0.646370 2.000000 0.241803 0.641686 2.000000 0.227313 0.744731 2.000000 0.244438 0.725995 2.000000 0.232582 0.843091 2.000000 0.249707 0.822014 2.000000
0 0.2830028 0.6211007 0.062085774 0.37494144 0.258929 0.475410 1.000000 0.258929 0.466042 2.000000 0.078454 0.000000 0.000000 0.266833 0.461358 2.000000 0.078454 0.000000 0.000000 0.289227 0.491803 2.000000 0.286593 0.491803 2.000000 0.287910 0.569087 2.000000 0.274737 0.543326 2.000000 0.278689 0.622951 2.000000 0.261563 0.510539 2.000000 0.290545 0.613583 2.000000 0.289227 0.611241 2.000000 0.297131 0.683841 2.000000 0.294496 0.683841 2.000000 0.305035 0.770492 2.000000 0.295814 0.758782 2.000000
0 0.15124342 0.6699063 0.063930035 0.39700237 0.124561 0.508197 2.000000 0.128513 0.501171 2.000000 0.078454 0.000000 0.000000 0.136417 0.505855 2.000000 0.078454 0.000000 0.000000 0.145638 0.550351 2.000000 0.168033 0.548009 2.000000 0.137734 0.606557 1.000000 0.078454 0.000000 0.000000 0.114022 0.594848 1.000000 0.078454 0.000000 0.000000 0.146956 0.672131 2.000000 0.166715 0.665105 1.000000 0.146956 0.754098 1.000000 0.166715 0.749415 2.000000 0.148273 0.838408 2.000000 0.168033 0.817330 2.000000
0 0.11195404 0.68651056 0.06447014 0.47864172 0.078454 0.000000 0.000000 0.078454 0.000000 0.000000 0.078454 0.000000 0.000000 0.078454 0.000000 0.000000 0.078454 0.000000 0.000000 0.078454 0.000000 0.000000 0.108753 0.529274 2.000000 0.078454 0.000000 0.000000 0.135100 0.592506 2.000000 0.078454 0.000000 0.000000 0.112705 0.587822 2.000000 0.078454 0.000000 0.000000 0.106118 0.615925 2.000000 0.078454 0.000000 0.000000 0.100849 0.770492 2.000000 0.078454 0.000000 0.000000 0.096897 0.892272 2.000000
0 0.33427325 0.5963232 0.044697013 0.2864169 0.318208 0.482436 2.000000 0.320843 0.473068 2.000000 0.078454 0.000000 0.000000 0.328747 0.473068 2.000000 0.078454 0.000000 0.000000 0.337968 0.501171 2.000000 0.335334 0.501171 2.000000 0.078454 0.000000 0.000000 0.078454 0.000000 0.000000 0.078454 0.000000 0.000000 0.319526 0.536300 2.000000 0.337968 0.599532 2.000000 0.334016 0.599532 2.000000 0.078454 0.000000 0.000000 0.322160 0.644028 2.000000 0.078454 0.000000 0.000000 0.334016 0.704918 2.000000
0 0.7140068 0.47386414 0.015557671 0.03236534 0.078454 0.000000 0.000000 0.078454 0.000000 0.000000 0.078454 0.000000 0.000000 0.078454 0.000000 0.000000 0.078454 0.000000 0.000000 0.078454 0.000000 0.000000 0.078454 0.000000 0.000000 0.078454 0.000000 0.000000 0.078454 0.000000 0.000000 0.078454 0.000000 0.000000 0.078454 0.000000 0.000000 0.078454 0.000000 0.000000 0.078454 0.000000 0.000000 0.078454 0.000000 0.000000 0.078454 0.000000 0.000000 0.078454 0.000000 0.000000 0.078454 0.000000 0.000000
0 0.72333354 0.48122954 0.027993266 0.06906323 0.078454 0.000000 0.000000 0.078454 0.000000 0.000000 0.078454 0.000000 0.000000 0.078454 0.000000 0.000000 0.078454 0.000000 0.000000 0.078454 0.000000 0.000000 0.078454 0.000000 0.000000 0.078454 0.000000 0.000000 0.078454 0.000000 0.000000 0.078454 0.000000 0.000000 0.078454 0.000000 0.000000 0.078454 0.000000 0.000000 0.078454 0.000000 0.000000 0.078454 0.000000 0.000000 0.078454 0.000000 0.000000 0.078454 0.000000 0.000000 0.078454 0.000000 0.000000
0 0.57381 0.5 0.124145195 0.26351288 0.584309 0.430913 2.000000 0.586944 0.419204 2.000000 0.575088 0.421546 2.000000 0.078454 0.000000 0.000000 0.559280 0.430913 2.000000 0.608021 0.487119 2.000000 0.538203 0.491803 2.000000 0.629098 0.562061 2.000000 0.522395 0.576112 2.000000 0.618560 0.559719 2.000000 0.568501 0.569087 2.000000 0.604069 0.646370 1.000000 0.561915 0.648712 1.000000 0.078454 0.000000 0.000000 0.078454 0.000000 0.000000 0.078454 0.000000 0.000000 0.078454 0.000000 0.000000
0 0.61347485 0.46820843 0.03912471 0.10297424 0.078454 0.000000 0.000000 0.078454 0.000000 0.000000 0.078454 0.000000 0.000000 0.078454 0.000000 0.000000 0.078454 0.000000 0.000000 0.078454 0.000000 0.000000 0.078454 0.000000 0.000000 0.078454 0.000000 0.000000 0.078454 0.000000 0.000000 0.078454 0.000000 0.000000 0.078454 0.000000 0.000000 0.078454 0.000000 0.000000 0.078454 0.000000 0.000000 0.078454 0.000000 0.000000 0.078454 0.000000 0.000000 0.078454 0.000000 0.000000 0.078454 0.000000 0.000000