0 0.46606 0.28677332 0.019919999 0.16810666 0.000000 0.000444 0.000000 0.000000 0.000444 0.000000 0.000000 0.000444 0.000000 0.000000 0.000444 0.000000 0.000000 0.000444 0.000000 0.000000 0.000444 0.000000 0.000000 0.000444 0.000000 0.000000 0.000444 0.000000 0.000000 0.000444 0.000000 0.000000 0.000444 0.000000 0.000000 0.000444 0.000000 0.000000 0.000444 0.000000 0.000000 0.000444 0.000000 0.000000 0.000444 0.000000 0.000000 0.000444 0.000000 0.000000 0.000444 0.000000 0.000000 0.000444 0.000000
0 0.4938 0.31632 0.06819999 0.15267554 0.000000 0.000444 0.000000 0.000000 0.000444 0.000000 0.000000 0.000444 0.000000 0.000000 0.000444 0.000000 0.000000 0.000444 0.000000 0.000000 0.000444 0.000000 0.000000 0.000444 0.000000 0.000000 0.000444 0.000000 0.000000 0.000444 0.000000 0.000000 0.000444 0.000000 0.000000 0.000444 0.000000 0.000000 0.000444 0.000000 0.000000 0.000444 0.000000 0.000000 0.000444 0.000000 0.000000 0.000444 0.000000 0.000000 0.000444 0.000000 0.000000 0.000444 0.000000
0 0.56745 0.3536889 0.04662 0.12721777 0.000000 0.000444 0.000000 0.000000 0.000444 0.000000 0.000000 0.000444 0.000000 0.000000 0.000444 0.000000 0.000000 0.000444 0.000000 0.000000 0.000444 0.000000 0.000000 0.000444 0.000000 0.000000 0.000444 0.000000 0.000000 0.000444 0.000000 0.000000 0.000444 0.000000 0.000000 0.000444 0.000000 0.000000 0.000444 0.000000 0.000000 0.000444 0.000000 0.000000 0.000444 0.000000 0.000000 0.000444 0.000000 0.000000 0.000444 0.000000 0.000000 0.000444 0.000000
0 0.54523 0.3107733 0.04018 0.17500445 0.000000 0.000444 0.000000 0.000000 0.000444 0.000000 0.000000 0.000444 0.000000 0.000000 0.000444 0.000000 0.000000 0.000444 0.000000 0.000000 0.000444 0.000000 0.000000 0.000444 0.000000 0.000000 0.000444 0.000000 0.000000 0.000444 0.000000 0.000000 0.000444 0.000000 0.000000 0.000444 0.000000 0.000000 0.000444 0.000000 0.000000 0.000444 0.000000 0.000000 0.000444 0.000000 0.000000 0.000444 0.000000 0.000000 0.000444 0.000000 0.000000 0.000444 0.000000
0 0.86638 0.32792887 0.077640004 0.10648889 0.000000 0.000444 0.000000 0.000000 0.000444 0.000000 0.000000 0.000444 0.000000 0.000000 0.000444 0.000000 0.000000 0.000444 0.000000 0.000000 0.000444 0.000000 0.000000 0.000444 0.000000 0.000000 0.000444 0.000000 0.000000 0.000444 0.000000 0.000000 0.000444 0.000000 0.000000 0.000444 0.000000 0.000000 0.000444 0.000000 0.000000 0.000444 0.000000 0.000000 0.000444 0.000000 0.000000 0.000444 0.000000 0.000000 0.000444 0.000000 0.000000 0.000444 0.000000
0 0.83033 0.35456 0.051859997 0.09091555 0.000000 0.000444 0.000000 0.000000 0.000444 0.000000 0.000000 0.000444 0.000000 0.000000 0.000444 0.000000 0.000000 0.000444 0.000000 0.000000 0.000444 0.000000 0.000000 0.000444 0.000000 0.000000 0.000444 0.000000 0.000000 0.000444 0.000000 0.000000 0.000444 0.000000 0.000000 0.000444 0.000000 0.000000 0.000444 0.000000 0.000000 0.000444 0.000000 0.000000 0.000444 0.000000 0.000000 0.000444 0.000000 0.000000 0.000444 0.000000 0.000000 0.000444 0.000000
0 0.76201 0.2693689 0.04974 0.108693324 0.000000 0.000444 0.000000 0.000000 0.000444 0.000000 0.000000 0.000444 0.000000 0.000000 0.000444 0.000000 0.000000 0.000444 0.000000 0.000000 0.000444 0.000000 0.000000 0.000444 0.000000 0.000000 0.000444 0.000000 0.000000 0.000444 0.000000 0.000000 0.000444 0.000000 0.000000 0.000444 0.000000 0.000000 0.000444 0.000000 0.000000 0.000444 0.000000 0.000000 0.000444 0.000000 0.000000 0.000444 0.000000 0.000000 0.000444 0.000000 0.000000 0.000444 0.000000
0 0.70809996 0.34097776 0.05924 0.10435556 0.000000 0.000444 0.000000 0.000000 0.000444 0.000000 0.000000 0.000444 0.000000 0.000000 0.000444 0.000000 0.000000 0.000444 0.000000 0.000000 0.000444 0.000000 0.000000 0.000444 0.000000 0.000000 0.000444 0.000000 0.000000 0.000444 0.000000 0.000000 0.000444 0.000000 0.000000 0.000444 0.000000 0.000000 0.000444 0.000000 0.000000 0.000444 0.000000 0.000000 0.000444 0.000000 0.000000 0.000444 0.000000 0.000000 0.000444 0.000000 0.000000 0.000444 0.000000
0 0.64043003 0.33790222 0.06526 0.10965333 0.000000 0.000444 0.000000 0.000000 0.000444 0.000000 0.000000 0.000444 0.000000 0.000000 0.000444 0.000000 0.000000 0.000444 0.000000 0.000000 0.000444 0.000000 0.000000 0.000444 0.000000 0.000000 0.000444 0.000000 0.000000 0.000444 0.000000 0.000000 0.000444 0.000000 0.000000 0.000444 0.000000 0.000000 0.000444 0.000000 0.000000 0.000444 0.000000 0.000000 0.000444 0.000000 0.000000 0.000444 0.000000 0.000000 0.000444 0.000000 0.000000 0.000444 0.000000
0 0.79377997 0.31701335 0.06768 0.15989333 0.000000 0.000444 0.000000 0.000000 0.000444 0.000000 0.000000 0.000444 0.000000 0.000000 0.000444 0.000000 0.000000 0.000444 0.000000 0.000000 0.000444 0.000000 0.000000 0.000444 0.000000 0.000000 0.000444 0.000000 0.000000 0.000444 0.000000 0.000000 0.000444 0.000000 0.000000 0.000444 0.000000 0.000000 0.000444 0.000000 0.000000 0.000444 0.000000 0.000000 0.000444 0.000000 0.000000 0.000444 0.000000 0.000000 0.000444 0.000000 0.000000 0.000444 0.000000
0 0.85367 0.304 0.02086 0.045191113 0.000000 0.000444 0.000000 0.000000 0.000444 0.000000 0.000000 0.000444 0.000000 0.000000 0.000444 0.000000 0.000000 0.000444 0.000000 0.000000 0.000444 0.000000 0.000000 0.000444 0.000000 0.000000 0.000444 0.000000 0.000000 0.000444 0.000000 0.000000 0.000444 0.000000 0.000000 0.000444 0.000000 0.000000 0.000444 0.000000 0.000000 0.000444 0.000000 0.000000 0.000444 0.000000 0.000000 0.000444 0.000000 0.000000 0.000444 0.000000 0.000000 0.000444 0.000000
0 0.75961 0.3300622 0.04538 0.12704 0.000000 0.000444 0.000000 0.000000 0.000444 0.000000 0.000000 0.000444 0.000000 0.000000 0.000444 0.000000 0.000000 0.000444 0.000000 0.000000 0.000444 0.000000 0.000000 0.000444 0.000000 0.000000 0.000444 0.000000 0.000000 0.000444 0.000000 0.000000 0.000444 0.000000 0.000000 0.000444 0.000000 0.000000 0.000444 0.000000 0.000000 0.000444 0.000000 0.000000 0.000444 0.000000 0.000000 0.000444 0.000000 0.000000 0.000444 0.000000 0.000000 0.000444 0.000000
0 0.54203004 0.26853332 0.06374 0.13824 0.000000 0.000444 0.000000 0.000000 0.000444 0.000000 0.000000 0.000444 0.000000 0.000000 0.000444 0.000000 0.000000 0.000444 0.000000 0.000000 0.000444 0.000000 0.000000 0.000444 0.000000 0.000000 0.000444 0.000000 0.000000 0.000444 0.000000 0.000000 0.000444 0.000000 0.000000 0.000444 0.000000 0.000000 0.000444 0.000000 0.000000 0.000444 0.000000 0.000000 0.000444 0.000000 0.000000 0.000444 0.000000 0.000000 0.000444 0.000000 0.000000 0.000444 0.000000
0 0.43100002 0.35244444 0.614 0.31288886 0.000000 0.000444 0.000000 0.000000 0.000444 0.000000 0.000000 0.000444 0.000000 0.000000 0.000444 0.000000 0.000000 0.000444 0.000000 0.000000 0.000444 0.000000 0.000000 0.000444 0.000000 0.000000 0.000444 0.000000 0.000000 0.000444 0.000000 0.000000 0.000444 0.000000 0.000000 0.000444 0.000000 0.000000 0.000444 0.000000 0.000000 0.000444 0.000000 0.000000 0.000444 0.000000 0.000000 0.000444 0.000000 0.000000 0.000444 0.000000 0.000000 0.000444 0.000000