0 0.28536943 0.7283866 0.018115016 0.08635783 0.050719 0.000000 0.000000 0.050719 0.000000 0.000000 0.050719 0.000000 0.000000 0.050719 0.000000 0.000000 0.050719 0.000000 0.000000 0.050719 0.000000 0.000000 0.050719 0.000000 0.000000 0.050719 0.000000 0.000000 0.050719 0.000000 0.000000 0.050719 0.000000 0.000000 0.050719 0.000000 0.000000 0.050719 0.000000 0.000000 0.050719 0.000000 0.000000 0.050719 0.000000 0.000000 0.050719 0.000000 0.000000 0.050719 0.000000 0.000000 0.050719 0.000000 0.000000
0 0.39596447 0.67115015 0.016892971 0.060383387 0.050719 0.000000 0.000000 0.050719 0.000000 0.000000 0.050719 0.000000 0.000000 0.050719 0.000000 0.000000 0.050719 0.000000 0.000000 0.050719 0.000000 0.000000 0.050719 0.000000 0.000000 0.050719 0.000000 0.000000 0.050719 0.000000 0.000000 0.050719 0.000000 0.000000 0.050719 0.000000 0.000000 0.050719 0.000000 0.000000 0.050719 0.000000 0.000000 0.050719 0.000000 0.000000 0.050719 0.000000 0.000000 0.050719 0.000000 0.000000 0.050719 0.000000 0.000000
0 0.5720288 0.6661662 0.01125 0.045111824 0.050719 0.000000 0.000000 0.050719 0.000000 0.000000 0.050719 0.000000 0.000000 0.050719 0.000000 0.000000 0.050719 0.000000 0.000000 0.050719 0.000000 0.000000 0.050719 0.000000 0.000000 0.050719 0.000000 0.000000 0.050719 0.000000 0.000000 0.050719 0.000000 0.000000 0.050719 0.000000 0.000000 0.050719 0.000000 0.000000 0.050719 0.000000 0.000000 0.050719 0.000000 0.000000 0.050719 0.000000 0.000000 0.050719 0.000000 0.000000 0.050719 0.000000 0.000000
0 0.48972943 0.7228275 0.01428714 0.06354632 0.050719 0.000000 0.000000 0.050719 0.000000 0.000000 0.050719 0.000000 0.000000 0.050719 0.000000 0.000000 0.050719 0.000000 0.000000 0.050719 0.000000 0.000000 0.050719 0.000000 0.000000 0.050719 0.000000 0.000000 0.050719 0.000000 0.000000 0.050719 0.000000 0.000000 0.050719 0.000000 0.000000 0.050719 0.000000 0.000000 0.050719 0.000000 0.000000 0.050719 0.000000 0.000000 0.050719 0.000000 0.000000 0.050719 0.000000 0.000000 0.050719 0.000000 0.000000
0 0.67851734 0.6754473 0.013029153 0.03690096 0.050719 0.000000 0.000000 0.050719 0.000000 0.000000 0.050719 0.000000 0.000000 0.050719 0.000000 0.000000 0.050719 0.000000 0.000000 0.050719 0.000000 0.000000 0.050719 0.000000 0.000000 0.050719 0.000000 0.000000 0.050719 0.000000 0.000000 0.050719 0.000000 0.000000 0.050719 0.000000 0.000000 0.050719 0.000000 0.000000 0.050719 0.000000 0.000000 0.050719 0.000000 0.000000 0.050719 0.000000 0.000000 0.050719 0.000000 0.000000 0.050719 0.000000 0.000000
0 0.76030445 0.7045847 0.012921327 0.06853035 0.050719 0.000000 0.000000 0.050719 0.000000 0.000000 0.050719 0.000000 0.000000 0.050719 0.000000 0.000000 0.050719 0.000000 0.000000 0.050719 0.000000 0.000000 0.050719 0.000000 0.000000 0.050719 0.000000 0.000000 0.050719 0.000000 0.000000 0.050719 0.000000 0.000000 0.050719 0.000000 0.000000 0.050719 0.000000 0.000000 0.050719 0.000000 0.000000 0.050719 0.000000 0.000000 0.050719 0.000000 0.000000 0.050719 0.000000 0.000000 0.050719 0.000000 0.000000
0 0.87428707 0.67057514 0.010567093 0.05399361 0.050719 0.000000 0.000000 0.050719 0.000000 0.000000 0.050719 0.000000 0.000000 0.050719 0.000000 0.000000 0.050719 0.000000 0.000000 0.050719 0.000000 0.000000 0.050719 0.000000 0.000000 0.050719 0.000000 0.000000 0.050719 0.000000 0.000000 0.050719 0.000000 0.000000 0.050719 0.000000 0.000000 0.050719 0.000000 0.000000 0.050719 0.000000 0.000000 0.050719 0.000000 0.000000 0.050719 0.000000 0.000000 0.050719 0.000000 0.000000 0.050719 0.000000 0.000000
0 0.48471543 0.6783706 0.010225639 0.060830675 0.050719 0.000000 0.000000 0.050719 0.000000 0.000000 0.050719 0.000000 0.000000 0.050719 0.000000 0.000000 0.050719 0.000000 0.000000 0.050719 0.000000 0.000000 0.050719 0.000000 0.000000 0.050719 0.000000 0.000000 0.050719 0.000000 0.000000 0.050719 0.000000 0.000000 0.050719 0.000000 0.000000 0.050719 0.000000 0.000000 0.050719 0.000000 0.000000 0.050719 0.000000 0.000000 0.050719 0.000000 0.000000 0.050719 0.000000 0.000000 0.050719 0.000000 0.000000
0 0.29502898 0.6711182 0.020289537 0.02115016 0.050719 0.000000 0.000000 0.050719 0.000000 0.000000 0.050719 0.000000 0.000000 0.050719 0.000000 0.000000 0.050719 0.000000 0.000000 0.050719 0.000000 0.000000 0.050719 0.000000 0.000000 0.050719 0.000000 0.000000 0.050719 0.000000 0.000000 0.050719 0.000000 0.000000 0.050719 0.000000 0.000000 0.050719 0.000000 0.000000 0.050719 0.000000 0.000000 0.050719 0.000000 0.000000 0.050719 0.000000 0.000000 0.050719 0.000000 0.000000 0.050719 0.000000 0.000000
0 0.36083066 0.6672205 0.016964855 0.069776356 0.050719 0.000000 0.000000 0.050719 0.000000 0.000000 0.050719 0.000000 0.000000 0.050719 0.000000 0.000000 0.050719 0.000000 0.000000 0.050719 0.000000 0.000000 0.050719 0.000000 0.000000 0.050719 0.000000 0.000000 0.050719 0.000000 0.000000 0.050719 0.000000 0.000000 0.050719 0.000000 0.000000 0.050719 0.000000 0.000000 0.050719 0.000000 0.000000 0.050719 0.000000 0.000000 0.050719 0.000000 0.000000 0.050719 0.000000 0.000000 0.050719 0.000000 0.000000
0 0.19404851 0.7004952 0.023560304 0.070958465 0.050719 0.000000 0.000000 0.050719 0.000000 0.000000 0.050719 0.000000 0.000000 0.050719 0.000000 0.000000 0.050719 0.000000 0.000000 0.050719 0.000000 0.000000 0.050719 0.000000 0.000000 0.050719 0.000000 0.000000 0.050719 0.000000 0.000000 0.050719 0.000000 0.000000 0.050719 0.000000 0.000000 0.050719 0.000000 0.000000 0.050719 0.000000 0.000000 0.050719 0.000000 0.000000 0.050719 0.000000 0.000000 0.050719 0.000000 0.000000 0.050719 0.000000 0.000000
0 0.37388676 0.67777956 0.016371805 0.05453674 0.050719 0.000000 0.000000 0.050719 0.000000 0.000000 0.050719 0.000000 0.000000 0.050719 0.000000 0.000000 0.050719 0.000000 0.000000 0.050719 0.000000 0.000000 0.050719 0.000000 0.000000 0.050719 0.000000 0.000000 0.050719 0.000000 0.000000 0.050719 0.000000 0.000000 0.050719 0.000000 0.000000 0.050719 0.000000 0.000000 0.050719 0.000000 0.000000 0.050719 0.000000 0.000000 0.050719 0.000000 0.000000 0.050719 0.000000 0.000000 0.050719 0.000000 0.000000
0 0.4438938 0.6688499 0.014305112 0.042619806 0.050719 0.000000 0.000000 0.050719 0.000000 0.000000 0.050719 0.000000 0.000000 0.050719 0.000000 0.000000 0.050719 0.000000 0.000000 0.050719 0.000000 0.000000 0.050719 0.000000 0.000000 0.050719 0.000000 0.000000 0.050719 0.000000 0.000000 0.050719 0.000000 0.000000 0.050719 0.000000 0.000000 0.050719 0.000000 0.000000 0.050719 0.000000 0.000000 0.050719 0.000000 0.000000 0.050719 0.000000 0.000000 0.050719 0.000000 0.000000 0.050719 0.000000 0.000000
0 0.26817092 0.7140575 0.014376997 0.060702875 0.050719 0.000000 0.000000 0.050719 0.000000 0.000000 0.050719 0.000000 0.000000 0.050719 0.000000 0.000000 0.050719 0.000000 0.000000 0.050719 0.000000 0.000000 0.050719 0.000000 0.000000 0.050719 0.000000 0.000000 0.050719 0.000000 0.000000 0.050719 0.000000 0.000000 0.050719 0.000000 0.000000 0.050719 0.000000 0.000000 0.050719 0.000000 0.000000 0.050719 0.000000 0.000000 0.050719 0.000000 0.000000 0.050719 0.000000 0.000000 0.050719 0.000000 0.000000