0 0.07615625 0.59912163 0.05237331 0.24743243 0.074324 0.502703 2.000000 0.077365 0.497297 2.000000 0.071284 0.497297 2.000000 0.081926 0.500000 2.000000 0.066723 0.500000 1.000000 0.091047 0.524324 2.000000 0.060642 0.527027 2.000000 0.097128 0.556757 2.000000 0.056081 0.562162 2.000000 0.095608 0.591892 2.000000 0.054561 0.594595 2.000000 0.088007 0.605405 2.000000 0.066723 0.605405 2.000000 0.089527 0.648649 2.000000 0.071284 0.651351 2.000000 0.095608 0.702703 2.000000 0.074324 0.705405 2.000000
0 0.10400761 0.56901354 0.022636825 0.1311081 0.013514 0.000000 0.000000 0.013514 0.000000 0.000000 0.013514 0.000000 0.000000 0.013514 0.000000 0.000000 0.013514 0.000000 0.000000 0.013514 0.000000 0.000000 0.013514 0.000000 0.000000 0.013514 0.000000 0.000000 0.013514 0.000000 0.000000 0.013514 0.000000 0.000000 0.013514 0.000000 0.000000 0.013514 0.000000 0.000000 0.013514 0.000000 0.000000 0.013514 0.000000 0.000000 0.013514 0.000000 0.000000 0.013514 0.000000 0.000000 0.013514 0.000000 0.000000
0 0.14075252 0.60160804 0.04699155 0.18245946 0.130574 0.527027 2.000000 0.132095 0.521622 2.000000 0.129054 0.521622 2.000000 0.136655 0.524324 2.000000 0.013514 0.000000 0.000000 0.148818 0.540541 2.000000 0.126014 0.548649 1.000000 0.153378 0.567568 2.000000 0.122973 0.572973 2.000000 0.013514 0.000000 0.000000 0.013514 0.000000 0.000000 0.138176 0.586486 2.000000 0.124493 0.591892 2.000000 0.138176 0.629730 2.000000 0.124493 0.635135 2.000000 0.157939 0.662162 2.000000 0.122973 0.683784 2.000000
0 0.2344164 0.5988108 0.03887331 0.0965946 0.013514 0.000000 0.000000 0.013514 0.000000 0.000000 0.013514 0.000000 0.000000 0.013514 0.000000 0.000000 0.013514 0.000000 0.000000 0.013514 0.000000 0.000000 0.013514 0.000000 0.000000 0.013514 0.000000 0.000000 0.013514 0.000000 0.000000 0.013514 0.000000 0.000000 0.013514 0.000000 0.000000 0.013514 0.000000 0.000000 0.013514 0.000000 0.000000 0.013514 0.000000 0.000000 0.013514 0.000000 0.000000 0.013514 0.000000 0.000000 0.013514 0.000000 0.000000
0 0.25286487 0.5965945 0.043874998 0.10216216 0.013514 0.000000 0.000000 0.013514 0.000000 0.000000 0.013514 0.000000 0.000000 0.013514 0.000000 0.000000 0.013514 0.000000 0.000000 0.013514 0.000000 0.000000 0.013514 0.000000 0.000000 0.013514 0.000000 0.000000 0.013514 0.000000 0.000000 0.013514 0.000000 0.000000 0.013514 0.000000 0.000000 0.013514 0.000000 0.000000 0.013514 0.000000 0.000000 0.013514 0.000000 0.000000 0.013514 0.000000 0.000000 0.013514 0.000000 0.000000 0.013514 0.000000 0.000000
0 0.2622601 0.5899459 0.031499997 0.1027027 0.013514 0.000000 0.000000 0.013514 0.000000 0.000000 0.013514 0.000000 0.000000 0.013514 0.000000 0.000000 0.013514 0.000000 0.000000 0.013514 0.000000 0.000000 0.013514 0.000000 0.000000 0.013514 0.000000 0.000000 0.013514 0.000000 0.000000 0.013514 0.000000 0.000000 0.013514 0.000000 0.000000 0.013514 0.000000 0.000000 0.013514 0.000000 0.000000 0.013514 0.000000 0.000000 0.013514 0.000000 0.000000 0.013514 0.000000 0.000000 0.013514 0.000000 0.000000
0 0.28013852 0.5874054 0.03639527 0.10713513 0.013514 0.000000 0.000000 0.013514 0.000000 0.000000 0.013514 0.000000 0.000000 0.013514 0.000000 0.000000 0.013514 0.000000 0.000000 0.013514 0.000000 0.000000 0.013514 0.000000 0.000000 0.013514 0.000000 0.000000 0.013514 0.000000 0.000000 0.013514 0.000000 0.000000 0.013514 0.000000 0.000000 0.013514 0.000000 0.000000 0.013514 0.000000 0.000000 0.013514 0.000000 0.000000 0.013514 0.000000 0.000000 0.013514 0.000000 0.000000 0.013514 0.000000 0.000000
0 0.83190536 0.62198645 0.04922635 0.23791891 0.811655 0.529730 2.000000 0.813176 0.524324 2.000000 0.013514 0.000000 0.000000 0.822297 0.529730 2.000000 0.013514 0.000000 0.000000 0.816216 0.554054 2.000000 0.835980 0.551351 2.000000 0.823817 0.581081 2.000000 0.843581 0.581081 2.000000 0.820777 0.618919 2.000000 0.828378 0.586486 2.000000 0.820777 0.621622 2.000000 0.839020 0.616216 2.000000 0.820777 0.681081 2.000000 0.834459 0.672973 2.000000 0.823817 0.732432 2.000000 0.842061 0.724324 2.000000
0 0.44534624 0.49536487 0.016054055 0.022837836 0.013514 0.000000 0.000000 0.013514 0.000000 0.000000 0.013514 0.000000 0.000000 0.013514 0.000000 0.000000 0.013514 0.000000 0.000000 0.013514 0.000000 0.000000 0.013514 0.000000 0.000000 0.013514 0.000000 0.000000 0.013514 0.000000 0.000000 0.013514 0.000000 0.000000 0.013514 0.000000 0.000000 0.013514 0.000000 0.000000 0.013514 0.000000 0.000000 0.013514 0.000000 0.000000 0.013514 0.000000 0.000000 0.013514 0.000000 0.000000 0.013514 0.000000 0.000000
0 0.21380912 0.6000946 0.03669932 0.11229729 0.013514 0.000000 0.000000 0.013514 0.000000 0.000000 0.013514 0.000000 0.000000 0.013514 0.000000 0.000000 0.013514 0.000000 0.000000 0.013514 0.000000 0.000000 0.013514 0.000000 0.000000 0.013514 0.000000 0.000000 0.013514 0.000000 0.000000 0.013514 0.000000 0.000000 0.013514 0.000000 0.000000 0.013514 0.000000 0.000000 0.013514 0.000000 0.000000 0.013514 0.000000 0.000000 0.013514 0.000000 0.000000 0.013514 0.000000 0.000000 0.013514 0.000000 0.000000
0 0.7374586 0.5362027 0.0069780406 0.03851351 0.013514 0.000000 0.000000 0.013514 0.000000 0.000000 0.013514 0.000000 0.000000 0.013514 0.000000 0.000000 0.013514 0.000000 0.000000 0.013514 0.000000 0.000000 0.013514 0.000000 0.000000 0.013514 0.000000 0.000000 0.013514 0.000000 0.000000 0.013514 0.000000 0.000000 0.013514 0.000000 0.000000 0.013514 0.000000 0.000000 0.013514 0.000000 0.000000 0.013514 0.000000 0.000000 0.013514 0.000000 0.000000 0.013514 0.000000 0.000000 0.013514 0.000000 0.000000
0 0.91024494 0.6050811 0.03578716 0.1212973 0.013514 0.000000 0.000000 0.013514 0.000000 0.000000 0.013514 0.000000 0.000000 0.013514 0.000000 0.000000 0.013514 0.000000 0.000000 0.013514 0.000000 0.000000 0.013514 0.000000 0.000000 0.013514 0.000000 0.000000 0.013514 0.000000 0.000000 0.013514 0.000000 0.000000 0.013514 0.000000 0.000000 0.013514 0.000000 0.000000 0.013514 0.000000 0.000000 0.013514 0.000000 0.000000 0.013514 0.000000 0.000000 0.013514 0.000000 0.000000 0.013514 0.000000 0.000000