0 0.17176953 0.24438542 0.06825001 0.3528125 0.192969 0.116667 2.000000 0.196484 0.106250 2.000000 0.182422 0.108333 2.000000 0.125000 0.000000 0.000000 0.170703 0.120833 2.000000 0.125000 0.000000 0.000000 0.155469 0.175000 2.000000 0.125000 0.000000 0.000000 0.144922 0.266667 2.000000 0.125000 0.000000 0.000000 0.155469 0.337500 2.000000 0.125000 0.000000 0.000000 0.173047 0.362500 2.000000 0.125000 0.000000 0.000000 0.125000 0.000000 0.000000 0.125000 0.000000 0.000000 0.125000 0.000000 0.000000
0 0.46376562 0.7662916 0.14915626 0.46741667 0.450781 0.622917 2.000000 0.456641 0.610417 2.000000 0.125000 0.000000 0.000000 0.481250 0.618750 2.000000 0.125000 0.000000 0.000000 0.507031 0.722917 2.000000 0.451953 0.662500 2.000000 0.510547 0.802083 1.000000 0.428516 0.693750 2.000000 0.476562 0.837500 2.000000 0.402734 0.618750 2.000000 0.490625 0.864583 2.000000 0.457812 0.850000 2.000000 0.497656 0.958333 2.000000 0.481250 0.950000 2.000000 0.125000 0.000000 0.000000 0.125000 0.000000 0.000000
0 0.2819141 0.7545625 0.13277344 0.49012497 0.293750 0.589583 2.000000 0.296094 0.579167 2.000000 0.283203 0.587500 2.000000 0.125000 0.000000 0.000000 0.255078 0.583333 2.000000 0.303125 0.631250 2.000000 0.260938 0.668750 2.000000 0.316016 0.685417 2.000000 0.250391 0.772917 1.000000 0.330078 0.727083 2.000000 0.224609 0.716667 2.000000 0.321875 0.850000 2.000000 0.290234 0.879167 2.000000 0.125000 0.000000 0.000000 0.299609 0.981250 2.000000 0.125000 0.000000 0.000000 0.125000 0.000000 0.000000
0 0.23585351 0.5934688 0.12542579 0.78827083 0.257422 0.312500 2.000000 0.257422 0.283333 2.000000 0.242188 0.297917 2.000000 0.125000 0.000000 0.000000 0.207031 0.293750 2.000000 0.237500 0.339583 2.000000 0.200000 0.391667 2.000000 0.125000 0.000000 0.000000 0.125000 0.000000 0.000000 0.125000 0.000000 0.000000 0.125000 0.000000 0.000000 0.252734 0.597917 1.000000 0.222266 0.620833 2.000000 0.125000 0.000000 0.000000 0.242188 0.856250 2.000000 0.125000 0.000000 0.000000 0.125000 0.000000 0.000000
0 0.30530468 0.36567712 0.08116407 0.39202085 0.319531 0.250000 2.000000 0.324219 0.231250 2.000000 0.307813 0.237500 2.000000 0.125000 0.000000 0.000000 0.298438 0.250000 2.000000 0.338281 0.289583 1.000000 0.278516 0.302083 2.000000 0.125000 0.000000 0.000000 0.296094 0.402083 2.000000 0.125000 0.000000 0.000000 0.331250 0.406250 2.000000 0.335938 0.479167 2.000000 0.313672 0.489583 2.000000 0.332422 0.625000 1.000000 0.318359 0.618750 1.000000 0.125000 0.000000 0.000000 0.125000 0.000000 0.000000
0 0.23416017 0.20944792 0.09923437 0.1749375 0.207031 0.177083 2.000000 0.208203 0.160417 2.000000 0.198828 0.172917 2.000000 0.225781 0.141667 2.000000 0.125000 0.000000 0.000000 0.279687 0.200000 2.000000 0.207031 0.241667 1.000000 0.306641 0.285417 1.000000 0.125000 0.000000 0.000000 0.125000 0.000000 0.000000 0.125000 0.000000 0.000000 0.284375 0.343750 1.000000 0.248047 0.362500 1.000000 0.125000 0.000000 0.000000 0.125000 0.000000 0.000000 0.125000 0.000000 0.000000 0.125000 0.000000 0.000000
0 0.3727109 0.225625 0.094195314 0.3218333 0.367578 0.168750 2.000000 0.371094 0.147917 2.000000 0.354688 0.162500 2.000000 0.383984 0.122917 2.000000 0.125000 0.000000 0.000000 0.403906 0.152083 2.000000 0.348828 0.206250 2.000000 0.125000 0.000000 0.000000 0.331250 0.327083 1.000000 0.125000 0.000000 0.000000 0.125000 0.000000 0.000000 0.125000 0.000000 0.000000 0.125000 0.000000 0.000000 0.125000 0.000000 0.000000 0.125000 0.000000 0.000000 0.125000 0.000000 0.000000 0.125000 0.000000 0.000000
0 0.50728905 0.19530208 0.0684375 0.18172917 0.489453 0.156250 2.000000 0.496484 0.145833 2.000000 0.483594 0.143750 2.000000 0.509375 0.164583 2.000000 0.125000 0.000000 0.000000 0.524609 0.229167 2.000000 0.125000 0.000000 0.000000 0.125000 0.000000 0.000000 0.125000 0.000000 0.000000 0.125000 0.000000 0.000000 0.125000 0.000000 0.000000 0.125000 0.000000 0.000000 0.125000 0.000000 0.000000 0.125000 0.000000 0.000000 0.125000 0.000000 0.000000 0.125000 0.000000 0.000000 0.125000 0.000000 0.000000
0 0.44525585 0.3852396 0.14492579 0.40210417 0.457812 0.295833 2.000000 0.466016 0.279167 2.000000 0.446094 0.279167 2.000000 0.489453 0.260417 2.000000 0.125000 0.000000 0.000000 0.524609 0.339583 1.000000 0.441406 0.347917 2.000000 0.535156 0.506250 1.000000 0.412109 0.422917 2.000000 0.511719 0.616667 1.000000 0.360547 0.495833 1.000000 0.536328 0.560417 1.000000 0.474219 0.577083 1.000000 0.522266 0.739583 1.000000 0.125000 0.000000 0.000000 0.125000 0.000000 0.000000 0.125000 0.000000 0.000000
0 0.63630664 0.5853959 0.19086328 0.78875005 0.620703 0.320833 2.000000 0.633594 0.308333 2.000000 0.613672 0.304167 2.000000 0.661719 0.287500 2.000000 0.125000 0.000000 0.000000 0.703906 0.377083 2.000000 0.580859 0.375000 2.000000 0.722656 0.510417 2.000000 0.583203 0.527083 2.000000 0.699219 0.643750 2.000000 0.631250 0.650000 2.000000 0.669922 0.639583 2.000000 0.587891 0.633333 2.000000 0.634766 0.814583 2.000000 0.600781 0.806250 1.000000 0.125000 0.000000 0.000000 0.125000 0.000000 0.000000
0 0.6759922 0.2099375 0.08303906 0.24933334 0.678125 0.152083 2.000000 0.688672 0.143750 2.000000 0.675781 0.133333 2.000000 0.696875 0.152083 1.000000 0.666406 0.127083 1.000000 0.705078 0.208333 2.000000 0.645312 0.189583 2.000000 0.698047 0.304167 2.000000 0.125000 0.000000 0.000000 0.680469 0.377083 1.000000 0.125000 0.000000 0.000000 0.667578 0.358333 1.000000 0.631250 0.345833 1.000000 0.125000 0.000000 0.000000 0.125000 0.000000 0.000000 0.125000 0.000000 0.000000 0.125000 0.000000 0.000000
0 0.6489454 0.121343754 0.051820315 0.14831251 0.650000 0.118750 2.000000 0.658203 0.104167 2.000000 0.645312 0.110417 2.000000 0.671094 0.112500 2.000000 0.125000 0.000000 0.000000 0.125000 0.000000 0.000000 0.632422 0.183333 2.000000 0.125000 0.000000 0.000000 0.125000 0.000000 0.000000 0.125000 0.000000 0.000000 0.125000 0.000000 0.000000 0.125000 0.000000 0.000000 0.125000 0.000000 0.000000 0.125000 0.000000 0.000000 0.125000 0.000000 0.000000 0.125000 0.000000 0.000000 0.125000 0.000000 0.000000
0 0.42126757 0.28260416 0.104753904 0.30979165 0.454297 0.297917 1.000000 0.464844 0.277083 1.000000 0.443750 0.277083 1.000000 0.490625 0.250000 1.000000 0.125000 0.000000 0.000000 0.524609 0.308333 1.000000 0.435547 0.306250 1.000000 0.125000 0.000000 0.000000 0.400391 0.445833 1.000000 0.125000 0.000000 0.000000 0.125000 0.000000 0.000000 0.514063 0.560417 1.000000 0.455469 0.566667 1.000000 0.125000 0.000000 0.000000 0.125000 0.000000 0.000000 0.125000 0.000000 0.000000 0.125000 0.000000 0.000000
0 0.8058594 0.35416666 0.1359375 0.6 0.125000 0.000000 0.000000 0.125000 0.000000 0.000000 0.125000 0.000000 0.000000 0.125000 0.000000 0.000000 0.125000 0.000000 0.000000 0.125000 0.000000 0.000000 0.125000 0.000000 0.000000 0.125000 0.000000 0.000000 0.125000 0.000000 0.000000 0.125000 0.000000 0.000000 0.125000 0.000000 0.000000 0.125000 0.000000 0.000000 0.125000 0.000000 0.000000 0.125000 0.000000 0.000000 0.125000 0.000000 0.000000 0.125000 0.000000 0.000000 0.125000 0.000000 0.000000