0 0.9320704 0.53543055 0.13070314 0.63608336 0.931250 0.380556 2.000000 0.935938 0.344444 2.000000 0.000000 0.133333 0.000000 0.978125 0.338889 2.000000 0.000000 0.133333 0.000000 0.932813 0.519444 2.000000 0.000000 0.133333 0.000000 0.904688 0.819444 2.000000 0.000000 0.133333 0.000000 0.000000 0.133333 0.000000 0.000000 0.133333 0.000000 0.000000 0.133333 0.000000 0.000000 0.133333 0.000000 0.000000 0.133333 0.000000 0.000000 0.133333 0.000000 0.000000 0.133333 0.000000 0.000000 0.133333 0.000000
0 0.50214845 0.49086112 0.019671876 0.14038889 0.000000 0.133333 0.000000 0.000000 0.133333 0.000000 0.000000 0.133333 0.000000 0.000000 0.133333 0.000000 0.000000 0.133333 0.000000 0.000000 0.133333 0.000000 0.000000 0.133333 0.000000 0.000000 0.133333 0.000000 0.000000 0.133333 0.000000 0.000000 0.133333 0.000000 0.000000 0.133333 0.000000 0.000000 0.133333 0.000000 0.000000 0.133333 0.000000 0.000000 0.133333 0.000000 0.000000 0.133333 0.000000 0.000000 0.133333 0.000000 0.000000 0.133333 0.000000
0 0.6862187 0.46766666 0.021187501 0.11533333 0.000000 0.133333 0.000000 0.000000 0.133333 0.000000 0.000000 0.133333 0.000000 0.000000 0.133333 0.000000 0.000000 0.133333 0.000000 0.000000 0.133333 0.000000 0.000000 0.133333 0.000000 0.000000 0.133333 0.000000 0.000000 0.133333 0.000000 0.000000 0.133333 0.000000 0.000000 0.133333 0.000000 0.000000 0.133333 0.000000 0.000000 0.133333 0.000000 0.000000 0.133333 0.000000 0.000000 0.133333 0.000000 0.000000 0.133333 0.000000 0.000000 0.133333 0.000000
0 0.8611562 0.5051806 0.034906253 0.21252778 0.000000 0.133333 0.000000 0.000000 0.133333 0.000000 0.000000 0.133333 0.000000 0.856250 0.416667 2.000000 0.000000 0.133333 0.000000 0.853125 0.441667 2.000000 0.875000 0.438889 2.000000 0.846875 0.475000 2.000000 0.000000 0.133333 0.000000 0.843750 0.494444 1.000000 0.000000 0.133333 0.000000 0.856250 0.508333 2.000000 0.871875 0.508333 2.000000 0.854688 0.555556 2.000000 0.870313 0.558333 2.000000 0.856250 0.588889 2.000000 0.867188 0.597222 2.000000
0 0.82113284 0.48001394 0.031828124 0.17025 0.000000 0.133333 0.000000 0.000000 0.133333 0.000000 0.000000 0.133333 0.000000 0.000000 0.133333 0.000000 0.000000 0.133333 0.000000 0.000000 0.133333 0.000000 0.000000 0.133333 0.000000 0.000000 0.133333 0.000000 0.000000 0.133333 0.000000 0.000000 0.133333 0.000000 0.000000 0.133333 0.000000 0.000000 0.133333 0.000000 0.000000 0.133333 0.000000 0.000000 0.133333 0.000000 0.000000 0.133333 0.000000 0.000000 0.133333 0.000000 0.000000 0.133333 0.000000
0 0.73914057 0.46588886 0.0216875 0.12033333 0.000000 0.133333 0.000000 0.000000 0.133333 0.000000 0.000000 0.133333 0.000000 0.000000 0.133333 0.000000 0.000000 0.133333 0.000000 0.000000 0.133333 0.000000 0.000000 0.133333 0.000000 0.000000 0.133333 0.000000 0.000000 0.133333 0.000000 0.000000 0.133333 0.000000 0.000000 0.133333 0.000000 0.000000 0.133333 0.000000 0.000000 0.133333 0.000000 0.000000 0.133333 0.000000 0.000000 0.133333 0.000000 0.000000 0.133333 0.000000 0.000000 0.133333 0.000000
0 0.32532814 0.48390278 0.0149375005 0.07097222 0.000000 0.133333 0.000000 0.000000 0.133333 0.000000 0.000000 0.133333 0.000000 0.000000 0.133333 0.000000 0.000000 0.133333 0.000000 0.000000 0.133333 0.000000 0.000000 0.133333 0.000000 0.000000 0.133333 0.000000 0.000000 0.133333 0.000000 0.000000 0.133333 0.000000 0.000000 0.133333 0.000000 0.000000 0.133333 0.000000 0.000000 0.133333 0.000000 0.000000 0.133333 0.000000 0.000000 0.133333 0.000000 0.000000 0.133333 0.000000 0.000000 0.133333 0.000000
0 0.34128127 0.47809726 0.0151562495 0.06763889 0.000000 0.133333 0.000000 0.000000 0.133333 0.000000 0.000000 0.133333 0.000000 0.000000 0.133333 0.000000 0.000000 0.133333 0.000000 0.000000 0.133333 0.000000 0.000000 0.133333 0.000000 0.000000 0.133333 0.000000 0.000000 0.133333 0.000000 0.000000 0.133333 0.000000 0.000000 0.133333 0.000000 0.000000 0.133333 0.000000 0.000000 0.133333 0.000000 0.000000 0.133333 0.000000 0.000000 0.133333 0.000000 0.000000 0.133333 0.000000 0.000000 0.133333 0.000000
0 0.7800937 0.4728611 0.02025 0.13005555 0.000000 0.133333 0.000000 0.000000 0.133333 0.000000 0.000000 0.133333 0.000000 0.000000 0.133333 0.000000 0.000000 0.133333 0.000000 0.000000 0.133333 0.000000 0.000000 0.133333 0.000000 0.000000 0.133333 0.000000 0.000000 0.133333 0.000000 0.000000 0.133333 0.000000 0.000000 0.133333 0.000000 0.000000 0.133333 0.000000 0.000000 0.133333 0.000000 0.000000 0.133333 0.000000 0.000000 0.133333 0.000000 0.000000 0.133333 0.000000 0.000000 0.133333 0.000000
0 0.80461717 0.47912502 0.021828124 0.16319445 0.000000 0.133333 0.000000 0.000000 0.133333 0.000000 0.000000 0.133333 0.000000 0.000000 0.133333 0.000000 0.000000 0.133333 0.000000 0.000000 0.133333 0.000000 0.000000 0.133333 0.000000 0.000000 0.133333 0.000000 0.000000 0.133333 0.000000 0.000000 0.133333 0.000000 0.000000 0.133333 0.000000 0.000000 0.133333 0.000000 0.000000 0.133333 0.000000 0.000000 0.133333 0.000000 0.000000 0.133333 0.000000 0.000000 0.133333 0.000000 0.000000 0.133333 0.000000
0 0.75922656 0.47058332 0.026171874 0.13244446 0.000000 0.133333 0.000000 0.000000 0.133333 0.000000 0.000000 0.133333 0.000000 0.000000 0.133333 0.000000 0.000000 0.133333 0.000000 0.000000 0.133333 0.000000 0.000000 0.133333 0.000000 0.000000 0.133333 0.000000 0.000000 0.133333 0.000000 0.000000 0.133333 0.000000 0.000000 0.133333 0.000000 0.000000 0.133333 0.000000 0.000000 0.133333 0.000000 0.000000 0.133333 0.000000 0.000000 0.133333 0.000000 0.000000 0.133333 0.000000 0.000000 0.133333 0.000000
0 0.9032812 0.43491665 0.034343753 0.08755555 0.000000 0.133333 0.000000 0.000000 0.133333 0.000000 0.000000 0.133333 0.000000 0.000000 0.133333 0.000000 0.000000 0.133333 0.000000 0.000000 0.133333 0.000000 0.000000 0.133333 0.000000 0.000000 0.133333 0.000000 0.000000 0.133333 0.000000 0.000000 0.133333 0.000000 0.000000 0.133333 0.000000 0.000000 0.133333 0.000000 0.000000 0.133333 0.000000 0.000000 0.133333 0.000000 0.000000 0.133333 0.000000 0.000000 0.133333 0.000000 0.000000 0.133333 0.000000
0 0.8423907 0.48190275 0.0200625 0.18708332 0.000000 0.133333 0.000000 0.000000 0.133333 0.000000 0.000000 0.133333 0.000000 0.000000 0.133333 0.000000 0.000000 0.133333 0.000000 0.000000 0.133333 0.000000 0.000000 0.133333 0.000000 0.000000 0.133333 0.000000 0.000000 0.133333 0.000000 0.000000 0.133333 0.000000 0.000000 0.133333 0.000000 0.000000 0.133333 0.000000 0.000000 0.133333 0.000000 0.000000 0.133333 0.000000 0.000000 0.133333 0.000000 0.000000 0.133333 0.000000 0.000000 0.133333 0.000000
0 0.534375 0.50972223 0.75625 0.2638889 0.000000 0.133333 0.000000 0.000000 0.133333 0.000000 0.000000 0.133333 0.000000 0.000000 0.133333 0.000000 0.000000 0.133333 0.000000 0.000000 0.133333 0.000000 0.000000 0.133333 0.000000 0.000000 0.133333 0.000000 0.000000 0.133333 0.000000 0.000000 0.133333 0.000000 0.000000 0.133333 0.000000 0.000000 0.133333 0.000000 0.000000 0.133333 0.000000 0.000000 0.133333 0.000000 0.000000 0.133333 0.000000 0.000000 0.133333 0.000000 0.000000 0.133333 0.000000