0 0.23414844 0.75484383 0.13844532 0.39702088 0.125000 0.000000 0.000000 0.125000 0.000000 0.000000 0.125000 0.000000 0.000000 0.221094 0.587500 2.000000 0.237500 0.591667 2.000000 0.201172 0.633333 2.000000 0.243359 0.641667 2.000000 0.192969 0.704167 2.000000 0.255078 0.716667 2.000000 0.125000 0.000000 0.000000 0.263281 0.775000 2.000000 0.210547 0.756250 2.000000 0.235156 0.758333 2.000000 0.195312 0.843750 2.000000 0.256250 0.845833 2.000000 0.173047 0.927083 2.000000 0.279687 0.933333 2.000000
0 0.33889645 0.4898333 0.08705859 0.19804166 0.125000 0.000000 0.000000 0.125000 0.000000 0.000000 0.125000 0.000000 0.000000 0.125000 0.000000 0.000000 0.125000 0.000000 0.000000 0.359375 0.433333 2.000000 0.340625 0.433333 2.000000 0.354688 0.460417 2.000000 0.326562 0.460417 2.000000 0.355859 0.491667 2.000000 0.317187 0.491667 2.000000 0.333594 0.483333 2.000000 0.317187 0.472917 2.000000 0.360547 0.514583 2.000000 0.313672 0.510417 2.000000 0.367578 0.566667 2.000000 0.300781 0.568750 2.000000
0 0.39583206 0.50299996 0.049312506 0.1655 0.408594 0.445833 2.000000 0.410937 0.441667 2.000000 0.405078 0.441667 2.000000 0.125000 0.000000 0.000000 0.399219 0.441667 2.000000 0.413281 0.462500 1.000000 0.383984 0.460417 2.000000 0.125000 0.000000 0.000000 0.379297 0.479167 2.000000 0.125000 0.000000 0.000000 0.401563 0.491667 2.000000 0.407422 0.508333 2.000000 0.389844 0.504167 2.000000 0.417969 0.533333 2.000000 0.383984 0.508333 2.000000 0.396875 0.564583 2.000000 0.376953 0.560417 2.000000
0 0.4400117 0.47963545 0.06217969 0.24552085 0.125000 0.000000 0.000000 0.125000 0.000000 0.000000 0.125000 0.000000 0.000000 0.125000 0.000000 0.000000 0.125000 0.000000 0.000000 0.426172 0.387500 2.000000 0.454297 0.404167 2.000000 0.426172 0.372917 1.000000 0.471875 0.410417 1.000000 0.447266 0.372917 2.000000 0.453125 0.379167 2.000000 0.421484 0.468750 2.000000 0.434375 0.475000 2.000000 0.426172 0.529167 2.000000 0.449609 0.533333 2.000000 0.415625 0.577083 2.000000 0.455469 0.581250 2.000000
0 0.18826954 0.34927082 0.046757814 0.12291667 0.187109 0.310417 2.000000 0.188281 0.304167 2.000000 0.184766 0.304167 2.000000 0.192969 0.306250 2.000000 0.180078 0.304167 1.000000 0.197656 0.327083 2.000000 0.170703 0.327083 2.000000 0.203516 0.350000 2.000000 0.169531 0.354167 2.000000 0.197656 0.366667 2.000000 0.182422 0.368750 2.000000 0.197656 0.377083 1.000000 0.176563 0.379167 1.000000 0.205859 0.383333 2.000000 0.173047 0.381250 2.000000 0.201172 0.418750 1.000000 0.177734 0.414583 1.000000
0 0.25242966 0.3244896 0.04314844 0.077270836 0.125000 0.000000 0.000000 0.125000 0.000000 0.000000 0.125000 0.000000 0.000000 0.125000 0.000000 0.000000 0.125000 0.000000 0.000000 0.125000 0.000000 0.000000 0.125000 0.000000 0.000000 0.125000 0.000000 0.000000 0.125000 0.000000 0.000000 0.125000 0.000000 0.000000 0.125000 0.000000 0.000000 0.125000 0.000000 0.000000 0.125000 0.000000 0.000000 0.125000 0.000000 0.000000 0.125000 0.000000 0.000000 0.125000 0.000000 0.000000 0.125000 0.000000 0.000000
0 0.46589845 0.31160417 0.036796875 0.10354167 0.125000 0.000000 0.000000 0.125000 0.000000 0.000000 0.125000 0.000000 0.000000 0.125000 0.000000 0.000000 0.125000 0.000000 0.000000 0.125000 0.000000 0.000000 0.125000 0.000000 0.000000 0.125000 0.000000 0.000000 0.125000 0.000000 0.000000 0.125000 0.000000 0.000000 0.125000 0.000000 0.000000 0.125000 0.000000 0.000000 0.125000 0.000000 0.000000 0.125000 0.000000 0.000000 0.125000 0.000000 0.000000 0.125000 0.000000 0.000000 0.125000 0.000000 0.000000
0 0.7227383 0.3552604 0.035437502 0.10935417 0.721484 0.316667 2.000000 0.722656 0.312500 2.000000 0.717969 0.314583 2.000000 0.726172 0.314583 2.000000 0.716797 0.316667 2.000000 0.732031 0.337500 2.000000 0.708594 0.339583 2.000000 0.734375 0.362500 2.000000 0.707422 0.362500 2.000000 0.726172 0.377083 2.000000 0.717969 0.379167 2.000000 0.726172 0.368750 2.000000 0.712109 0.368750 2.000000 0.729688 0.383333 2.000000 0.710938 0.383333 2.000000 0.125000 0.000000 0.000000 0.125000 0.000000 0.000000
0 0.64881635 0.3356667 0.03260156 0.07108333 0.125000 0.000000 0.000000 0.125000 0.000000 0.000000 0.125000 0.000000 0.000000 0.125000 0.000000 0.000000 0.125000 0.000000 0.000000 0.125000 0.000000 0.000000 0.125000 0.000000 0.000000 0.125000 0.000000 0.000000 0.125000 0.000000 0.000000 0.125000 0.000000 0.000000 0.125000 0.000000 0.000000 0.125000 0.000000 0.000000 0.125000 0.000000 0.000000 0.125000 0.000000 0.000000 0.125000 0.000000 0.000000 0.125000 0.000000 0.000000 0.125000 0.000000 0.000000
0 0.16960743 0.14588541 0.021691406 0.056229167 0.125000 0.000000 0.000000 0.125000 0.000000 0.000000 0.125000 0.000000 0.000000 0.125000 0.000000 0.000000 0.125000 0.000000 0.000000 0.125000 0.000000 0.000000 0.125000 0.000000 0.000000 0.125000 0.000000 0.000000 0.125000 0.000000 0.000000 0.125000 0.000000 0.000000 0.125000 0.000000 0.000000 0.125000 0.000000 0.000000 0.125000 0.000000 0.000000 0.125000 0.000000 0.000000 0.125000 0.000000 0.000000 0.125000 0.000000 0.000000 0.125000 0.000000 0.000000
0 0.65807426 0.2973125 0.032015625 0.07733333 0.125000 0.000000 0.000000 0.125000 0.000000 0.000000 0.125000 0.000000 0.000000 0.125000 0.000000 0.000000 0.125000 0.000000 0.000000 0.125000 0.000000 0.000000 0.125000 0.000000 0.000000 0.125000 0.000000 0.000000 0.125000 0.000000 0.000000 0.125000 0.000000 0.000000 0.125000 0.000000 0.000000 0.125000 0.000000 0.000000 0.125000 0.000000 0.000000 0.125000 0.000000 0.000000 0.125000 0.000000 0.000000 0.125000 0.000000 0.000000 0.125000 0.000000 0.000000
0 0.59665036 0.25734374 0.032964844 0.078354165 0.125000 0.000000 0.000000 0.125000 0.000000 0.000000 0.125000 0.000000 0.000000 0.125000 0.000000 0.000000 0.125000 0.000000 0.000000 0.125000 0.000000 0.000000 0.125000 0.000000 0.000000 0.125000 0.000000 0.000000 0.125000 0.000000 0.000000 0.125000 0.000000 0.000000 0.125000 0.000000 0.000000 0.125000 0.000000 0.000000 0.125000 0.000000 0.000000 0.125000 0.000000 0.000000 0.125000 0.000000 0.000000 0.125000 0.000000 0.000000 0.125000 0.000000 0.000000
0 0.49764454 0.23296875 0.038695313 0.0846875 0.125000 0.000000 0.000000 0.125000 0.000000 0.000000 0.125000 0.000000 0.000000 0.125000 0.000000 0.000000 0.125000 0.000000 0.000000 0.125000 0.000000 0.000000 0.125000 0.000000 0.000000 0.125000 0.000000 0.000000 0.125000 0.000000 0.000000 0.125000 0.000000 0.000000 0.125000 0.000000 0.000000 0.125000 0.000000 0.000000 0.125000 0.000000 0.000000 0.125000 0.000000 0.000000 0.125000 0.000000 0.000000 0.125000 0.000000 0.000000 0.125000 0.000000 0.000000
0 0.53574216 0.33958334 0.5589844 0.17083333 0.125000 0.000000 0.000000 0.125000 0.000000 0.000000 0.125000 0.000000 0.000000 0.125000 0.000000 0.000000 0.125000 0.000000 0.000000 0.125000 0.000000 0.000000 0.125000 0.000000 0.000000 0.125000 0.000000 0.000000 0.125000 0.000000 0.000000 0.125000 0.000000 0.000000 0.125000 0.000000 0.000000 0.125000 0.000000 0.000000 0.125000 0.000000 0.000000 0.125000 0.000000 0.000000 0.125000 0.000000 0.000000 0.125000 0.000000 0.000000 0.125000 0.000000 0.000000