0 0.43374217 0.494375 0.11528437 0.55404997 0.425000 0.275000 2.000000 0.430625 0.261667 2.000000 0.420312 0.263333 2.000000 0.445625 0.266667 2.000000 0.200000 0.000000 0.000000 0.457812 0.328333 2.000000 0.411875 0.320000 2.000000 0.470938 0.420000 2.000000 0.397812 0.401667 2.000000 0.475625 0.486667 2.000000 0.384687 0.476667 2.000000 0.446562 0.468333 2.000000 0.411875 0.461667 2.000000 0.450312 0.620000 2.000000 0.418438 0.595000 2.000000 0.443750 0.721667 2.000000 0.429688 0.698333 2.000000
0 0.51829535 0.22324166 0.017653124 0.031383332 0.200000 0.000000 0.000000 0.200000 0.000000 0.000000 0.200000 0.000000 0.000000 0.200000 0.000000 0.000000 0.200000 0.000000 0.000000 0.200000 0.000000 0.000000 0.200000 0.000000 0.000000 0.200000 0.000000 0.000000 0.200000 0.000000 0.000000 0.200000 0.000000 0.000000 0.200000 0.000000 0.000000 0.200000 0.000000 0.000000 0.200000 0.000000 0.000000 0.200000 0.000000 0.000000 0.200000 0.000000 0.000000 0.200000 0.000000 0.000000 0.200000 0.000000 0.000000
0 0.7535 0.42734167 0.09299999 0.36404997 0.200000 0.000000 0.000000 0.200000 0.000000 0.000000 0.200000 0.000000 0.000000 0.200000 0.000000 0.000000 0.756875 0.310000 2.000000 0.729688 0.361667 2.000000 0.744687 0.368333 2.000000 0.200000 0.000000 0.000000 0.768125 0.501667 2.000000 0.200000 0.000000 0.000000 0.200000 0.000000 0.000000 0.730625 0.536667 2.000000 0.743750 0.548333 2.000000 0.200000 0.000000 0.000000 0.200000 0.000000 0.000000 0.200000 0.000000 0.000000 0.200000 0.000000 0.000000
0 0.6695937 0.36741665 0.1302 0.34829998 0.200000 0.000000 0.000000 0.200000 0.000000 0.000000 0.200000 0.000000 0.000000 0.200000 0.000000 0.000000 0.644375 0.238333 2.000000 0.200000 0.000000 0.000000 0.629375 0.280000 2.000000 0.200000 0.000000 0.000000 0.652812 0.330000 2.000000 0.200000 0.000000 0.000000 0.698750 0.365000 2.000000 0.200000 0.000000 0.000000 0.620000 0.405000 2.000000 0.200000 0.000000 0.000000 0.680000 0.446667 2.000000 0.200000 0.000000 0.000000 0.677188 0.566667 1.000000
0 0.53871876 0.22510833 0.02055 0.032383334 0.200000 0.000000 0.000000 0.200000 0.000000 0.000000 0.200000 0.000000 0.000000 0.200000 0.000000 0.000000 0.200000 0.000000 0.000000 0.200000 0.000000 0.000000 0.200000 0.000000 0.000000 0.200000 0.000000 0.000000 0.200000 0.000000 0.000000 0.200000 0.000000 0.000000 0.200000 0.000000 0.000000 0.200000 0.000000 0.000000 0.200000 0.000000 0.000000 0.200000 0.000000 0.000000 0.200000 0.000000 0.000000 0.200000 0.000000 0.000000 0.200000 0.000000 0.000000
0 0.47900936 0.21859165 0.02094375 0.045783333 0.200000 0.000000 0.000000 0.200000 0.000000 0.000000 0.200000 0.000000 0.000000 0.200000 0.000000 0.000000 0.200000 0.000000 0.000000 0.200000 0.000000 0.000000 0.200000 0.000000 0.000000 0.200000 0.000000 0.000000 0.200000 0.000000 0.000000 0.200000 0.000000 0.000000 0.200000 0.000000 0.000000 0.200000 0.000000 0.000000 0.200000 0.000000 0.000000 0.200000 0.000000 0.000000 0.200000 0.000000 0.000000 0.200000 0.000000 0.000000 0.200000 0.000000 0.000000
0 0.54499537 0.21913332 0.009046874 0.030699998 0.200000 0.000000 0.000000 0.200000 0.000000 0.000000 0.200000 0.000000 0.000000 0.200000 0.000000 0.000000 0.200000 0.000000 0.000000 0.200000 0.000000 0.000000 0.200000 0.000000 0.000000 0.200000 0.000000 0.000000 0.200000 0.000000 0.000000 0.200000 0.000000 0.000000 0.200000 0.000000 0.000000 0.200000 0.000000 0.000000 0.200000 0.000000 0.000000 0.200000 0.000000 0.000000 0.200000 0.000000 0.000000 0.200000 0.000000 0.000000 0.200000 0.000000 0.000000
0 0.34978905 0.43539166 0.10491563 0.50111663 0.350000 0.250000 2.000000 0.350937 0.240000 2.000000 0.341562 0.241667 2.000000 0.200000 0.000000 0.000000 0.329375 0.255000 2.000000 0.345313 0.290000 2.000000 0.321875 0.305000 2.000000 0.370625 0.341667 2.000000 0.356562 0.388333 2.000000 0.200000 0.000000 0.000000 0.200000 0.000000 0.000000 0.345313 0.403333 2.000000 0.321875 0.420000 2.000000 0.403437 0.443333 1.000000 0.389375 0.481667 2.000000 0.200000 0.000000 0.000000 0.368750 0.598333 2.000000
0 0.26440156 0.35220835 0.06544687 0.16858332 0.273125 0.300000 2.000000 0.200000 0.000000 0.000000 0.270312 0.295000 2.000000 0.200000 0.000000 0.000000 0.260000 0.301667 2.000000 0.264688 0.333333 2.000000 0.255313 0.330000 2.000000 0.200000 0.000000 0.000000 0.260938 0.383333 2.000000 0.200000 0.000000 0.000000 0.281562 0.413333 2.000000 0.267500 0.408333 2.000000 0.256250 0.420000 2.000000 0.200000 0.000000 0.000000 0.200000 0.000000 0.000000 0.200000 0.000000 0.000000 0.200000 0.000000 0.000000
0 0.46115002 0.21933334 0.0117 0.05713333 0.200000 0.000000 0.000000 0.200000 0.000000 0.000000 0.200000 0.000000 0.000000 0.200000 0.000000 0.000000 0.200000 0.000000 0.000000 0.200000 0.000000 0.000000 0.200000 0.000000 0.000000 0.200000 0.000000 0.000000 0.200000 0.000000 0.000000 0.200000 0.000000 0.000000 0.200000 0.000000 0.000000 0.200000 0.000000 0.000000 0.200000 0.000000 0.000000 0.200000 0.000000 0.000000 0.200000 0.000000 0.000000 0.200000 0.000000 0.000000 0.200000 0.000000 0.000000
0 0.40831247 0.22359999 0.012506249 0.049099997 0.200000 0.000000 0.000000 0.200000 0.000000 0.000000 0.200000 0.000000 0.000000 0.200000 0.000000 0.000000 0.200000 0.000000 0.000000 0.200000 0.000000 0.000000 0.200000 0.000000 0.000000 0.200000 0.000000 0.000000 0.200000 0.000000 0.000000 0.200000 0.000000 0.000000 0.200000 0.000000 0.000000 0.200000 0.000000 0.000000 0.200000 0.000000 0.000000 0.200000 0.000000 0.000000 0.200000 0.000000 0.000000 0.200000 0.000000 0.000000 0.200000 0.000000 0.000000
0 0.78125465 0.2392 0.022771874 0.067266665 0.200000 0.000000 0.000000 0.200000 0.000000 0.000000 0.200000 0.000000 0.000000 0.200000 0.000000 0.000000 0.200000 0.000000 0.000000 0.200000 0.000000 0.000000 0.200000 0.000000 0.000000 0.200000 0.000000 0.000000 0.200000 0.000000 0.000000 0.200000 0.000000 0.000000 0.200000 0.000000 0.000000 0.200000 0.000000 0.000000 0.200000 0.000000 0.000000 0.200000 0.000000 0.000000 0.200000 0.000000 0.000000 0.200000 0.000000 0.000000 0.200000 0.000000 0.000000
0 0.49524218 0.22573331 0.013921875 0.029133333 0.200000 0.000000 0.000000 0.200000 0.000000 0.000000 0.200000 0.000000 0.000000 0.200000 0.000000 0.000000 0.200000 0.000000 0.000000 0.200000 0.000000 0.000000 0.200000 0.000000 0.000000 0.200000 0.000000 0.000000 0.200000 0.000000 0.000000 0.200000 0.000000 0.000000 0.200000 0.000000 0.000000 0.200000 0.000000 0.000000 0.200000 0.000000 0.000000 0.200000 0.000000 0.000000 0.200000 0.000000 0.000000 0.200000 0.000000 0.000000 0.200000 0.000000 0.000000
0 0.48734376 0.28416666 0.57468754 0.25833333 0.200000 0.000000 0.000000 0.200000 0.000000 0.000000 0.200000 0.000000 0.000000 0.200000 0.000000 0.000000 0.200000 0.000000 0.000000 0.200000 0.000000 0.000000 0.200000 0.000000 0.000000 0.200000 0.000000 0.000000 0.200000 0.000000 0.000000 0.200000 0.000000 0.000000 0.200000 0.000000 0.000000 0.200000 0.000000 0.000000 0.200000 0.000000 0.000000 0.200000 0.000000 0.000000 0.200000 0.000000 0.000000 0.200000 0.000000 0.000000 0.200000 0.000000 0.000000