0 0.8225039 0.37295645 0.041148856 0.09906639 0.126556 0.000000 0.000000 0.126556 0.000000 0.000000 0.126556 0.000000 0.000000 0.126556 0.000000 0.000000 0.126556 0.000000 0.000000 0.126556 0.000000 0.000000 0.126556 0.000000 0.000000 0.126556 0.000000 0.000000 0.126556 0.000000 0.000000 0.126556 0.000000 0.000000 0.126556 0.000000 0.000000 0.126556 0.000000 0.000000 0.126556 0.000000 0.000000 0.126556 0.000000 0.000000 0.126556 0.000000 0.000000 0.126556 0.000000 0.000000 0.126556 0.000000 0.000000
0 0.6865586 0.4826556 0.03631743 0.2641079 0.682054 0.381743 2.000000 0.685555 0.375519 2.000000 0.678553 0.377593 1.000000 0.692557 0.379668 2.000000 0.126556 0.000000 0.000000 0.692557 0.406639 2.000000 0.684388 0.404564 2.000000 0.685555 0.448133 2.000000 0.126556 0.000000 0.000000 0.673885 0.470954 2.000000 0.126556 0.000000 0.000000 0.690223 0.475104 2.000000 0.679720 0.468880 2.000000 0.686722 0.535270 2.000000 0.682054 0.539419 2.000000 0.687889 0.597510 2.000000 0.683221 0.589212 2.000000
0 0.3294528 0.56868255 0.08670903 0.31147304 0.321447 0.460581 2.000000 0.323781 0.450208 2.000000 0.315612 0.452282 2.000000 0.328449 0.448133 2.000000 0.310944 0.456432 2.000000 0.338952 0.485477 2.000000 0.306276 0.497925 2.000000 0.126556 0.000000 0.000000 0.298107 0.541494 2.000000 0.126556 0.000000 0.000000 0.296940 0.589212 2.000000 0.342453 0.574689 2.000000 0.323781 0.580913 2.000000 0.350622 0.628631 2.000000 0.331950 0.641079 2.000000 0.352956 0.680498 2.000000 0.334284 0.695021 2.000000
0 0.24737683 0.53171164 0.057673756 0.26935688 0.126556 0.000000 0.000000 0.126556 0.000000 0.000000 0.126556 0.000000 0.000000 0.232754 0.437759 2.000000 0.126556 0.000000 0.000000 0.226919 0.464730 2.000000 0.252593 0.458506 2.000000 0.224585 0.506224 2.000000 0.263096 0.493776 2.000000 0.226919 0.529046 2.000000 0.263096 0.520747 2.000000 0.232754 0.533195 2.000000 0.252593 0.529046 2.000000 0.239756 0.585062 2.000000 0.260762 0.578838 2.000000 0.245591 0.634855 2.000000 0.264263 0.628631 2.000000
0 0.20463498 0.47181538 0.03259466 0.10334025 0.126556 0.000000 0.000000 0.126556 0.000000 0.000000 0.126556 0.000000 0.000000 0.126556 0.000000 0.000000 0.126556 0.000000 0.000000 0.126556 0.000000 0.000000 0.126556 0.000000 0.000000 0.126556 0.000000 0.000000 0.126556 0.000000 0.000000 0.126556 0.000000 0.000000 0.126556 0.000000 0.000000 0.126556 0.000000 0.000000 0.126556 0.000000 0.000000 0.126556 0.000000 0.000000 0.126556 0.000000 0.000000 0.126556 0.000000 0.000000 0.126556 0.000000 0.000000
0 0.18457405 0.5484647 0.09332599 0.30717844 0.126556 0.000000 0.000000 0.126556 0.000000 0.000000 0.126556 0.000000 0.000000 0.151063 0.427386 2.000000 0.174404 0.421162 2.000000 0.142894 0.450208 2.000000 0.186074 0.454357 2.000000 0.126556 0.000000 0.000000 0.203579 0.497925 2.000000 0.126556 0.000000 0.000000 0.221084 0.535270 2.000000 0.149896 0.568465 2.000000 0.176738 0.564315 2.000000 0.165067 0.643154 2.000000 0.196577 0.587137 2.000000 0.170902 0.724066 1.000000 0.195410 0.659751 2.000000
0 0.1380686 0.58471996 0.02220825 0.28147304 0.126556 0.000000 0.000000 0.126556 0.000000 0.000000 0.126556 0.000000 0.000000 0.126556 0.000000 0.000000 0.128890 0.468880 2.000000 0.126556 0.000000 0.000000 0.138226 0.504149 2.000000 0.126556 0.000000 0.000000 0.126556 0.000000 0.000000 0.126556 0.000000 0.000000 0.126556 0.000000 0.000000 0.126556 0.000000 0.000000 0.134725 0.562241 2.000000 0.126556 0.641079 1.000000 0.137059 0.641079 2.000000 0.132391 0.690871 2.000000 0.135892 0.701245 2.000000
0 0.72576445 0.48480293 0.04498833 0.22263487 0.736904 0.392116 2.000000 0.126556 0.000000 0.000000 0.732236 0.387967 2.000000 0.126556 0.000000 0.000000 0.726400 0.396266 2.000000 0.735737 0.414938 2.000000 0.717064 0.423237 2.000000 0.741572 0.437759 2.000000 0.714730 0.458506 2.000000 0.742739 0.460581 2.000000 0.724066 0.477178 2.000000 0.733402 0.497925 2.000000 0.717064 0.493776 2.000000 0.732236 0.541494 2.000000 0.711229 0.539419 2.000000 0.729901 0.580913 2.000000 0.708895 0.585062 2.000000
0 0.28462788 0.49873447 0.013654047 0.06514523 0.126556 0.000000 0.000000 0.126556 0.000000 0.000000 0.126556 0.000000 0.000000 0.126556 0.000000 0.000000 0.126556 0.000000 0.000000 0.126556 0.000000 0.000000 0.126556 0.000000 0.000000 0.126556 0.000000 0.000000 0.126556 0.000000 0.000000 0.126556 0.000000 0.000000 0.126556 0.000000 0.000000 0.126556 0.000000 0.000000 0.126556 0.000000 0.000000 0.126556 0.000000 0.000000 0.126556 0.000000 0.000000 0.126556 0.000000 0.000000 0.126556 0.000000 0.000000
0 0.64392763 0.43593362 0.03360996 0.14502075 0.635373 0.390042 2.000000 0.637708 0.383817 2.000000 0.633039 0.385892 2.000000 0.641209 0.385892 2.000000 0.629538 0.390042 2.000000 0.649378 0.408714 2.000000 0.633039 0.410788 2.000000 0.657547 0.441909 2.000000 0.126556 0.000000 0.000000 0.642376 0.441909 2.000000 0.126556 0.000000 0.000000 0.647044 0.475104 2.000000 0.633039 0.475104 2.000000 0.645877 0.526971 1.000000 0.633039 0.522822 1.000000 0.126556 0.000000 0.000000 0.126556 0.000000 0.000000
0 0.5989569 0.42862034 0.050870076 0.13985479 0.588693 0.392116 2.000000 0.588693 0.385892 2.000000 0.126556 0.000000 0.000000 0.596862 0.381743 2.000000 0.126556 0.000000 0.000000 0.599196 0.400415 2.000000 0.615534 0.400415 2.000000 0.596862 0.441909 2.000000 0.126556 0.000000 0.000000 0.584025 0.437759 2.000000 0.126556 0.000000 0.000000 0.602697 0.477178 1.000000 0.615534 0.477178 2.000000 0.126556 0.000000 0.000000 0.126556 0.000000 0.000000 0.126556 0.000000 0.000000 0.126556 0.000000 0.000000
0 0.6511748 0.40243775 0.016244814 0.06375519 0.126556 0.000000 0.000000 0.126556 0.000000 0.000000 0.126556 0.000000 0.000000 0.126556 0.000000 0.000000 0.126556 0.000000 0.000000 0.126556 0.000000 0.000000 0.126556 0.000000 0.000000 0.126556 0.000000 0.000000 0.126556 0.000000 0.000000 0.126556 0.000000 0.000000 0.126556 0.000000 0.000000 0.126556 0.000000 0.000000 0.126556 0.000000 0.000000 0.126556 0.000000 0.000000 0.126556 0.000000 0.000000 0.126556 0.000000 0.000000 0.126556 0.000000 0.000000
0 0.85955656 0.41323653 0.027774896 0.16701247 0.126556 0.000000 0.000000 0.126556 0.000000 0.000000 0.126556 0.000000 0.000000 0.126556 0.000000 0.000000 0.126556 0.000000 0.000000 0.126556 0.000000 0.000000 0.126556 0.000000 0.000000 0.126556 0.000000 0.000000 0.126556 0.000000 0.000000 0.126556 0.000000 0.000000 0.126556 0.000000 0.000000 0.126556 0.000000 0.000000 0.126556 0.000000 0.000000 0.126556 0.000000 0.000000 0.126556 0.000000 0.000000 0.126556 0.000000 0.000000 0.126556 0.000000 0.000000
0 0.47665977 0.4782158 0.41078842 0.23443985 0.126556 0.000000 0.000000 0.126556 0.000000 0.000000 0.126556 0.000000 0.000000 0.126556 0.000000 0.000000 0.126556 0.000000 0.000000 0.126556 0.000000 0.000000 0.126556 0.000000 0.000000 0.126556 0.000000 0.000000 0.126556 0.000000 0.000000 0.126556 0.000000 0.000000 0.126556 0.000000 0.000000 0.126556 0.000000 0.000000 0.126556 0.000000 0.000000 0.126556 0.000000 0.000000 0.126556 0.000000 0.000000 0.126556 0.000000 0.000000 0.126556 0.000000 0.000000