0 0.3089697 0.5509961 0.30590332 0.7528125 0.339600 0.261719 2.000000 0.346191 0.250000 2.000000 0.333008 0.246094 2.000000 0.372559 0.257812 2.000000 0.148438 0.000000 0.000000 0.383545 0.273438 2.000000 0.325317 0.314453 2.000000 0.394531 0.332031 2.000000 0.397827 0.388672 2.000000 0.415405 0.283203 2.000000 0.437378 0.316406 2.000000 0.347290 0.500000 2.000000 0.302246 0.496094 2.000000 0.375854 0.687500 2.000000 0.269287 0.675781 2.000000 0.404419 0.861328 2.000000 0.185791 0.847656 2.000000
0 0.728598 0.71569335 0.24592896 0.45958984 0.755981 0.574219 2.000000 0.763672 0.552734 2.000000 0.757080 0.550781 2.000000 0.148438 0.000000 0.000000 0.148438 0.000000 0.000000 0.810913 0.630859 2.000000 0.785645 0.623047 2.000000 0.754883 0.732422 2.000000 0.148438 0.000000 0.000000 0.683472 0.744141 2.000000 0.148438 0.000000 0.000000 0.148438 0.000000 0.000000 0.148438 0.000000 0.000000 0.803223 0.726562 2.000000 0.790039 0.728516 2.000000 0.148438 0.000000 0.000000 0.808716 0.871094 2.000000
0 0.6213934 0.23430663 0.103414305 0.20853515 0.640625 0.185547 2.000000 0.642822 0.173828 2.000000 0.634033 0.175781 2.000000 0.148438 0.000000 0.000000 0.619751 0.191406 2.000000 0.663696 0.230469 2.000000 0.607666 0.238281 2.000000 0.148438 0.000000 0.000000 0.580200 0.300781 2.000000 0.148438 0.000000 0.000000 0.609863 0.333984 1.000000 0.148438 0.000000 0.000000 0.148438 0.000000 0.000000 0.630737 0.300781 1.000000 0.148438 0.000000 0.000000 0.588989 0.357422 1.000000 0.148438 0.000000 0.000000
0 0.6049964 0.10874023 0.055502933 0.15470703 0.615356 0.076172 2.000000 0.619751 0.070312 2.000000 0.610962 0.068359 2.000000 0.625244 0.083984 2.000000 0.601074 0.082031 2.000000 0.638428 0.125000 1.000000 0.591187 0.121094 2.000000 0.638428 0.181641 1.000000 0.580200 0.183594 1.000000 0.148438 0.000000 0.000000 0.148438 0.000000 0.000000 0.148438 0.000000 0.000000 0.148438 0.000000 0.000000 0.148438 0.000000 0.000000 0.148438 0.000000 0.000000 0.148438 0.000000 0.000000 0.148438 0.000000 0.000000
0 0.549801 0.19556642 0.056711424 0.17828125 0.534058 0.156250 2.000000 0.541748 0.152344 2.000000 0.530762 0.150391 2.000000 0.551636 0.158203 2.000000 0.525269 0.154297 2.000000 0.563721 0.208984 2.000000 0.520874 0.203125 1.000000 0.564819 0.271484 2.000000 0.148438 0.000000 0.000000 0.148438 0.000000 0.000000 0.148438 0.000000 0.000000 0.148438 0.000000 0.000000 0.148438 0.000000 0.000000 0.148438 0.000000 0.000000 0.148438 0.000000 0.000000 0.148438 0.000000 0.000000 0.148438 0.000000 0.000000
0 0.52920717 0.2605371 0.08062866 0.1515039 0.526367 0.226562 2.000000 0.531860 0.218750 2.000000 0.521973 0.218750 2.000000 0.538452 0.226562 2.000000 0.513184 0.226562 2.000000 0.551636 0.269531 2.000000 0.505493 0.267578 2.000000 0.560425 0.337891 1.000000 0.495605 0.332031 1.000000 0.541748 0.337891 1.000000 0.519775 0.269531 2.000000 0.148438 0.000000 0.000000 0.148438 0.000000 0.000000 0.148438 0.000000 0.000000 0.148438 0.000000 0.000000 0.148438 0.000000 0.000000 0.148438 0.000000 0.000000
0 0.45823544 0.19227539 0.090120845 0.19482422 0.473633 0.144531 2.000000 0.479126 0.134766 2.000000 0.468140 0.130859 2.000000 0.486816 0.148438 2.000000 0.457153 0.136719 2.000000 0.493408 0.191406 2.000000 0.434082 0.179688 2.000000 0.487915 0.277344 2.000000 0.415405 0.267578 1.000000 0.148438 0.000000 0.000000 0.148438 0.000000 0.000000 0.475830 0.298828 1.000000 0.438477 0.292969 1.000000 0.148438 0.000000 0.000000 0.148438 0.000000 0.000000 0.148438 0.000000 0.000000 0.148438 0.000000 0.000000
0 0.50734437 0.09293945 0.08930787 0.17732422 0.500000 0.048828 2.000000 0.505493 0.042969 2.000000 0.494507 0.042969 2.000000 0.518677 0.044922 2.000000 0.148438 0.000000 0.000000 0.532959 0.087891 2.000000 0.475830 0.087891 2.000000 0.148438 0.000000 0.000000 0.148438 0.000000 0.000000 0.148438 0.000000 0.000000 0.148438 0.000000 0.000000 0.148438 0.000000 0.000000 0.148438 0.000000 0.000000 0.148438 0.000000 0.000000 0.148438 0.000000 0.000000 0.148438 0.000000 0.000000 0.148438 0.000000 0.000000
0 0.6106433 0.07756836 0.10171142 0.15103516 0.593384 0.021484 2.000000 0.599976 0.013672 2.000000 0.594482 0.011719 2.000000 0.617554 0.019531 2.000000 0.148438 0.000000 0.000000 0.632935 0.060547 2.000000 0.583496 0.058594 2.000000 0.648315 0.105469 2.000000 0.575806 0.095703 2.000000 0.639526 0.148438 1.000000 0.586792 0.138672 1.000000 0.148438 0.000000 0.000000 0.148438 0.000000 0.000000 0.148438 0.000000 0.000000 0.148438 0.000000 0.000000 0.148438 0.000000 0.000000 0.148438 0.000000 0.000000
0 0.79701537 0.20521484 0.096789554 0.17800781 0.801025 0.189453 2.000000 0.806519 0.177734 2.000000 0.797729 0.177734 2.000000 0.818604 0.171875 2.000000 0.148438 0.000000 0.000000 0.831787 0.205078 2.000000 0.773560 0.201172 2.000000 0.837280 0.277344 2.000000 0.759277 0.265625 2.000000 0.810913 0.283203 2.000000 0.771362 0.257812 2.000000 0.148438 0.000000 0.000000 0.148438 0.000000 0.000000 0.148438 0.000000 0.000000 0.148438 0.000000 0.000000 0.148438 0.000000 0.000000 0.148438 0.000000 0.000000
0 0.18086365 0.22706054 0.06485229 0.40236327 0.151733 0.080078 2.000000 0.159424 0.068359 2.000000 0.148438 0.068359 1.000000 0.170410 0.074219 2.000000 0.148438 0.000000 0.000000 0.191284 0.121094 2.000000 0.148438 0.000000 0.000000 0.198975 0.218750 2.000000 0.148438 0.000000 0.000000 0.148438 0.000000 0.000000 0.148438 0.000000 0.000000 0.175903 0.257812 1.000000 0.148438 0.000000 0.000000 0.201172 0.267578 2.000000 0.148438 0.000000 0.000000 0.193481 0.394531 2.000000 0.148438 0.000000 0.000000
0 0.16983338 0.23986328 0.042791747 0.2673047 0.148438 0.000000 0.000000 0.148438 0.000000 0.000000 0.148438 0.000000 0.000000 0.153931 0.140625 2.000000 0.148438 0.000000 0.000000 0.171509 0.183594 2.000000 0.148438 0.000000 0.000000 0.192383 0.244141 1.000000 0.148438 0.000000 0.000000 0.174805 0.267578 2.000000 0.148438 0.000000 0.000000 0.162720 0.289062 2.000000 0.148438 0.000000 0.000000 0.171509 0.289062 2.000000 0.148438 0.000000 0.000000 0.155029 0.382812 1.000000 0.148438 0.000000 0.000000
0 0.66538817 0.363125 0.15448974 0.3339453 0.673584 0.261719 1.000000 0.676880 0.253906 1.000000 0.148438 0.000000 0.000000 0.699951 0.244141 2.000000 0.148438 0.000000 0.000000 0.719727 0.279297 2.000000 0.673584 0.285156 1.000000 0.694458 0.333984 2.000000 0.646118 0.332031 1.000000 0.671387 0.296875 2.000000 0.652710 0.296875 2.000000 0.712036 0.457031 2.000000 0.673584 0.457031 2.000000 0.673584 0.376953 2.000000 0.616455 0.453125 2.000000 0.658203 0.500000 2.000000 0.642822 0.562500 1.000000
0 0.5109863 0.30371094 0.6789551 0.6074219 0.148438 0.000000 0.000000 0.148438 0.000000 0.000000 0.148438 0.000000 0.000000 0.148438 0.000000 0.000000 0.148438 0.000000 0.000000 0.148438 0.000000 0.000000 0.148438 0.000000 0.000000 0.148438 0.000000 0.000000 0.148438 0.000000 0.000000 0.148438 0.000000 0.000000 0.148438 0.000000 0.000000 0.148438 0.000000 0.000000 0.148438 0.000000 0.000000 0.148438 0.000000 0.000000 0.148438 0.000000 0.000000 0.148438 0.000000 0.000000 0.148438 0.000000 0.000000