0 0.70460945 0.70793056 0.12578125 0.25058335 0.643750 0.630556 2.000000 0.648438 0.605556 2.000000 0.125000 0.000000 0.000000 0.685938 0.602778 2.000000 0.125000 0.000000 0.000000 0.729688 0.688889 2.000000 0.687500 0.650000 2.000000 0.710938 0.827778 1.000000 0.125000 0.000000 0.000000 0.645312 0.802778 1.000000 0.125000 0.000000 0.000000 0.125000 0.000000 0.000000 0.125000 0.000000 0.000000 0.125000 0.000000 0.000000 0.125000 0.000000 0.000000 0.125000 0.000000 0.000000 0.125000 0.000000 0.000000
0 0.61085945 0.56784725 0.0805 0.18580556 0.582812 0.577778 2.000000 0.585938 0.555556 2.000000 0.581250 0.561111 2.000000 0.607813 0.527778 2.000000 0.125000 0.000000 0.000000 0.679688 0.591667 1.000000 0.628125 0.588889 1.000000 0.657812 0.747222 1.000000 0.642187 0.722222 1.000000 0.585938 0.663889 1.000000 0.590625 0.669444 1.000000 0.125000 0.000000 0.000000 0.125000 0.000000 0.000000 0.125000 0.000000 0.000000 0.125000 0.000000 0.000000 0.125000 0.000000 0.000000 0.125000 0.000000 0.000000
0 0.5644063 0.5245972 0.049624998 0.18991669 0.546875 0.494444 2.000000 0.551562 0.483333 2.000000 0.546875 0.480556 2.000000 0.125000 0.000000 0.000000 0.571875 0.483333 2.000000 0.125000 0.000000 0.000000 0.570312 0.527778 2.000000 0.125000 0.000000 0.000000 0.559375 0.611111 2.000000 0.125000 0.000000 0.000000 0.548437 0.544444 2.000000 0.125000 0.000000 0.000000 0.125000 0.000000 0.000000 0.125000 0.000000 0.000000 0.125000 0.000000 0.000000 0.125000 0.000000 0.000000 0.125000 0.000000 0.000000
0 0.33095315 0.62755555 0.15218751 0.35744444 0.125000 0.000000 0.000000 0.125000 0.000000 0.000000 0.378125 0.522222 2.000000 0.125000 0.000000 0.000000 0.360938 0.530556 2.000000 0.321875 0.558333 2.000000 0.321875 0.611111 2.000000 0.125000 0.000000 0.000000 0.392188 0.733333 2.000000 0.125000 0.000000 0.000000 0.396875 0.613889 1.000000 0.276563 0.783333 1.000000 0.281250 0.816667 1.000000 0.125000 0.000000 0.000000 0.125000 0.000000 0.000000 0.125000 0.000000 0.000000 0.125000 0.000000 0.000000
0 0.3478125 0.7791944 0.22362499 0.4358333 0.429688 0.697222 2.000000 0.439063 0.686111 2.000000 0.429688 0.683333 2.000000 0.125000 0.000000 0.000000 0.401563 0.666667 2.000000 0.351562 0.666667 2.000000 0.343750 0.702778 2.000000 0.125000 0.000000 0.000000 0.329688 0.900000 2.000000 0.125000 0.000000 0.000000 0.392188 0.794444 2.000000 0.279687 0.902778 2.000000 0.260938 0.925000 2.000000 0.401563 0.861111 1.000000 0.404687 0.927778 1.000000 0.125000 0.000000 0.000000 0.125000 0.000000 0.000000
0 0.639961 0.8255278 0.24617189 0.34894446 0.125000 0.000000 0.000000 0.125000 0.000000 0.000000 0.125000 0.000000 0.000000 0.612500 0.788889 2.000000 0.125000 0.000000 0.000000 0.568750 0.950000 2.000000 0.732813 0.955556 2.000000 0.125000 0.000000 0.000000 0.125000 0.000000 0.000000 0.125000 0.000000 0.000000 0.125000 0.000000 0.000000 0.125000 0.000000 0.000000 0.125000 0.000000 0.000000 0.125000 0.000000 0.000000 0.125000 0.000000 0.000000 0.125000 0.000000 0.000000 0.125000 0.000000 0.000000
0 0.38032815 0.5385417 0.057125006 0.18130556 0.125000 0.000000 0.000000 0.125000 0.000000 0.000000 0.125000 0.000000 0.000000 0.125000 0.000000 0.000000 0.125000 0.000000 0.000000 0.125000 0.000000 0.000000 0.125000 0.000000 0.000000 0.125000 0.000000 0.000000 0.125000 0.000000 0.000000 0.125000 0.000000 0.000000 0.125000 0.000000 0.000000 0.125000 0.000000 0.000000 0.125000 0.000000 0.000000 0.125000 0.000000 0.000000 0.125000 0.000000 0.000000 0.125000 0.000000 0.000000 0.125000 0.000000 0.000000
0 0.45797655 0.4792222 0.08364062 0.14733332 0.456250 0.466667 2.000000 0.460938 0.455556 2.000000 0.451562 0.452778 2.000000 0.467187 0.455556 2.000000 0.442187 0.452778 2.000000 0.479688 0.480556 2.000000 0.426562 0.472222 2.000000 0.482812 0.536111 2.000000 0.415625 0.522222 1.000000 0.485938 0.538889 2.000000 0.125000 0.000000 0.000000 0.125000 0.000000 0.000000 0.125000 0.000000 0.000000 0.125000 0.000000 0.000000 0.125000 0.000000 0.000000 0.125000 0.000000 0.000000 0.125000 0.000000 0.000000
0 0.78546876 0.81 0.1790625 0.38000003 0.753125 0.755556 2.000000 0.754687 0.741667 2.000000 0.125000 0.000000 0.000000 0.792188 0.730556 2.000000 0.125000 0.000000 0.000000 0.832812 0.813889 2.000000 0.798437 0.791667 2.000000 0.796875 0.986111 2.000000 0.787500 0.877778 2.000000 0.739062 0.866667 2.000000 0.745313 0.822222 2.000000 0.125000 0.000000 0.000000 0.125000 0.000000 0.000000 0.125000 0.000000 0.000000 0.125000 0.000000 0.000000 0.125000 0.000000 0.000000 0.125000 0.000000 0.000000
0 0.34728128 0.47805554 0.086406246 0.15811111 0.125000 0.000000 0.000000 0.125000 0.000000 0.000000 0.125000 0.000000 0.000000 0.125000 0.000000 0.000000 0.125000 0.000000 0.000000 0.125000 0.000000 0.000000 0.125000 0.000000 0.000000 0.125000 0.000000 0.000000 0.125000 0.000000 0.000000 0.125000 0.000000 0.000000 0.125000 0.000000 0.000000 0.125000 0.000000 0.000000 0.125000 0.000000 0.000000 0.125000 0.000000 0.000000 0.125000 0.000000 0.000000 0.125000 0.000000 0.000000 0.125000 0.000000 0.000000
0 0.6394688 0.49943057 0.06534375 0.072916664 0.125000 0.000000 0.000000 0.125000 0.000000 0.000000 0.125000 0.000000 0.000000 0.125000 0.000000 0.000000 0.125000 0.000000 0.000000 0.125000 0.000000 0.000000 0.125000 0.000000 0.000000 0.125000 0.000000 0.000000 0.125000 0.000000 0.000000 0.125000 0.000000 0.000000 0.125000 0.000000 0.000000 0.125000 0.000000 0.000000 0.125000 0.000000 0.000000 0.125000 0.000000 0.000000 0.125000 0.000000 0.000000 0.125000 0.000000 0.000000 0.125000 0.000000 0.000000