0 0.34350196 0.53172916 0.02288672 0.13816667 0.125000 0.000000 0.000000 0.125000 0.000000 0.000000 0.125000 0.000000 0.000000 0.125000 0.000000 0.000000 0.125000 0.000000 0.000000 0.125000 0.000000 0.000000 0.125000 0.000000 0.000000 0.125000 0.000000 0.000000 0.125000 0.000000 0.000000 0.125000 0.000000 0.000000 0.125000 0.000000 0.000000 0.125000 0.000000 0.000000 0.125000 0.000000 0.000000 0.125000 0.000000 0.000000 0.125000 0.000000 0.000000 0.125000 0.000000 0.000000 0.125000 0.000000 0.000000
0 0.42220506 0.5221563 0.024457032 0.16102083 0.125000 0.000000 0.000000 0.125000 0.000000 0.000000 0.125000 0.000000 0.000000 0.125000 0.000000 0.000000 0.125000 0.000000 0.000000 0.125000 0.000000 0.000000 0.125000 0.000000 0.000000 0.125000 0.000000 0.000000 0.125000 0.000000 0.000000 0.125000 0.000000 0.000000 0.125000 0.000000 0.000000 0.125000 0.000000 0.000000 0.125000 0.000000 0.000000 0.125000 0.000000 0.000000 0.125000 0.000000 0.000000 0.125000 0.000000 0.000000 0.125000 0.000000 0.000000
0 0.49384767 0.5579375 0.032671876 0.16649999 0.125000 0.000000 0.000000 0.125000 0.000000 0.000000 0.125000 0.000000 0.000000 0.125000 0.000000 0.000000 0.125000 0.000000 0.000000 0.483594 0.512500 2.000000 0.495313 0.512500 2.000000 0.480078 0.535417 2.000000 0.501172 0.529167 2.000000 0.125000 0.000000 0.000000 0.503516 0.539583 2.000000 0.487109 0.562500 2.000000 0.497656 0.562500 2.000000 0.488281 0.593750 2.000000 0.500000 0.595833 2.000000 0.488281 0.633333 2.000000 0.500000 0.635417 2.000000
0 0.52725196 0.5071146 0.03774609 0.061770834 0.125000 0.000000 0.000000 0.125000 0.000000 0.000000 0.125000 0.000000 0.000000 0.125000 0.000000 0.000000 0.125000 0.000000 0.000000 0.125000 0.000000 0.000000 0.125000 0.000000 0.000000 0.125000 0.000000 0.000000 0.125000 0.000000 0.000000 0.125000 0.000000 0.000000 0.125000 0.000000 0.000000 0.125000 0.000000 0.000000 0.125000 0.000000 0.000000 0.125000 0.000000 0.000000 0.125000 0.000000 0.000000 0.125000 0.000000 0.000000 0.125000 0.000000 0.000000
0 0.61687106 0.6053646 0.0526875 0.13010417 0.599609 0.564583 1.000000 0.599609 0.560417 2.000000 0.125000 0.000000 0.000000 0.600781 0.560417 2.000000 0.125000 0.000000 0.000000 0.618359 0.562500 2.000000 0.604297 0.564583 2.000000 0.624219 0.591667 2.000000 0.607813 0.589583 2.000000 0.616016 0.618750 2.000000 0.608984 0.612500 2.000000 0.635938 0.566667 2.000000 0.624219 0.570833 2.000000 0.631250 0.612500 2.000000 0.626562 0.612500 2.000000 0.630078 0.656250 2.000000 0.626562 0.654167 1.000000
0 0.63218755 0.5066458 0.02758594 0.09229166 0.125000 0.000000 0.000000 0.125000 0.000000 0.000000 0.125000 0.000000 0.000000 0.125000 0.000000 0.000000 0.125000 0.000000 0.000000 0.125000 0.000000 0.000000 0.125000 0.000000 0.000000 0.125000 0.000000 0.000000 0.125000 0.000000 0.000000 0.125000 0.000000 0.000000 0.125000 0.000000 0.000000 0.125000 0.000000 0.000000 0.125000 0.000000 0.000000 0.125000 0.000000 0.000000 0.125000 0.000000 0.000000 0.125000 0.000000 0.000000 0.125000 0.000000 0.000000
0 0.67690045 0.54585415 0.029261718 0.14583333 0.664062 0.493750 1.000000 0.664062 0.489583 1.000000 0.125000 0.000000 0.000000 0.666406 0.489583 2.000000 0.125000 0.000000 0.000000 0.669922 0.516667 2.000000 0.680469 0.506250 2.000000 0.668750 0.552083 2.000000 0.125000 0.000000 0.000000 0.665234 0.572917 2.000000 0.125000 0.000000 0.000000 0.675781 0.577083 2.000000 0.683984 0.568750 2.000000 0.125000 0.000000 0.000000 0.125000 0.000000 0.000000 0.125000 0.000000 0.000000 0.125000 0.000000 0.000000
0 0.73997074 0.5546875 0.024222655 0.17475 0.125000 0.000000 0.000000 0.125000 0.000000 0.000000 0.125000 0.000000 0.000000 0.125000 0.000000 0.000000 0.125000 0.000000 0.000000 0.125000 0.000000 0.000000 0.125000 0.000000 0.000000 0.125000 0.000000 0.000000 0.125000 0.000000 0.000000 0.125000 0.000000 0.000000 0.125000 0.000000 0.000000 0.125000 0.000000 0.000000 0.125000 0.000000 0.000000 0.125000 0.000000 0.000000 0.125000 0.000000 0.000000 0.125000 0.000000 0.000000 0.125000 0.000000 0.000000
0 0.75319535 0.54276043 0.017273437 0.1468125 0.125000 0.000000 0.000000 0.125000 0.000000 0.000000 0.125000 0.000000 0.000000 0.125000 0.000000 0.000000 0.125000 0.000000 0.000000 0.125000 0.000000 0.000000 0.125000 0.000000 0.000000 0.125000 0.000000 0.000000 0.125000 0.000000 0.000000 0.125000 0.000000 0.000000 0.125000 0.000000 0.000000 0.125000 0.000000 0.000000 0.125000 0.000000 0.000000 0.125000 0.000000 0.000000 0.125000 0.000000 0.000000 0.125000 0.000000 0.000000 0.125000 0.000000 0.000000
0 0.5967792 0.5334896 0.033925783 0.1773125 0.590234 0.466667 2.000000 0.590234 0.464583 2.000000 0.125000 0.000000 0.000000 0.594922 0.460417 2.000000 0.125000 0.000000 0.000000 0.598437 0.483333 2.000000 0.605469 0.477083 2.000000 0.596094 0.522917 2.000000 0.594922 0.512500 2.000000 0.593750 0.543750 1.000000 0.587891 0.529167 2.000000 0.597266 0.547917 1.000000 0.605469 0.547917 1.000000 0.591406 0.587500 2.000000 0.601953 0.589583 2.000000 0.590234 0.625000 1.000000 0.601953 0.620833 1.000000
0 0.50135934 0.49123955 0.017015627 0.04839583 0.125000 0.000000 0.000000 0.125000 0.000000 0.000000 0.125000 0.000000 0.000000 0.125000 0.000000 0.000000 0.125000 0.000000 0.000000 0.125000 0.000000 0.000000 0.125000 0.000000 0.000000 0.125000 0.000000 0.000000 0.125000 0.000000 0.000000 0.125000 0.000000 0.000000 0.125000 0.000000 0.000000 0.125000 0.000000 0.000000 0.125000 0.000000 0.000000 0.125000 0.000000 0.000000 0.125000 0.000000 0.000000 0.125000 0.000000 0.000000 0.125000 0.000000 0.000000