0 0.42661032 0.6685412 0.41712353 0.6629176 0.388824 0.430588 2.000000 0.400735 0.409412 2.000000 0.076471 0.000000 0.000000 0.441765 0.418824 2.000000 0.076471 0.000000 0.000000 0.484118 0.487059 2.000000 0.421912 0.583529 2.000000 0.554265 0.628235 2.000000 0.371618 0.689412 2.000000 0.439118 0.637647 2.000000 0.286912 0.651765 2.000000 0.580735 0.821176 2.000000 0.525147 0.781176 2.000000 0.408677 0.952941 1.000000 0.076471 0.000000 0.000000 0.076471 0.000000 0.000000 0.076471 0.000000 0.000000
0 0.37881768 0.62691766 0.07671177 0.51289415 0.359706 0.411765 2.000000 0.370294 0.404706 2.000000 0.076471 0.000000 0.000000 0.388824 0.407059 2.000000 0.076471 0.000000 0.000000 0.399412 0.475294 1.000000 0.366324 0.477647 2.000000 0.403382 0.562353 2.000000 0.076471 0.000000 0.000000 0.363676 0.557647 2.000000 0.076471 0.000000 0.000000 0.395441 0.632941 1.000000 0.365000 0.625882 2.000000 0.383529 0.752941 2.000000 0.359706 0.738824 2.000000 0.395441 0.868235 2.000000 0.366324 0.856471 2.000000
0 0.19270293 0.6051177 0.083620586 0.2846353 0.230000 0.496471 2.000000 0.076471 0.000000 0.000000 0.227353 0.489412 2.000000 0.076471 0.000000 0.000000 0.218088 0.489412 2.000000 0.210147 0.505882 2.000000 0.208824 0.505882 2.000000 0.076471 0.000000 0.000000 0.196912 0.543529 2.000000 0.076471 0.000000 0.000000 0.211471 0.541176 2.000000 0.196912 0.581176 2.000000 0.192941 0.581176 2.000000 0.210147 0.654118 2.000000 0.192941 0.654118 2.000000 0.208824 0.717647 2.000000 0.167794 0.698824 2.000000
0 0.11283456 0.6207294 0.034451474 0.13670588 0.076471 0.000000 0.000000 0.076471 0.000000 0.000000 0.076471 0.000000 0.000000 0.076471 0.000000 0.000000 0.076471 0.000000 0.000000 0.076471 0.000000 0.000000 0.076471 0.000000 0.000000 0.076471 0.000000 0.000000 0.076471 0.000000 0.000000 0.076471 0.000000 0.000000 0.076471 0.000000 0.000000 0.076471 0.000000 0.000000 0.076471 0.000000 0.000000 0.076471 0.000000 0.000000 0.076471 0.000000 0.000000 0.076471 0.000000 0.000000 0.076471 0.000000 0.000000
0 0.7278787 0.6540118 0.10383088 0.41098824 0.721029 0.491765 2.000000 0.726323 0.484706 2.000000 0.715735 0.482353 2.000000 0.734265 0.494118 2.000000 0.076471 0.000000 0.000000 0.736912 0.536471 2.000000 0.706471 0.534118 2.000000 0.770000 0.520000 2.000000 0.682647 0.576471 2.000000 0.746176 0.503529 2.000000 0.697206 0.597647 2.000000 0.735588 0.644706 2.000000 0.711765 0.647059 2.000000 0.734265 0.736471 2.000000 0.725000 0.722353 2.000000 0.701176 0.797647 2.000000 0.730294 0.818824 2.000000
0 0.8038691 0.6246118 0.034597058 0.17374118 0.803088 0.552941 2.000000 0.805735 0.550588 2.000000 0.801765 0.550588 2.000000 0.808382 0.555294 2.000000 0.800441 0.552941 2.000000 0.815000 0.571765 2.000000 0.793824 0.574118 2.000000 0.816324 0.595294 2.000000 0.791176 0.597647 2.000000 0.816324 0.621176 2.000000 0.788529 0.621176 2.000000 0.807059 0.621176 2.000000 0.796471 0.618824 2.000000 0.809706 0.661177 2.000000 0.797794 0.663529 2.000000 0.811029 0.696471 2.000000 0.799118 0.691765 2.000000
0 0.85440147 0.63122356 0.03195 0.16508237 0.076471 0.000000 0.000000 0.076471 0.000000 0.000000 0.076471 0.000000 0.000000 0.076471 0.000000 0.000000 0.076471 0.000000 0.000000 0.076471 0.000000 0.000000 0.076471 0.000000 0.000000 0.076471 0.000000 0.000000 0.076471 0.000000 0.000000 0.076471 0.000000 0.000000 0.076471 0.000000 0.000000 0.076471 0.000000 0.000000 0.076471 0.000000 0.000000 0.076471 0.000000 0.000000 0.076471 0.000000 0.000000 0.076471 0.000000 0.000000 0.076471 0.000000 0.000000
0 0.6289978 0.6064824 0.024207355 0.1076 0.076471 0.000000 0.000000 0.076471 0.000000 0.000000 0.076471 0.000000 0.000000 0.076471 0.000000 0.000000 0.076471 0.000000 0.000000 0.076471 0.000000 0.000000 0.076471 0.000000 0.000000 0.076471 0.000000 0.000000 0.076471 0.000000 0.000000 0.076471 0.000000 0.000000 0.076471 0.000000 0.000000 0.076471 0.000000 0.000000 0.076471 0.000000 0.000000 0.076471 0.000000 0.000000 0.076471 0.000000 0.000000 0.076471 0.000000 0.000000 0.076471 0.000000 0.000000
0 0.64844704 0.6218118 0.032161765 0.10974117 0.076471 0.000000 0.000000 0.076471 0.000000 0.000000 0.076471 0.000000 0.000000 0.076471 0.000000 0.000000 0.076471 0.000000 0.000000 0.076471 0.000000 0.000000 0.076471 0.000000 0.000000 0.076471 0.000000 0.000000 0.076471 0.000000 0.000000 0.076471 0.000000 0.000000 0.076471 0.000000 0.000000 0.076471 0.000000 0.000000 0.076471 0.000000 0.000000 0.076471 0.000000 0.000000 0.076471 0.000000 0.000000 0.076471 0.000000 0.000000 0.076471 0.000000 0.000000
0 0.6265162 0.69212943 0.043252945 0.12496471 0.076471 0.000000 0.000000 0.076471 0.000000 0.000000 0.076471 0.000000 0.000000 0.076471 0.000000 0.000000 0.076471 0.000000 0.000000 0.076471 0.000000 0.000000 0.076471 0.000000 0.000000 0.076471 0.000000 0.000000 0.076471 0.000000 0.000000 0.076471 0.000000 0.000000 0.076471 0.000000 0.000000 0.076471 0.000000 0.000000 0.076471 0.000000 0.000000 0.076471 0.000000 0.000000 0.076471 0.000000 0.000000 0.076471 0.000000 0.000000 0.076471 0.000000 0.000000
0 0.27185664 0.58903533 0.01692794 0.08705882 0.076471 0.000000 0.000000 0.076471 0.000000 0.000000 0.076471 0.000000 0.000000 0.076471 0.000000 0.000000 0.076471 0.000000 0.000000 0.076471 0.000000 0.000000 0.076471 0.000000 0.000000 0.076471 0.000000 0.000000 0.076471 0.000000 0.000000 0.076471 0.000000 0.000000 0.076471 0.000000 0.000000 0.076471 0.000000 0.000000 0.076471 0.000000 0.000000 0.076471 0.000000 0.000000 0.076471 0.000000 0.000000 0.076471 0.000000 0.000000 0.076471 0.000000 0.000000
0 0.76029193 0.62818825 0.031460296 0.16536471 0.751471 0.562353 2.000000 0.752794 0.557647 2.000000 0.750147 0.560000 2.000000 0.076471 0.000000 0.000000 0.076471 0.000000 0.000000 0.762059 0.578824 2.000000 0.750147 0.583529 2.000000 0.772647 0.595294 2.000000 0.076471 0.000000 0.000000 0.766029 0.609412 2.000000 0.076471 0.000000 0.000000 0.760735 0.623529 2.000000 0.751471 0.621176 2.000000 0.760735 0.665882 2.000000 0.752794 0.665882 2.000000 0.760735 0.696471 2.000000 0.754118 0.689412 2.000000
0 0.8995735 0.64437646 0.026708825 0.15788235 0.076471 0.000000 0.000000 0.076471 0.000000 0.000000 0.076471 0.000000 0.000000 0.076471 0.000000 0.000000 0.076471 0.000000 0.000000 0.076471 0.000000 0.000000 0.076471 0.000000 0.000000 0.076471 0.000000 0.000000 0.076471 0.000000 0.000000 0.076471 0.000000 0.000000 0.076471 0.000000 0.000000 0.076471 0.000000 0.000000 0.076471 0.000000 0.000000 0.076471 0.000000 0.000000 0.076471 0.000000 0.000000 0.076471 0.000000 0.000000 0.076471 0.000000 0.000000
0 0.4854412 0.64117646 0.81794125 0.23764707 0.076471 0.000000 0.000000 0.076471 0.000000 0.000000 0.076471 0.000000 0.000000 0.076471 0.000000 0.000000 0.076471 0.000000 0.000000 0.076471 0.000000 0.000000 0.076471 0.000000 0.000000 0.076471 0.000000 0.000000 0.076471 0.000000 0.000000 0.076471 0.000000 0.000000 0.076471 0.000000 0.000000 0.076471 0.000000 0.000000 0.076471 0.000000 0.000000 0.076471 0.000000 0.000000 0.076471 0.000000 0.000000 0.076471 0.000000 0.000000 0.076471 0.000000 0.000000