0 0.86161715 0.4438611 0.026421875 0.10122222 0.000000 0.056944 0.000000 0.000000 0.056944 0.000000 0.000000 0.056944 0.000000 0.000000 0.056944 0.000000 0.000000 0.056944 0.000000 0.000000 0.056944 0.000000 0.000000 0.056944 0.000000 0.000000 0.056944 0.000000 0.000000 0.056944 0.000000 0.000000 0.056944 0.000000 0.000000 0.056944 0.000000 0.000000 0.056944 0.000000 0.000000 0.056944 0.000000 0.000000 0.056944 0.000000 0.000000 0.056944 0.000000 0.000000 0.056944 0.000000 0.000000 0.056944 0.000000
0 0.9054375 0.440125 0.025875 0.06786111 0.000000 0.056944 0.000000 0.000000 0.056944 0.000000 0.000000 0.056944 0.000000 0.000000 0.056944 0.000000 0.000000 0.056944 0.000000 0.000000 0.056944 0.000000 0.000000 0.056944 0.000000 0.000000 0.056944 0.000000 0.000000 0.056944 0.000000 0.000000 0.056944 0.000000 0.000000 0.056944 0.000000 0.000000 0.056944 0.000000 0.000000 0.056944 0.000000 0.000000 0.056944 0.000000 0.000000 0.056944 0.000000 0.000000 0.056944 0.000000 0.000000 0.056944 0.000000
0 0.83356255 0.48040274 0.030125001 0.13130556 0.000000 0.056944 0.000000 0.000000 0.056944 0.000000 0.000000 0.056944 0.000000 0.000000 0.056944 0.000000 0.000000 0.056944 0.000000 0.000000 0.056944 0.000000 0.000000 0.056944 0.000000 0.000000 0.056944 0.000000 0.000000 0.056944 0.000000 0.000000 0.056944 0.000000 0.000000 0.056944 0.000000 0.000000 0.056944 0.000000 0.000000 0.056944 0.000000 0.000000 0.056944 0.000000 0.000000 0.056944 0.000000 0.000000 0.056944 0.000000 0.000000 0.056944 0.000000
0 0.14720313 0.4020833 0.039874997 0.082555555 0.000000 0.056944 0.000000 0.000000 0.056944 0.000000 0.000000 0.056944 0.000000 0.000000 0.056944 0.000000 0.000000 0.056944 0.000000 0.000000 0.056944 0.000000 0.000000 0.056944 0.000000 0.000000 0.056944 0.000000 0.000000 0.056944 0.000000 0.000000 0.056944 0.000000 0.000000 0.056944 0.000000 0.000000 0.056944 0.000000 0.000000 0.056944 0.000000 0.000000 0.056944 0.000000 0.000000 0.056944 0.000000 0.000000 0.056944 0.000000 0.000000 0.056944 0.000000
0 0.139125 0.40824997 0.0331875 0.06733333 0.000000 0.056944 0.000000 0.000000 0.056944 0.000000 0.000000 0.056944 0.000000 0.000000 0.056944 0.000000 0.000000 0.056944 0.000000 0.000000 0.056944 0.000000 0.000000 0.056944 0.000000 0.000000 0.056944 0.000000 0.000000 0.056944 0.000000 0.000000 0.056944 0.000000 0.000000 0.056944 0.000000 0.000000 0.056944 0.000000 0.000000 0.056944 0.000000 0.000000 0.056944 0.000000 0.000000 0.056944 0.000000 0.000000 0.056944 0.000000 0.000000 0.056944 0.000000
0 0.9253672 0.4407222 0.015203124 0.061444446 0.000000 0.056944 0.000000 0.000000 0.056944 0.000000 0.000000 0.056944 0.000000 0.000000 0.056944 0.000000 0.000000 0.056944 0.000000 0.000000 0.056944 0.000000 0.000000 0.056944 0.000000 0.000000 0.056944 0.000000 0.000000 0.056944 0.000000 0.000000 0.056944 0.000000 0.000000 0.056944 0.000000 0.000000 0.056944 0.000000 0.000000 0.056944 0.000000 0.000000 0.056944 0.000000 0.000000 0.056944 0.000000 0.000000 0.056944 0.000000 0.000000 0.056944 0.000000
0 0.9484297 0.4375278 0.016390625 0.04111111 0.000000 0.056944 0.000000 0.000000 0.056944 0.000000 0.000000 0.056944 0.000000 0.000000 0.056944 0.000000 0.000000 0.056944 0.000000 0.000000 0.056944 0.000000 0.000000 0.056944 0.000000 0.000000 0.056944 0.000000 0.000000 0.056944 0.000000 0.000000 0.056944 0.000000 0.000000 0.056944 0.000000 0.000000 0.056944 0.000000 0.000000 0.056944 0.000000 0.000000 0.056944 0.000000 0.000000 0.056944 0.000000 0.000000 0.056944 0.000000 0.000000 0.056944 0.000000
0 0.29403907 0.5314584 0.07245313 0.10430555 0.000000 0.056944 0.000000 0.000000 0.056944 0.000000 0.000000 0.056944 0.000000 0.000000 0.056944 0.000000 0.000000 0.056944 0.000000 0.000000 0.056944 0.000000 0.000000 0.056944 0.000000 0.000000 0.056944 0.000000 0.000000 0.056944 0.000000 0.000000 0.056944 0.000000 0.000000 0.056944 0.000000 0.000000 0.056944 0.000000 0.000000 0.056944 0.000000 0.000000 0.056944 0.000000 0.000000 0.056944 0.000000 0.000000 0.056944 0.000000 0.000000 0.056944 0.000000
0 0.9640313 0.4224028 0.01590625 0.036416665 0.000000 0.056944 0.000000 0.000000 0.056944 0.000000 0.000000 0.056944 0.000000 0.000000 0.056944 0.000000 0.000000 0.056944 0.000000 0.000000 0.056944 0.000000 0.000000 0.056944 0.000000 0.000000 0.056944 0.000000 0.000000 0.056944 0.000000 0.000000 0.056944 0.000000 0.000000 0.056944 0.000000 0.000000 0.056944 0.000000 0.000000 0.056944 0.000000 0.000000 0.056944 0.000000 0.000000 0.056944 0.000000 0.000000 0.056944 0.000000 0.000000 0.056944 0.000000
0 0.89659375 0.4384722 0.02140625 0.07816666 0.000000 0.056944 0.000000 0.000000 0.056944 0.000000 0.000000 0.056944 0.000000 0.000000 0.056944 0.000000 0.000000 0.056944 0.000000 0.000000 0.056944 0.000000 0.000000 0.056944 0.000000 0.000000 0.056944 0.000000 0.000000 0.056944 0.000000 0.000000 0.056944 0.000000 0.000000 0.056944 0.000000 0.000000 0.056944 0.000000 0.000000 0.056944 0.000000 0.000000 0.056944 0.000000 0.000000 0.056944 0.000000 0.000000 0.056944 0.000000 0.000000 0.056944 0.000000
0 0.8247265 0.47465277 0.018796874 0.13536112 0.000000 0.056944 0.000000 0.000000 0.056944 0.000000 0.000000 0.056944 0.000000 0.000000 0.056944 0.000000 0.000000 0.056944 0.000000 0.000000 0.056944 0.000000 0.000000 0.056944 0.000000 0.000000 0.056944 0.000000 0.000000 0.056944 0.000000 0.000000 0.056944 0.000000 0.000000 0.056944 0.000000 0.000000 0.056944 0.000000 0.000000 0.056944 0.000000 0.000000 0.056944 0.000000 0.000000 0.056944 0.000000 0.000000 0.056944 0.000000 0.000000 0.056944 0.000000