0 0.40903905 0.5825833 0.19517188 0.567 0.410937 0.365278 2.000000 0.418750 0.354167 2.000000 0.000000 0.001389 0.000000 0.437500 0.354167 2.000000 0.000000 0.001389 0.000000 0.462500 0.395833 2.000000 0.390625 0.409722 2.000000 0.465625 0.468056 2.000000 0.365625 0.490278 2.000000 0.467187 0.526389 2.000000 0.373437 0.587500 2.000000 0.435937 0.548611 2.000000 0.396875 0.548611 2.000000 0.467187 0.662500 2.000000 0.378125 0.670833 2.000000 0.481250 0.818056 2.000000 0.326562 0.809722 2.000000
0 0.6223672 0.16993055 0.055640627 0.12613888 0.618750 0.140278 2.000000 0.623438 0.134722 2.000000 0.615625 0.134722 2.000000 0.628125 0.134722 2.000000 0.609375 0.140278 2.000000 0.642187 0.176389 2.000000 0.601562 0.179167 2.000000 0.643750 0.226389 2.000000 0.603125 0.223611 2.000000 0.620313 0.220833 2.000000 0.635938 0.218056 2.000000 0.000000 0.001389 0.000000 0.000000 0.001389 0.000000 0.000000 0.001389 0.000000 0.000000 0.001389 0.000000 0.000000 0.001389 0.000000 0.000000 0.001389 0.000000
0 0.20082031 0.16538888 0.07270312 0.13094445 0.203125 0.134722 2.000000 0.207813 0.126389 2.000000 0.198437 0.126389 2.000000 0.000000 0.001389 0.000000 0.193750 0.131944 2.000000 0.225000 0.170833 2.000000 0.182812 0.173611 2.000000 0.229687 0.215278 2.000000 0.170312 0.212500 2.000000 0.000000 0.001389 0.000000 0.000000 0.001389 0.000000 0.214062 0.251389 1.000000 0.181250 0.251389 1.000000 0.000000 0.001389 0.000000 0.000000 0.001389 0.000000 0.000000 0.001389 0.000000 0.000000 0.001389 0.000000
0 0.24662498 0.11791666 0.061375 0.20166665 0.242188 0.056944 2.000000 0.243750 0.051389 2.000000 0.235938 0.054167 2.000000 0.251563 0.054167 2.000000 0.232812 0.059722 2.000000 0.260938 0.098611 2.000000 0.226562 0.101389 2.000000 0.275000 0.151389 1.000000 0.220313 0.154167 1.000000 0.251563 0.148611 2.000000 0.234375 0.143056 2.000000 0.251563 0.173611 2.000000 0.228125 0.173611 1.000000 0.253125 0.187500 2.000000 0.221875 0.184722 1.000000 0.000000 0.001389 0.000000 0.000000 0.001389 0.000000
0 0.8123203 0.16229166 0.086140625 0.14269444 0.812500 0.126389 2.000000 0.817187 0.120833 2.000000 0.809375 0.120833 2.000000 0.825000 0.123611 2.000000 0.000000 0.001389 0.000000 0.839063 0.184722 2.000000 0.792188 0.170833 2.000000 0.000000 0.001389 0.000000 0.779688 0.226389 2.000000 0.000000 0.001389 0.000000 0.000000 0.001389 0.000000 0.000000 0.001389 0.000000 0.000000 0.001389 0.000000 0.000000 0.001389 0.000000 0.000000 0.001389 0.000000 0.000000 0.001389 0.000000 0.000000 0.001389 0.000000
0 0.49332812 0.16375001 0.056718748 0.13444446 0.490625 0.131944 2.000000 0.493750 0.123611 2.000000 0.487500 0.126389 2.000000 0.501562 0.131944 2.000000 0.482812 0.134722 2.000000 0.510938 0.179167 2.000000 0.473437 0.179167 2.000000 0.510938 0.229167 2.000000 0.468750 0.229167 1.000000 0.000000 0.001389 0.000000 0.000000 0.001389 0.000000 0.000000 0.001389 0.000000 0.000000 0.001389 0.000000 0.000000 0.001389 0.000000 0.000000 0.001389 0.000000 0.000000 0.001389 0.000000 0.000000 0.001389 0.000000
0 0.68288285 0.16927779 0.061765622 0.123777784 0.675000 0.145833 2.000000 0.678125 0.140278 2.000000 0.670313 0.140278 2.000000 0.687500 0.143056 2.000000 0.000000 0.001389 0.000000 0.704687 0.176389 2.000000 0.660937 0.176389 2.000000 0.704687 0.229167 2.000000 0.660937 0.226389 2.000000 0.000000 0.001389 0.000000 0.000000 0.001389 0.000000 0.000000 0.001389 0.000000 0.000000 0.001389 0.000000 0.000000 0.001389 0.000000 0.000000 0.001389 0.000000 0.000000 0.001389 0.000000 0.000000 0.001389 0.000000
0 0.53581244 0.11444444 0.055937495 0.15461111 0.539062 0.068056 2.000000 0.542188 0.062500 2.000000 0.532812 0.062500 2.000000 0.000000 0.001389 0.000000 0.000000 0.001389 0.000000 0.550000 0.101389 2.000000 0.518750 0.106944 2.000000 0.557813 0.151389 1.000000 0.514063 0.159722 2.000000 0.546875 0.168056 1.000000 0.525000 0.173611 2.000000 0.548437 0.176389 1.000000 0.521875 0.181944 2.000000 0.000000 0.001389 0.000000 0.526563 0.201389 1.000000 0.000000 0.001389 0.000000 0.000000 0.001389 0.000000
0 0.5413906 0.18523611 0.0483125 0.09336111 0.000000 0.001389 0.000000 0.000000 0.001389 0.000000 0.000000 0.001389 0.000000 0.000000 0.001389 0.000000 0.000000 0.001389 0.000000 0.000000 0.001389 0.000000 0.000000 0.001389 0.000000 0.000000 0.001389 0.000000 0.000000 0.001389 0.000000 0.000000 0.001389 0.000000 0.000000 0.001389 0.000000 0.000000 0.001389 0.000000 0.000000 0.001389 0.000000 0.000000 0.001389 0.000000 0.000000 0.001389 0.000000 0.000000 0.001389 0.000000 0.000000 0.001389 0.000000
0 0.14621875 0.16722223 0.060500003 0.13444446 0.146875 0.134722 2.000000 0.150000 0.126389 2.000000 0.142188 0.126389 2.000000 0.156250 0.129167 2.000000 0.137500 0.134722 2.000000 0.165625 0.168056 2.000000 0.132812 0.170833 2.000000 0.190625 0.159722 1.000000 0.120312 0.218056 2.000000 0.165625 0.148611 1.000000 0.000000 0.001389 0.000000 0.160938 0.243056 1.000000 0.132812 0.240278 1.000000 0.000000 0.001389 0.000000 0.000000 0.001389 0.000000 0.000000 0.001389 0.000000 0.000000 0.001389 0.000000
0 0.8989297 0.46625 0.09860937 0.20133333 0.885938 0.418056 2.000000 0.890625 0.409722 2.000000 0.882812 0.409722 2.000000 0.901563 0.406944 2.000000 0.000000 0.001389 0.000000 0.910937 0.409722 2.000000 0.876562 0.412500 2.000000 0.925000 0.473611 2.000000 0.867188 0.481944 2.000000 0.932813 0.543056 2.000000 0.864062 0.540278 2.000000 0.914062 0.456944 2.000000 0.895312 0.456944 2.000000 0.920313 0.531944 2.000000 0.895312 0.529167 2.000000 0.909375 0.501389 2.000000 0.892187 0.504167 2.000000
0 0.749164 0.16586111 0.063015625 0.13350001 0.748438 0.134722 2.000000 0.753125 0.129167 2.000000 0.745313 0.129167 2.000000 0.760938 0.131944 2.000000 0.000000 0.001389 0.000000 0.773438 0.173611 2.000000 0.731250 0.173611 2.000000 0.768750 0.234722 1.000000 0.721875 0.231944 2.000000 0.000000 0.001389 0.000000 0.000000 0.001389 0.000000 0.762500 0.265278 1.000000 0.731250 0.265278 1.000000 0.000000 0.001389 0.000000 0.000000 0.001389 0.000000 0.000000 0.001389 0.000000 0.000000 0.001389 0.000000
0 0.43314844 0.1735 0.06335937 0.12911111 0.000000 0.001389 0.000000 0.000000 0.001389 0.000000 0.000000 0.001389 0.000000 0.000000 0.001389 0.000000 0.000000 0.001389 0.000000 0.000000 0.001389 0.000000 0.000000 0.001389 0.000000 0.000000 0.001389 0.000000 0.000000 0.001389 0.000000 0.000000 0.001389 0.000000 0.000000 0.001389 0.000000 0.000000 0.001389 0.000000 0.000000 0.001389 0.000000 0.000000 0.001389 0.000000 0.000000 0.001389 0.000000 0.000000 0.001389 0.000000 0.000000 0.001389 0.000000
0 0.5 0.1625 0.996875 0.32222223 0.000000 0.001389 0.000000 0.000000 0.001389 0.000000 0.000000 0.001389 0.000000 0.000000 0.001389 0.000000 0.000000 0.001389 0.000000 0.000000 0.001389 0.000000 0.000000 0.001389 0.000000 0.000000 0.001389 0.000000 0.000000 0.001389 0.000000 0.000000 0.001389 0.000000 0.000000 0.001389 0.000000 0.000000 0.001389 0.000000 0.000000 0.001389 0.000000 0.000000 0.001389 0.000000 0.000000 0.001389 0.000000 0.000000 0.001389 0.000000 0.000000 0.001389 0.000000