0 0.288695 0.51012003 0.16560002 0.44045335 0.363500 0.474667 2.000000 0.125000 0.000000 0.000000 0.356000 0.442667 2.000000 0.125000 0.000000 0.000000 0.305000 0.448000 2.000000 0.233000 0.552000 1.000000 0.293000 0.637333 2.000000 0.125000 0.000000 0.000000 0.336500 0.789333 1.000000 0.125000 0.000000 0.000000 0.125000 0.000000 0.000000 0.125000 0.000000 0.000000 0.125000 0.000000 0.000000 0.125000 0.000000 0.000000 0.125000 0.000000 0.000000 0.125000 0.000000 0.000000 0.125000 0.000000 0.000000
0 0.1786025 0.59441334 0.10720501 0.27901334 0.216500 0.549333 2.000000 0.125000 0.000000 0.000000 0.212000 0.533333 2.000000 0.125000 0.000000 0.000000 0.182000 0.541333 2.000000 0.212000 0.592000 2.000000 0.152000 0.645333 2.000000 0.125000 0.000000 0.000000 0.125000 0.000000 0.000000 0.125000 0.000000 0.000000 0.125000 0.000000 0.000000 0.125000 0.000000 0.000000 0.125000 0.000000 0.000000 0.125000 0.000000 0.000000 0.125000 0.000000 0.000000 0.125000 0.000000 0.000000 0.125000 0.000000 0.000000
0 0.58216256 0.5446667 0.061365 0.16362667 0.606500 0.520000 2.000000 0.605000 0.512000 2.000000 0.597500 0.514667 2.000000 0.125000 0.000000 0.000000 0.582500 0.525333 2.000000 0.125000 0.000000 0.000000 0.594500 0.602667 2.000000 0.125000 0.000000 0.000000 0.125000 0.000000 0.000000 0.125000 0.000000 0.000000 0.125000 0.000000 0.000000 0.125000 0.000000 0.000000 0.125000 0.000000 0.000000 0.125000 0.000000 0.000000 0.125000 0.000000 0.000000 0.125000 0.000000 0.000000 0.125000 0.000000 0.000000
0 0.7066551 0.6759867 0.18414001 0.49469334 0.708500 0.525333 2.000000 0.125000 0.000000 0.000000 0.708500 0.509333 2.000000 0.125000 0.000000 0.000000 0.690500 0.498667 2.000000 0.125000 0.000000 0.000000 0.659000 0.538667 2.000000 0.125000 0.000000 0.000000 0.701000 0.674667 2.000000 0.125000 0.000000 0.000000 0.731000 0.629333 2.000000 0.125000 0.000000 0.000000 0.671000 0.757333 1.000000 0.125000 0.000000 0.000000 0.777500 0.810667 2.000000 0.125000 0.000000 0.000000 0.774500 0.978667 1.000000
0 0.7685001 0.56585336 0.06666 0.2132 0.125000 0.000000 0.000000 0.125000 0.000000 0.000000 0.797000 0.493333 2.000000 0.125000 0.000000 0.000000 0.782000 0.509333 2.000000 0.125000 0.000000 0.000000 0.779000 0.570667 2.000000 0.125000 0.000000 0.000000 0.777500 0.658667 1.000000 0.125000 0.000000 0.000000 0.125000 0.000000 0.000000 0.125000 0.000000 0.000000 0.125000 0.000000 0.000000 0.125000 0.000000 0.000000 0.125000 0.000000 0.000000 0.125000 0.000000 0.000000 0.125000 0.000000 0.000000
0 0.8274801 0.57776004 0.09504 0.24842668 0.842000 0.525333 2.000000 0.125000 0.000000 0.000000 0.837500 0.509333 2.000000 0.125000 0.000000 0.000000 0.819500 0.509333 2.000000 0.792500 0.565333 2.000000 0.828500 0.576000 2.000000 0.125000 0.000000 0.000000 0.860000 0.680000 2.000000 0.125000 0.000000 0.000000 0.125000 0.000000 0.000000 0.125000 0.000000 0.000000 0.833000 0.738667 1.000000 0.125000 0.000000 0.000000 0.125000 0.000000 0.000000 0.125000 0.000000 0.000000 0.125000 0.000000 0.000000
0 0.34304753 0.4190933 0.23890501 0.58202666 0.333500 0.234667 1.000000 0.125000 0.000000 0.000000 0.324500 0.208000 2.000000 0.125000 0.000000 0.000000 0.296000 0.210667 2.000000 0.125000 0.000000 0.000000 0.288500 0.368000 1.000000 0.125000 0.000000 0.000000 0.347000 0.525333 1.000000 0.125000 0.000000 0.000000 0.405500 0.416000 2.000000 0.125000 0.000000 0.000000 0.309500 0.725333 1.000000 0.125000 0.000000 0.000000 0.125000 0.000000 0.000000 0.125000 0.000000 0.000000 0.125000 0.000000 0.000000
0 0.5396825 0.5339867 0.057855003 0.13784 0.125000 0.000000 0.000000 0.125000 0.000000 0.000000 0.125000 0.000000 0.000000 0.125000 0.000000 0.000000 0.548000 0.514667 2.000000 0.518000 0.570667 2.000000 0.545000 0.578667 2.000000 0.125000 0.000000 0.000000 0.125000 0.000000 0.000000 0.125000 0.000000 0.000000 0.125000 0.000000 0.000000 0.125000 0.000000 0.000000 0.125000 0.000000 0.000000 0.125000 0.000000 0.000000 0.125000 0.000000 0.000000 0.125000 0.000000 0.000000 0.125000 0.000000 0.000000
0 0.80906004 0.4357467 0.045180004 0.07112 0.125000 0.000000 0.000000 0.125000 0.000000 0.000000 0.125000 0.000000 0.000000 0.125000 0.000000 0.000000 0.125000 0.000000 0.000000 0.125000 0.000000 0.000000 0.125000 0.000000 0.000000 0.125000 0.000000 0.000000 0.125000 0.000000 0.000000 0.125000 0.000000 0.000000 0.125000 0.000000 0.000000 0.125000 0.000000 0.000000 0.125000 0.000000 0.000000 0.125000 0.000000 0.000000 0.125000 0.000000 0.000000 0.125000 0.000000 0.000000 0.125000 0.000000 0.000000
0 0.1478525 0.56098664 0.045705 0.19584002 0.125000 0.000000 0.000000 0.125000 0.000000 0.000000 0.125000 0.000000 0.000000 0.129500 0.528000 2.000000 0.155000 0.546667 2.000000 0.125000 0.000000 0.000000 0.125000 0.000000 0.000000 0.125000 0.000000 0.000000 0.125000 0.000000 0.000000 0.125000 0.000000 0.000000 0.125000 0.000000 0.000000 0.125000 0.000000 0.000000 0.125000 0.000000 0.000000 0.125000 0.000000 0.000000 0.125000 0.000000 0.000000 0.125000 0.000000 0.000000 0.125000 0.000000 0.000000
0 0.4972175 0.56236 0.066405006 0.22781333 0.125000 0.000000 0.000000 0.125000 0.000000 0.000000 0.125000 0.000000 0.000000 0.125000 0.000000 0.000000 0.125000 0.000000 0.000000 0.495500 0.544000 1.000000 0.494000 0.552000 1.000000 0.125000 0.000000 0.000000 0.498500 0.645333 1.000000 0.125000 0.000000 0.000000 0.125000 0.000000 0.000000 0.491000 0.677333 1.000000 0.489500 0.685333 1.000000 0.125000 0.000000 0.000000 0.125000 0.000000 0.000000 0.125000 0.000000 0.000000 0.125000 0.000000 0.000000
0 0.859775 0.5441867 0.030420002 0.11829334 0.125000 0.000000 0.000000 0.125000 0.000000 0.000000 0.125000 0.000000 0.000000 0.125000 0.000000 0.000000 0.125000 0.000000 0.000000 0.125000 0.000000 0.000000 0.125000 0.000000 0.000000 0.125000 0.000000 0.000000 0.125000 0.000000 0.000000 0.125000 0.000000 0.000000 0.125000 0.000000 0.000000 0.125000 0.000000 0.000000 0.125000 0.000000 0.000000 0.125000 0.000000 0.000000 0.125000 0.000000 0.000000 0.125000 0.000000 0.000000 0.125000 0.000000 0.000000