0 0.39143312 0.5882031 0.0072509767 0.025375 0.289062 0.000000 0.000000 0.289062 0.000000 0.000000 0.289062 0.000000 0.000000 0.289062 0.000000 0.000000 0.289062 0.000000 0.000000 0.289062 0.000000 0.000000 0.289062 0.000000 0.000000 0.289062 0.000000 0.000000 0.289062 0.000000 0.000000 0.289062 0.000000 0.000000 0.289062 0.000000 0.000000 0.289062 0.000000 0.000000 0.289062 0.000000 0.000000 0.289062 0.000000 0.000000 0.289062 0.000000 0.000000 0.289062 0.000000 0.000000 0.289062 0.000000 0.000000
0 0.60863286 0.5434375 0.003128906 0.018343749 0.289062 0.000000 0.000000 0.289062 0.000000 0.000000 0.289062 0.000000 0.000000 0.289062 0.000000 0.000000 0.289062 0.000000 0.000000 0.289062 0.000000 0.000000 0.289062 0.000000 0.000000 0.289062 0.000000 0.000000 0.289062 0.000000 0.000000 0.289062 0.000000 0.000000 0.289062 0.000000 0.000000 0.289062 0.000000 0.000000 0.289062 0.000000 0.000000 0.289062 0.000000 0.000000 0.289062 0.000000 0.000000 0.289062 0.000000 0.000000 0.289062 0.000000 0.000000
0 0.37354738 0.554875 0.0052822265 0.01675 0.289062 0.000000 0.000000 0.289062 0.000000 0.000000 0.289062 0.000000 0.000000 0.289062 0.000000 0.000000 0.289062 0.000000 0.000000 0.289062 0.000000 0.000000 0.289062 0.000000 0.000000 0.289062 0.000000 0.000000 0.289062 0.000000 0.000000 0.289062 0.000000 0.000000 0.289062 0.000000 0.000000 0.289062 0.000000 0.000000 0.289062 0.000000 0.000000 0.289062 0.000000 0.000000 0.289062 0.000000 0.000000 0.289062 0.000000 0.000000 0.289062 0.000000 0.000000
0 0.5297993 0.55993754 0.00524707 0.018656248 0.289062 0.000000 0.000000 0.289062 0.000000 0.000000 0.289062 0.000000 0.000000 0.289062 0.000000 0.000000 0.289062 0.000000 0.000000 0.289062 0.000000 0.000000 0.289062 0.000000 0.000000 0.289062 0.000000 0.000000 0.289062 0.000000 0.000000 0.289062 0.000000 0.000000 0.289062 0.000000 0.000000 0.289062 0.000000 0.000000 0.289062 0.000000 0.000000 0.289062 0.000000 0.000000 0.289062 0.000000 0.000000 0.289062 0.000000 0.000000 0.289062 0.000000 0.000000
0 0.68364745 0.51010936 0.0030058594 0.0138125 0.289062 0.000000 0.000000 0.289062 0.000000 0.000000 0.289062 0.000000 0.000000 0.289062 0.000000 0.000000 0.289062 0.000000 0.000000 0.289062 0.000000 0.000000 0.289062 0.000000 0.000000 0.289062 0.000000 0.000000 0.289062 0.000000 0.000000 0.289062 0.000000 0.000000 0.289062 0.000000 0.000000 0.289062 0.000000 0.000000 0.289062 0.000000 0.000000 0.289062 0.000000 0.000000 0.289062 0.000000 0.000000 0.289062 0.000000 0.000000 0.289062 0.000000 0.000000
0 0.6022432 0.51216406 0.0025488283 0.008515624 0.289062 0.000000 0.000000 0.289062 0.000000 0.000000 0.289062 0.000000 0.000000 0.289062 0.000000 0.000000 0.289062 0.000000 0.000000 0.289062 0.000000 0.000000 0.289062 0.000000 0.000000 0.289062 0.000000 0.000000 0.289062 0.000000 0.000000 0.289062 0.000000 0.000000 0.289062 0.000000 0.000000 0.289062 0.000000 0.000000 0.289062 0.000000 0.000000 0.289062 0.000000 0.000000 0.289062 0.000000 0.000000 0.289062 0.000000 0.000000 0.289062 0.000000 0.000000
0 0.66123974 0.51049215 0.0015732421 0.012203124 0.289062 0.000000 0.000000 0.289062 0.000000 0.000000 0.289062 0.000000 0.000000 0.289062 0.000000 0.000000 0.289062 0.000000 0.000000 0.289062 0.000000 0.000000 0.289062 0.000000 0.000000 0.289062 0.000000 0.000000 0.289062 0.000000 0.000000 0.289062 0.000000 0.000000 0.289062 0.000000 0.000000 0.289062 0.000000 0.000000 0.289062 0.000000 0.000000 0.289062 0.000000 0.000000 0.289062 0.000000 0.000000 0.289062 0.000000 0.000000 0.289062 0.000000 0.000000
0 0.6726084 0.5015937 0.00309375 0.00946875 0.289062 0.000000 0.000000 0.289062 0.000000 0.000000 0.289062 0.000000 0.000000 0.289062 0.000000 0.000000 0.289062 0.000000 0.000000 0.289062 0.000000 0.000000 0.289062 0.000000 0.000000 0.289062 0.000000 0.000000 0.289062 0.000000 0.000000 0.289062 0.000000 0.000000 0.289062 0.000000 0.000000 0.289062 0.000000 0.000000 0.289062 0.000000 0.000000 0.289062 0.000000 0.000000 0.289062 0.000000 0.000000 0.289062 0.000000 0.000000 0.289062 0.000000 0.000000
0 0.65224415 0.4972031 0.0035507814 0.012 0.289062 0.000000 0.000000 0.289062 0.000000 0.000000 0.289062 0.000000 0.000000 0.289062 0.000000 0.000000 0.289062 0.000000 0.000000 0.289062 0.000000 0.000000 0.289062 0.000000 0.000000 0.289062 0.000000 0.000000 0.289062 0.000000 0.000000 0.289062 0.000000 0.000000 0.289062 0.000000 0.000000 0.289062 0.000000 0.000000 0.289062 0.000000 0.000000 0.289062 0.000000 0.000000 0.289062 0.000000 0.000000 0.289062 0.000000 0.000000 0.289062 0.000000 0.000000
0 0.63201606 0.5046797 0.002803711 0.010484375 0.289062 0.000000 0.000000 0.289062 0.000000 0.000000 0.289062 0.000000 0.000000 0.289062 0.000000 0.000000 0.289062 0.000000 0.000000 0.289062 0.000000 0.000000 0.289062 0.000000 0.000000 0.289062 0.000000 0.000000 0.289062 0.000000 0.000000 0.289062 0.000000 0.000000 0.289062 0.000000 0.000000 0.289062 0.000000 0.000000 0.289062 0.000000 0.000000 0.289062 0.000000 0.000000 0.289062 0.000000 0.000000 0.289062 0.000000 0.000000 0.289062 0.000000 0.000000
0 0.35731837 0.5128438 0.008244141 0.0078125 0.289062 0.000000 0.000000 0.289062 0.000000 0.000000 0.289062 0.000000 0.000000 0.289062 0.000000 0.000000 0.289062 0.000000 0.000000 0.289062 0.000000 0.000000 0.289062 0.000000 0.000000 0.289062 0.000000 0.000000 0.289062 0.000000 0.000000 0.289062 0.000000 0.000000 0.289062 0.000000 0.000000 0.289062 0.000000 0.000000 0.289062 0.000000 0.000000 0.289062 0.000000 0.000000 0.289062 0.000000 0.000000 0.289062 0.000000 0.000000 0.289062 0.000000 0.000000
0 0.38045555 0.5126172 0.002961914 0.012921875 0.289062 0.000000 0.000000 0.289062 0.000000 0.000000 0.289062 0.000000 0.000000 0.289062 0.000000 0.000000 0.289062 0.000000 0.000000 0.289062 0.000000 0.000000 0.289062 0.000000 0.000000 0.289062 0.000000 0.000000 0.289062 0.000000 0.000000 0.289062 0.000000 0.000000 0.289062 0.000000 0.000000 0.289062 0.000000 0.000000 0.289062 0.000000 0.000000 0.289062 0.000000 0.000000 0.289062 0.000000 0.000000 0.289062 0.000000 0.000000 0.289062 0.000000 0.000000
0 0.32515478 0.51970315 0.002663086 0.00871875 0.289062 0.000000 0.000000 0.289062 0.000000 0.000000 0.289062 0.000000 0.000000 0.289062 0.000000 0.000000 0.289062 0.000000 0.000000 0.289062 0.000000 0.000000 0.289062 0.000000 0.000000 0.289062 0.000000 0.000000 0.289062 0.000000 0.000000 0.289062 0.000000 0.000000 0.289062 0.000000 0.000000 0.289062 0.000000 0.000000 0.289062 0.000000 0.000000 0.289062 0.000000 0.000000 0.289062 0.000000 0.000000 0.289062 0.000000 0.000000 0.289062 0.000000 0.000000