0 0.5370371 0.32618746 0.18919921 0.38375 0.545703 0.266667 2.000000 0.125000 0.000000 0.000000 0.539844 0.256250 2.000000 0.125000 0.000000 0.000000 0.509375 0.235417 2.000000 0.541016 0.314583 2.000000 0.473047 0.314583 2.000000 0.545703 0.464583 2.000000 0.458984 0.470833 2.000000 0.578516 0.477083 2.000000 0.523438 0.441667 2.000000 0.539844 0.508333 1.000000 0.482422 0.529167 1.000000 0.125000 0.000000 0.000000 0.125000 0.000000 0.000000 0.125000 0.000000 0.000000 0.125000 0.000000 0.000000
0 0.4320488 0.234 0.13339452 0.26175 0.427344 0.191667 2.000000 0.427344 0.172917 2.000000 0.125000 0.000000 0.000000 0.441406 0.168750 2.000000 0.125000 0.000000 0.000000 0.449609 0.216667 2.000000 0.477734 0.204167 2.000000 0.440234 0.341667 2.000000 0.457812 0.318750 1.000000 0.420312 0.325000 2.000000 0.398047 0.306250 2.000000 0.125000 0.000000 0.000000 0.125000 0.000000 0.000000 0.125000 0.000000 0.000000 0.125000 0.000000 0.000000 0.125000 0.000000 0.000000 0.125000 0.000000 0.000000
0 0.6041094 0.28794792 0.084796876 0.31935418 0.604297 0.250000 2.000000 0.611328 0.241667 2.000000 0.599609 0.233333 2.000000 0.125000 0.000000 0.000000 0.578516 0.208333 2.000000 0.605469 0.291667 2.000000 0.551562 0.291667 1.000000 0.600781 0.393750 2.000000 0.544531 0.395833 1.000000 0.632422 0.404167 2.000000 0.583203 0.450000 1.000000 0.125000 0.000000 0.000000 0.125000 0.000000 0.000000 0.125000 0.000000 0.000000 0.125000 0.000000 0.000000 0.125000 0.000000 0.000000 0.125000 0.000000 0.000000
0 0.7705802 0.21370833 0.04304297 0.12020833 0.790625 0.200000 1.000000 0.125000 0.000000 0.000000 0.788281 0.189583 2.000000 0.125000 0.000000 0.000000 0.774219 0.193750 2.000000 0.125000 0.000000 0.000000 0.774219 0.250000 2.000000 0.125000 0.000000 0.000000 0.125000 0.000000 0.000000 0.801172 0.260417 1.000000 0.803516 0.268750 1.000000 0.125000 0.000000 0.000000 0.125000 0.000000 0.000000 0.125000 0.000000 0.000000 0.125000 0.000000 0.000000 0.125000 0.000000 0.000000 0.125000 0.000000 0.000000
0 0.31271094 0.31460413 0.24902344 0.6247083 0.365234 0.183333 2.000000 0.125000 0.000000 0.000000 0.362891 0.154167 2.000000 0.125000 0.000000 0.000000 0.318359 0.104167 2.000000 0.273828 0.268750 2.000000 0.251563 0.291667 2.000000 0.316016 0.458333 2.000000 0.298438 0.560417 2.000000 0.382812 0.552083 2.000000 0.412109 0.637500 1.000000 0.278516 0.720833 1.000000 0.259766 0.735417 1.000000 0.125000 0.000000 0.000000 0.125000 0.000000 0.000000 0.125000 0.000000 0.000000 0.125000 0.000000 0.000000
0 0.8412031 0.188875 0.047390625 0.10566667 0.125000 0.000000 0.000000 0.125000 0.000000 0.000000 0.125000 0.000000 0.000000 0.125000 0.000000 0.000000 0.125000 0.000000 0.000000 0.125000 0.000000 0.000000 0.125000 0.000000 0.000000 0.125000 0.000000 0.000000 0.125000 0.000000 0.000000 0.125000 0.000000 0.000000 0.125000 0.000000 0.000000 0.125000 0.000000 0.000000 0.125000 0.000000 0.000000 0.125000 0.000000 0.000000 0.125000 0.000000 0.000000 0.125000 0.000000 0.000000 0.125000 0.000000 0.000000
0 0.85913867 0.159 0.031722657 0.15166667 0.869141 0.106250 2.000000 0.869141 0.104167 2.000000 0.865625 0.104167 2.000000 0.125000 0.000000 0.000000 0.857422 0.104167 2.000000 0.872656 0.139583 2.000000 0.843359 0.147917 1.000000 0.125000 0.000000 0.000000 0.125000 0.000000 0.000000 0.125000 0.000000 0.000000 0.125000 0.000000 0.000000 0.125000 0.000000 0.000000 0.850391 0.208333 1.000000 0.125000 0.000000 0.000000 0.125000 0.000000 0.000000 0.125000 0.000000 0.000000 0.125000 0.000000 0.000000
0 0.78571486 0.5113437 0.17857032 0.31972915 0.125000 0.000000 0.000000 0.125000 0.000000 0.000000 0.125000 0.000000 0.000000 0.125000 0.000000 0.000000 0.125000 0.000000 0.000000 0.125000 0.000000 0.000000 0.125000 0.000000 0.000000 0.125000 0.000000 0.000000 0.125000 0.000000 0.000000 0.767187 0.470833 2.000000 0.798828 0.425000 2.000000 0.125000 0.000000 0.000000 0.125000 0.000000 0.000000 0.125000 0.000000 0.000000 0.125000 0.000000 0.000000 0.125000 0.000000 0.000000 0.125000 0.000000 0.000000
0 0.7288496 0.1838646 0.067535155 0.109145835 0.750781 0.175000 2.000000 0.125000 0.000000 0.000000 0.746094 0.166667 2.000000 0.125000 0.000000 0.000000 0.732031 0.168750 2.000000 0.755469 0.212500 2.000000 0.712109 0.212500 2.000000 0.125000 0.000000 0.000000 0.125000 0.000000 0.000000 0.125000 0.000000 0.000000 0.125000 0.000000 0.000000 0.125000 0.000000 0.000000 0.125000 0.000000 0.000000 0.125000 0.000000 0.000000 0.125000 0.000000 0.000000 0.125000 0.000000 0.000000 0.125000 0.000000 0.000000
0 0.38033983 0.22696875 0.09100782 0.1438125 0.391016 0.191667 2.000000 0.393359 0.181250 2.000000 0.385156 0.183333 2.000000 0.125000 0.000000 0.000000 0.369922 0.185417 2.000000 0.399219 0.218750 2.000000 0.353516 0.220833 1.000000 0.419141 0.262500 2.000000 0.338281 0.281250 2.000000 0.125000 0.000000 0.000000 0.365234 0.312500 1.000000 0.125000 0.000000 0.000000 0.125000 0.000000 0.000000 0.125000 0.000000 0.000000 0.125000 0.000000 0.000000 0.125000 0.000000 0.000000 0.125000 0.000000 0.000000
0 0.8364453 0.22808334 0.0661875 0.11966666 0.125000 0.000000 0.000000 0.125000 0.000000 0.000000 0.125000 0.000000 0.000000 0.125000 0.000000 0.000000 0.853906 0.200000 2.000000 0.818750 0.222917 2.000000 0.853906 0.237500 2.000000 0.125000 0.000000 0.000000 0.864453 0.293750 1.000000 0.125000 0.000000 0.000000 0.125000 0.000000 0.000000 0.814062 0.320833 1.000000 0.845703 0.333333 1.000000 0.125000 0.000000 0.000000 0.125000 0.000000 0.000000 0.125000 0.000000 0.000000 0.125000 0.000000 0.000000
0 0.7834883 0.14592709 0.020789063 0.0336875 0.125000 0.000000 0.000000 0.125000 0.000000 0.000000 0.125000 0.000000 0.000000 0.125000 0.000000 0.000000 0.125000 0.000000 0.000000 0.125000 0.000000 0.000000 0.125000 0.000000 0.000000 0.125000 0.000000 0.000000 0.125000 0.000000 0.000000 0.125000 0.000000 0.000000 0.125000 0.000000 0.000000 0.125000 0.000000 0.000000 0.125000 0.000000 0.000000 0.125000 0.000000 0.000000 0.125000 0.000000 0.000000 0.125000 0.000000 0.000000 0.125000 0.000000 0.000000
0 0.7045215 0.16299999 0.048316408 0.12008333 0.125000 0.000000 0.000000 0.125000 0.000000 0.000000 0.125000 0.000000 0.000000 0.125000 0.000000 0.000000 0.125000 0.000000 0.000000 0.125000 0.000000 0.000000 0.125000 0.000000 0.000000 0.125000 0.000000 0.000000 0.125000 0.000000 0.000000 0.125000 0.000000 0.000000 0.125000 0.000000 0.000000 0.125000 0.000000 0.000000 0.125000 0.000000 0.000000 0.125000 0.000000 0.000000 0.125000 0.000000 0.000000 0.125000 0.000000 0.000000 0.125000 0.000000 0.000000
0 0.4080078 0.18333334 0.033984374 0.108333334 0.125000 0.000000 0.000000 0.125000 0.000000 0.000000 0.125000 0.000000 0.000000 0.125000 0.000000 0.000000 0.125000 0.000000 0.000000 0.125000 0.000000 0.000000 0.125000 0.000000 0.000000 0.125000 0.000000 0.000000 0.125000 0.000000 0.000000 0.125000 0.000000 0.000000 0.125000 0.000000 0.000000 0.125000 0.000000 0.000000 0.125000 0.000000 0.000000 0.125000 0.000000 0.000000 0.125000 0.000000 0.000000 0.125000 0.000000 0.000000 0.125000 0.000000 0.000000