0 0.6200045 0.54830587 0.4601118 0.8808941 0.572794 0.294118 2.000000 0.590000 0.258824 2.000000 0.076471 0.000000 0.000000 0.668088 0.287059 2.000000 0.076471 0.000000 0.000000 0.797794 0.508235 2.000000 0.570147 0.496471 2.000000 0.807059 0.882353 2.000000 0.521177 0.764706 2.000000 0.076471 0.000000 0.000000 0.423235 0.936471 2.000000 0.076471 0.000000 0.000000 0.076471 0.000000 0.000000 0.076471 0.000000 0.000000 0.076471 0.000000 0.000000 0.076471 0.000000 0.000000 0.076471 0.000000 0.000000
0 0.31727356 0.5462118 0.36783534 0.8808941 0.350441 0.308235 2.000000 0.076471 0.000000 0.000000 0.339853 0.280000 2.000000 0.076471 0.000000 0.000000 0.268382 0.322353 2.000000 0.269706 0.449412 2.000000 0.228676 0.623529 2.000000 0.353088 0.712941 2.000000 0.076471 0.000000 0.000000 0.469559 0.748235 2.000000 0.076471 0.000000 0.000000 0.076471 0.000000 0.000000 0.076471 0.000000 0.000000 0.076471 0.000000 0.000000 0.076471 0.000000 0.000000 0.076471 0.000000 0.000000 0.076471 0.000000 0.000000
0 0.43001842 0.4333294 0.02322794 0.089341186 0.076471 0.000000 0.000000 0.076471 0.000000 0.000000 0.076471 0.000000 0.000000 0.076471 0.000000 0.000000 0.076471 0.000000 0.000000 0.076471 0.000000 0.000000 0.076471 0.000000 0.000000 0.076471 0.000000 0.000000 0.076471 0.000000 0.000000 0.076471 0.000000 0.000000 0.076471 0.000000 0.000000 0.076471 0.000000 0.000000 0.076471 0.000000 0.000000 0.076471 0.000000 0.000000 0.076471 0.000000 0.000000 0.076471 0.000000 0.000000 0.076471 0.000000 0.000000
0 0.49802798 0.46275297 0.040632356 0.34536472 0.511912 0.320000 2.000000 0.076471 0.000000 0.000000 0.507941 0.315294 2.000000 0.076471 0.000000 0.000000 0.496029 0.317647 2.000000 0.509265 0.355294 2.000000 0.488088 0.357647 2.000000 0.076471 0.000000 0.000000 0.481471 0.414118 2.000000 0.076471 0.000000 0.000000 0.489412 0.454118 2.000000 0.513235 0.456471 2.000000 0.076471 0.000000 0.000000 0.076471 0.000000 0.000000 0.485441 0.517647 1.000000 0.076471 0.000000 0.000000 0.076471 0.000000 0.000000
0 0.73631614 0.34175295 0.07702942 0.16727059 0.735588 0.329412 2.000000 0.740882 0.324706 2.000000 0.728971 0.320000 2.000000 0.076471 0.000000 0.000000 0.714412 0.308235 2.000000 0.751471 0.367059 2.000000 0.685294 0.378824 1.000000 0.759412 0.430588 1.000000 0.076471 0.000000 0.000000 0.076471 0.000000 0.000000 0.076471 0.000000 0.000000 0.076471 0.000000 0.000000 0.076471 0.000000 0.000000 0.076471 0.000000 0.000000 0.076471 0.000000 0.000000 0.076471 0.000000 0.000000 0.076471 0.000000 0.000000
0 0.8792574 0.4972236 0.079729415 0.4932706 0.894412 0.322353 2.000000 0.902353 0.310588 2.000000 0.886471 0.310588 2.000000 0.912941 0.303529 2.000000 0.877206 0.301176 2.000000 0.076471 0.000000 0.000000 0.862647 0.376471 2.000000 0.076471 0.000000 0.000000 0.844118 0.482353 2.000000 0.076471 0.000000 0.000000 0.854706 0.543529 2.000000 0.906324 0.557647 1.000000 0.861324 0.552941 2.000000 0.902353 0.680000 1.000000 0.860000 0.675294 2.000000 0.076471 0.000000 0.000000 0.860000 0.774118 1.000000
0 0.1232375 0.44762352 0.09353383 0.37529412 0.106912 0.296471 2.000000 0.116176 0.289412 2.000000 0.076471 0.000000 0.000000 0.132059 0.301176 2.000000 0.076471 0.000000 0.000000 0.147941 0.348235 2.000000 0.128088 0.352941 2.000000 0.141324 0.440000 2.000000 0.128088 0.449412 2.000000 0.121471 0.482353 2.000000 0.109559 0.482353 2.000000 0.151912 0.517647 2.000000 0.132059 0.517647 2.000000 0.145294 0.637647 1.000000 0.095000 0.628235 2.000000 0.076471 0.000000 0.000000 0.076471 0.000000 0.000000
0 0.45267725 0.53632945 0.07005441 0.1970353 0.076471 0.000000 0.000000 0.476176 0.475294 2.000000 0.469559 0.468235 2.000000 0.076471 0.000000 0.000000 0.076471 0.000000 0.000000 0.465588 0.520000 2.000000 0.076471 0.000000 0.000000 0.076471 0.000000 0.000000 0.076471 0.000000 0.000000 0.076471 0.000000 0.000000 0.076471 0.000000 0.000000 0.435147 0.597647 1.000000 0.076471 0.000000 0.000000 0.399412 0.600000 1.000000 0.076471 0.000000 0.000000 0.076471 0.000000 0.000000 0.076471 0.000000 0.000000
0 0.3554441 0.44009417 0.05360294 0.32023534 0.076471 0.000000 0.000000 0.076471 0.000000 0.000000 0.076471 0.000000 0.000000 0.076471 0.000000 0.000000 0.076471 0.000000 0.000000 0.358382 0.362353 2.000000 0.346471 0.360000 1.000000 0.357059 0.451765 2.000000 0.076471 0.000000 0.000000 0.325294 0.487059 1.000000 0.076471 0.000000 0.000000 0.355735 0.510588 2.000000 0.345147 0.508235 2.000000 0.357059 0.611765 1.000000 0.076471 0.000000 0.000000 0.076471 0.000000 0.000000 0.076471 0.000000 0.000000
0 0.40964928 0.39509413 0.03884559 0.18134119 0.403382 0.329412 2.000000 0.407353 0.324706 2.000000 0.400735 0.324706 2.000000 0.415294 0.329412 2.000000 0.076471 0.000000 0.000000 0.416618 0.362353 2.000000 0.403382 0.364706 2.000000 0.076471 0.000000 0.000000 0.076471 0.000000 0.000000 0.076471 0.000000 0.000000 0.076471 0.000000 0.000000 0.407353 0.430588 2.000000 0.395441 0.430588 2.000000 0.076471 0.000000 0.000000 0.076471 0.000000 0.000000 0.076471 0.000000 0.000000 0.076471 0.000000 0.000000
0 0.77378535 0.3800353 0.028005885 0.09145882 0.076471 0.000000 0.000000 0.076471 0.000000 0.000000 0.076471 0.000000 0.000000 0.076471 0.000000 0.000000 0.076471 0.000000 0.000000 0.076471 0.000000 0.000000 0.076471 0.000000 0.000000 0.076471 0.000000 0.000000 0.076471 0.000000 0.000000 0.076471 0.000000 0.000000 0.076471 0.000000 0.000000 0.076471 0.000000 0.000000 0.076471 0.000000 0.000000 0.076471 0.000000 0.000000 0.076471 0.000000 0.000000 0.076471 0.000000 0.000000 0.076471 0.000000 0.000000
0 0.8648375 0.6759648 0.11738383 0.64807063 0.902353 0.395294 2.000000 0.906324 0.381176 2.000000 0.076471 0.000000 0.000000 0.076471 0.000000 0.000000 0.076471 0.000000 0.000000 0.915588 0.463529 2.000000 0.076471 0.000000 0.000000 0.918235 0.600000 2.000000 0.076471 0.000000 0.000000 0.881177 0.564706 2.000000 0.076471 0.000000 0.000000 0.910294 0.665882 2.000000 0.076471 0.000000 0.000000 0.076471 0.000000 0.000000 0.076471 0.000000 0.000000 0.076471 0.000000 0.000000 0.076471 0.000000 0.000000
0 0.55875146 0.39687058 0.04719706 0.14941177 0.571471 0.355294 2.000000 0.076471 0.000000 0.000000 0.568824 0.348235 2.000000 0.076471 0.000000 0.000000 0.560882 0.352941 2.000000 0.564853 0.395294 2.000000 0.546324 0.395294 2.000000 0.076471 0.000000 0.000000 0.554265 0.435294 2.000000 0.076471 0.000000 0.000000 0.574118 0.409412 2.000000 0.076471 0.000000 0.000000 0.076471 0.000000 0.000000 0.076471 0.000000 0.000000 0.076471 0.000000 0.000000 0.076471 0.000000 0.000000 0.076471 0.000000 0.000000