0 0.3162917 0.579637 0.0754962 0.2952927 0.331382 0.470726 2.000000 0.332699 0.463700 2.000000 0.328747 0.466042 2.000000 0.078454 0.000000 0.000000 0.318208 0.463700 1.000000 0.330064 0.491803 2.000000 0.310304 0.491803 1.000000 0.332699 0.529274 2.000000 0.307670 0.538642 1.000000 0.332699 0.562061 2.000000 0.328747 0.569087 2.000000 0.320843 0.580796 2.000000 0.316891 0.578454 2.000000 0.305035 0.653396 2.000000 0.331382 0.641686 2.000000 0.286593 0.707260 2.000000 0.336651 0.714286 2.000000
0 0.28873318 0.5824473 0.07786739 0.29918033 0.294496 0.468384 2.000000 0.294496 0.463700 2.000000 0.290545 0.463700 2.000000 0.078454 0.000000 0.000000 0.281323 0.466042 2.000000 0.294496 0.494145 2.000000 0.272102 0.496487 2.000000 0.298449 0.529274 2.000000 0.261563 0.543326 2.000000 0.301083 0.545667 2.000000 0.286593 0.543326 2.000000 0.290545 0.578454 2.000000 0.274737 0.578454 2.000000 0.276054 0.648712 2.000000 0.291862 0.637002 2.000000 0.258929 0.718970 2.000000 0.308987 0.707260 2.000000
0 0.49297205 0.5280328 0.039269615 0.23714286 0.477605 0.442623 1.000000 0.480240 0.435597 2.000000 0.078454 0.000000 0.000000 0.488144 0.435597 2.000000 0.078454 0.000000 0.000000 0.493413 0.461358 2.000000 0.486827 0.461358 2.000000 0.497365 0.498829 2.000000 0.078454 0.000000 0.000000 0.494731 0.529274 2.000000 0.078454 0.000000 0.000000 0.490779 0.524590 2.000000 0.488144 0.524590 2.000000 0.484192 0.569087 2.000000 0.489461 0.580796 2.000000 0.506587 0.608899 2.000000 0.493413 0.632318 2.000000
0 0.20182231 0.5431148 0.029666277 0.10318501 0.078454 0.000000 0.000000 0.078454 0.000000 0.000000 0.078454 0.000000 0.000000 0.078454 0.000000 0.000000 0.078454 0.000000 0.000000 0.078454 0.000000 0.000000 0.078454 0.000000 0.000000 0.078454 0.000000 0.000000 0.078454 0.000000 0.000000 0.078454 0.000000 0.000000 0.078454 0.000000 0.000000 0.078454 0.000000 0.000000 0.078454 0.000000 0.000000 0.078454 0.000000 0.000000 0.078454 0.000000 0.000000 0.078454 0.000000 0.000000 0.078454 0.000000 0.000000
0 0.55884516 0.37385246 0.0162822 0.06021077 0.078454 0.000000 0.000000 0.078454 0.000000 0.000000 0.078454 0.000000 0.000000 0.078454 0.000000 0.000000 0.078454 0.000000 0.000000 0.078454 0.000000 0.000000 0.078454 0.000000 0.000000 0.078454 0.000000 0.000000 0.078454 0.000000 0.000000 0.078454 0.000000 0.000000 0.078454 0.000000 0.000000 0.078454 0.000000 0.000000 0.078454 0.000000 0.000000 0.078454 0.000000 0.000000 0.078454 0.000000 0.000000 0.078454 0.000000 0.000000 0.078454 0.000000 0.000000
0 0.15755342 0.56419206 0.055420082 0.28355974 0.078454 0.000000 0.000000 0.078454 0.000000 0.000000 0.078454 0.000000 0.000000 0.152225 0.447307 2.000000 0.078454 0.000000 0.000000 0.143004 0.477752 2.000000 0.175937 0.484777 2.000000 0.136417 0.519906 2.000000 0.178571 0.536300 2.000000 0.136417 0.557377 2.000000 0.179889 0.571429 2.000000 0.148273 0.562061 2.000000 0.164081 0.564403 2.000000 0.145638 0.611241 2.000000 0.165398 0.615925 2.000000 0.148273 0.662763 2.000000 0.160129 0.688525 2.000000
0 0.53355896 0.5080211 0.040191747 0.13107727 0.078454 0.000000 0.000000 0.078454 0.000000 0.000000 0.078454 0.000000 0.000000 0.078454 0.000000 0.000000 0.078454 0.000000 0.000000 0.078454 0.000000 0.000000 0.078454 0.000000 0.000000 0.078454 0.000000 0.000000 0.078454 0.000000 0.000000 0.078454 0.000000 0.000000 0.078454 0.000000 0.000000 0.078454 0.000000 0.000000 0.078454 0.000000 0.000000 0.078454 0.000000 0.000000 0.078454 0.000000 0.000000 0.078454 0.000000 0.000000 0.078454 0.000000 0.000000
0 0.61182153 0.2988993 0.035923596 0.07358313 0.078454 0.000000 0.000000 0.078454 0.000000 0.000000 0.078454 0.000000 0.000000 0.078454 0.000000 0.000000 0.078454 0.000000 0.000000 0.078454 0.000000 0.000000 0.078454 0.000000 0.000000 0.078454 0.000000 0.000000 0.078454 0.000000 0.000000 0.078454 0.000000 0.000000 0.078454 0.000000 0.000000 0.078454 0.000000 0.000000 0.078454 0.000000 0.000000 0.078454 0.000000 0.000000 0.078454 0.000000 0.000000 0.078454 0.000000 0.000000 0.078454 0.000000 0.000000
0 0.86069816 0.500726 0.04125878 0.055269323 0.078454 0.000000 0.000000 0.078454 0.000000 0.000000 0.078454 0.000000 0.000000 0.078454 0.000000 0.000000 0.078454 0.000000 0.000000 0.078454 0.000000 0.000000 0.078454 0.000000 0.000000 0.078454 0.000000 0.000000 0.078454 0.000000 0.000000 0.078454 0.000000 0.000000 0.078454 0.000000 0.000000 0.078454 0.000000 0.000000 0.078454 0.000000 0.000000 0.078454 0.000000 0.000000 0.078454 0.000000 0.000000 0.078454 0.000000 0.000000 0.078454 0.000000 0.000000
0 0.83194745 0.4598712 0.040507905 0.117400475 0.078454 0.000000 0.000000 0.078454 0.000000 0.000000 0.078454 0.000000 0.000000 0.078454 0.000000 0.000000 0.078454 0.000000 0.000000 0.078454 0.000000 0.000000 0.078454 0.000000 0.000000 0.078454 0.000000 0.000000 0.078454 0.000000 0.000000 0.078454 0.000000 0.000000 0.078454 0.000000 0.000000 0.078454 0.000000 0.000000 0.078454 0.000000 0.000000 0.078454 0.000000 0.000000 0.078454 0.000000 0.000000 0.078454 0.000000 0.000000 0.078454 0.000000 0.000000
0 0.25562206 0.54065573 0.017415106 0.10262295 0.078454 0.000000 0.000000 0.078454 0.000000 0.000000 0.078454 0.000000 0.000000 0.078454 0.000000 0.000000 0.078454 0.000000 0.000000 0.078454 0.000000 0.000000 0.078454 0.000000 0.000000 0.078454 0.000000 0.000000 0.078454 0.000000 0.000000 0.078454 0.000000 0.000000 0.078454 0.000000 0.000000 0.078454 0.000000 0.000000 0.078454 0.000000 0.000000 0.078454 0.000000 0.000000 0.078454 0.000000 0.000000 0.078454 0.000000 0.000000 0.078454 0.000000 0.000000
0 0.89719486 0.46429744 0.02680767 0.11941452 0.078454 0.000000 0.000000 0.078454 0.000000 0.000000 0.078454 0.000000 0.000000 0.078454 0.000000 0.000000 0.078454 0.000000 0.000000 0.078454 0.000000 0.000000 0.078454 0.000000 0.000000 0.078454 0.000000 0.000000 0.078454 0.000000 0.000000 0.078454 0.000000 0.000000 0.078454 0.000000 0.000000 0.078454 0.000000 0.000000 0.078454 0.000000 0.000000 0.078454 0.000000 0.000000 0.078454 0.000000 0.000000 0.078454 0.000000 0.000000 0.078454 0.000000 0.000000
0 0.74782276 0.28444967 0.04619877 0.1056206 0.078454 0.000000 0.000000 0.078454 0.000000 0.000000 0.078454 0.000000 0.000000 0.078454 0.000000 0.000000 0.078454 0.000000 0.000000 0.078454 0.000000 0.000000 0.078454 0.000000 0.000000 0.078454 0.000000 0.000000 0.078454 0.000000 0.000000 0.078454 0.000000 0.000000 0.078454 0.000000 0.000000 0.078454 0.000000 0.000000 0.078454 0.000000 0.000000 0.078454 0.000000 0.000000 0.078454 0.000000 0.000000 0.078454 0.000000 0.000000 0.078454 0.000000 0.000000
0 0.47628802 0.44847775 0.79303277 0.35362998 0.078454 0.000000 0.000000 0.078454 0.000000 0.000000 0.078454 0.000000 0.000000 0.078454 0.000000 0.000000 0.078454 0.000000 0.000000 0.078454 0.000000 0.000000 0.078454 0.000000 0.000000 0.078454 0.000000 0.000000 0.078454 0.000000 0.000000 0.078454 0.000000 0.000000 0.078454 0.000000 0.000000 0.078454 0.000000 0.000000 0.078454 0.000000 0.000000 0.078454 0.000000 0.000000 0.078454 0.000000 0.000000 0.078454 0.000000 0.000000 0.078454 0.000000 0.000000