0 0.46956873 0.61011004 0.1744425 0.3573 0.545563 0.468000 2.000000 0.546687 0.464000 2.000000 0.542188 0.462000 2.000000 0.311563 0.000000 0.000000 0.311563 0.000000 0.000000 0.545563 0.510000 2.000000 0.508438 0.492000 2.000000 0.512937 0.552000 2.000000 0.487063 0.534000 2.000000 0.482563 0.530000 2.000000 0.490438 0.610000 2.000000 0.496063 0.586000 2.000000 0.479188 0.552000 2.000000 0.453312 0.632000 2.000000 0.475813 0.644000 2.000000 0.413938 0.564000 2.000000 0.478063 0.762000 2.000000
0 0.61807436 0.48705003 0.053381253 0.12898 0.629937 0.446000 2.000000 0.632188 0.442000 2.000000 0.628813 0.442000 2.000000 0.311563 0.000000 0.000000 0.311563 0.000000 0.000000 0.641188 0.458000 2.000000 0.624313 0.458000 2.000000 0.647938 0.456000 1.000000 0.619813 0.480000 2.000000 0.638938 0.442000 2.000000 0.615313 0.484000 2.000000 0.626562 0.494000 2.000000 0.619813 0.490000 2.000000 0.609688 0.498000 2.000000 0.608563 0.486000 2.000000 0.605187 0.538000 2.000000 0.600688 0.520000 2.000000
0 0.58344686 0.49404004 0.046226252 0.113680005 0.311563 0.000000 0.000000 0.311563 0.000000 0.000000 0.311563 0.000000 0.000000 0.311563 0.000000 0.000000 0.311563 0.000000 0.000000 0.311563 0.000000 0.000000 0.311563 0.000000 0.000000 0.311563 0.000000 0.000000 0.311563 0.000000 0.000000 0.311563 0.000000 0.000000 0.311563 0.000000 0.000000 0.311563 0.000000 0.000000 0.311563 0.000000 0.000000 0.311563 0.000000 0.000000 0.311563 0.000000 0.000000 0.311563 0.000000 0.000000 0.311563 0.000000 0.000000
0 0.59152436 0.43136 0.03283875 0.06004 0.311563 0.000000 0.000000 0.311563 0.000000 0.000000 0.311563 0.000000 0.000000 0.311563 0.000000 0.000000 0.311563 0.000000 0.000000 0.311563 0.000000 0.000000 0.311563 0.000000 0.000000 0.311563 0.000000 0.000000 0.311563 0.000000 0.000000 0.311563 0.000000 0.000000 0.311563 0.000000 0.000000 0.311563 0.000000 0.000000 0.311563 0.000000 0.000000 0.311563 0.000000 0.000000 0.311563 0.000000 0.000000 0.311563 0.000000 0.000000 0.311563 0.000000 0.000000
0 0.5856406 0.41512 0.028698752 0.08032001 0.311563 0.000000 0.000000 0.311563 0.000000 0.000000 0.311563 0.000000 0.000000 0.311563 0.000000 0.000000 0.311563 0.000000 0.000000 0.311563 0.000000 0.000000 0.311563 0.000000 0.000000 0.311563 0.000000 0.000000 0.311563 0.000000 0.000000 0.311563 0.000000 0.000000 0.311563 0.000000 0.000000 0.311563 0.000000 0.000000 0.311563 0.000000 0.000000 0.311563 0.000000 0.000000 0.311563 0.000000 0.000000 0.311563 0.000000 0.000000 0.311563 0.000000 0.000000
0 0.41230062 0.50366 0.046586253 0.07264 0.311563 0.000000 0.000000 0.311563 0.000000 0.000000 0.311563 0.000000 0.000000 0.311563 0.000000 0.000000 0.311563 0.000000 0.000000 0.311563 0.000000 0.000000 0.311563 0.000000 0.000000 0.311563 0.000000 0.000000 0.311563 0.000000 0.000000 0.311563 0.000000 0.000000 0.311563 0.000000 0.000000 0.311563 0.000000 0.000000 0.311563 0.000000 0.000000 0.311563 0.000000 0.000000 0.311563 0.000000 0.000000 0.311563 0.000000 0.000000 0.311563 0.000000 0.000000
0 0.38415873 0.51475 0.0186525 0.04014 0.311563 0.000000 0.000000 0.311563 0.000000 0.000000 0.311563 0.000000 0.000000 0.311563 0.000000 0.000000 0.311563 0.000000 0.000000 0.311563 0.000000 0.000000 0.311563 0.000000 0.000000 0.311563 0.000000 0.000000 0.311563 0.000000 0.000000 0.311563 0.000000 0.000000 0.311563 0.000000 0.000000 0.311563 0.000000 0.000000 0.311563 0.000000 0.000000 0.311563 0.000000 0.000000 0.311563 0.000000 0.000000 0.311563 0.000000 0.000000 0.311563 0.000000 0.000000
0 0.35312563 0.49180004 0.015018751 0.09536 0.311563 0.000000 0.000000 0.311563 0.000000 0.000000 0.311563 0.000000 0.000000 0.311563 0.000000 0.000000 0.311563 0.000000 0.000000 0.311563 0.000000 0.000000 0.311563 0.000000 0.000000 0.311563 0.000000 0.000000 0.311563 0.000000 0.000000 0.311563 0.000000 0.000000 0.311563 0.000000 0.000000 0.311563 0.000000 0.000000 0.311563 0.000000 0.000000 0.311563 0.000000 0.000000 0.311563 0.000000 0.000000 0.311563 0.000000 0.000000 0.311563 0.000000 0.000000
0 0.55328566 0.34969 0.049083754 0.10790001 0.551188 0.314000 2.000000 0.552313 0.310000 2.000000 0.550062 0.312000 2.000000 0.555688 0.312000 2.000000 0.311563 0.000000 0.000000 0.560188 0.328000 2.000000 0.543312 0.328000 2.000000 0.566938 0.342000 2.000000 0.311563 0.000000 0.000000 0.557938 0.354000 2.000000 0.311563 0.000000 0.000000 0.555688 0.360000 2.000000 0.541063 0.360000 2.000000 0.548937 0.366000 2.000000 0.532063 0.360000 2.000000 0.547813 0.392000 2.000000 0.537687 0.392000 2.000000
0 0.54511815 0.25081003 0.019586252 0.080620006 0.311563 0.000000 0.000000 0.311563 0.000000 0.000000 0.311563 0.000000 0.000000 0.311563 0.000000 0.000000 0.311563 0.000000 0.000000 0.311563 0.000000 0.000000 0.311563 0.000000 0.000000 0.311563 0.000000 0.000000 0.311563 0.000000 0.000000 0.311563 0.000000 0.000000 0.311563 0.000000 0.000000 0.311563 0.000000 0.000000 0.311563 0.000000 0.000000 0.311563 0.000000 0.000000 0.311563 0.000000 0.000000 0.311563 0.000000 0.000000 0.311563 0.000000 0.000000
0 0.52226377 0.25906998 0.028710002 0.113620006 0.311563 0.000000 0.000000 0.311563 0.000000 0.000000 0.311563 0.000000 0.000000 0.311563 0.000000 0.000000 0.311563 0.000000 0.000000 0.311563 0.000000 0.000000 0.311563 0.000000 0.000000 0.311563 0.000000 0.000000 0.311563 0.000000 0.000000 0.311563 0.000000 0.000000 0.311563 0.000000 0.000000 0.311563 0.000000 0.000000 0.311563 0.000000 0.000000 0.311563 0.000000 0.000000 0.311563 0.000000 0.000000 0.311563 0.000000 0.000000 0.311563 0.000000 0.000000
0 0.50225 0.46993002 0.0362025 0.051740002 0.311563 0.000000 0.000000 0.311563 0.000000 0.000000 0.311563 0.000000 0.000000 0.311563 0.000000 0.000000 0.311563 0.000000 0.000000 0.311563 0.000000 0.000000 0.311563 0.000000 0.000000 0.311563 0.000000 0.000000 0.311563 0.000000 0.000000 0.311563 0.000000 0.000000 0.311563 0.000000 0.000000 0.311563 0.000000 0.000000 0.311563 0.000000 0.000000 0.311563 0.000000 0.000000 0.311563 0.000000 0.000000 0.311563 0.000000 0.000000 0.311563 0.000000 0.000000
0 0.49938685 0.26604 0.023996253 0.10828 0.311563 0.000000 0.000000 0.311563 0.000000 0.000000 0.311563 0.000000 0.000000 0.311563 0.000000 0.000000 0.311563 0.000000 0.000000 0.311563 0.000000 0.000000 0.311563 0.000000 0.000000 0.311563 0.000000 0.000000 0.311563 0.000000 0.000000 0.311563 0.000000 0.000000 0.311563 0.000000 0.000000 0.311563 0.000000 0.000000 0.311563 0.000000 0.000000 0.311563 0.000000 0.000000 0.311563 0.000000 0.000000 0.311563 0.000000 0.000000 0.311563 0.000000 0.000000
0 0.5 0.37800002 0.37462503 0.42400002 0.311563 0.000000 0.000000 0.311563 0.000000 0.000000 0.311563 0.000000 0.000000 0.311563 0.000000 0.000000 0.311563 0.000000 0.000000 0.311563 0.000000 0.000000 0.311563 0.000000 0.000000 0.311563 0.000000 0.000000 0.311563 0.000000 0.000000 0.311563 0.000000 0.000000 0.311563 0.000000 0.000000 0.311563 0.000000 0.000000 0.311563 0.000000 0.000000 0.311563 0.000000 0.000000 0.311563 0.000000 0.000000 0.311563 0.000000 0.000000 0.311563 0.000000 0.000000