0 0.58366746 0.2277578 0.16599901 0.33773437 0.605469 0.109375 2.000000 0.611621 0.104687 2.000000 0.606348 0.098438 2.000000 0.311914 0.000000 0.000000 0.599316 0.087500 2.000000 0.615137 0.132812 2.000000 0.587012 0.107813 2.000000 0.640625 0.171875 2.000000 0.558008 0.125000 2.000000 0.652051 0.164062 2.000000 0.556250 0.142188 2.000000 0.576465 0.223438 2.000000 0.558887 0.220313 2.000000 0.606348 0.270312 2.000000 0.547461 0.281250 2.000000 0.576465 0.356250 2.000000 0.510547 0.370313 2.000000
0 0.5608686 0.45185158 0.025725586 0.09654688 0.311914 0.000000 0.000000 0.311914 0.000000 0.000000 0.311914 0.000000 0.000000 0.311914 0.000000 0.000000 0.311914 0.000000 0.000000 0.572070 0.417188 2.000000 0.560645 0.407813 2.000000 0.570312 0.439063 2.000000 0.555371 0.431250 2.000000 0.570312 0.457812 2.000000 0.556250 0.451562 2.000000 0.565918 0.464063 2.000000 0.558887 0.459375 2.000000 0.564160 0.487500 2.000000 0.555371 0.484375 2.000000 0.311914 0.000000 0.000000 0.311914 0.000000 0.000000
0 0.59887254 0.4835391 0.024442382 0.06235937 0.311914 0.000000 0.000000 0.311914 0.000000 0.000000 0.311914 0.000000 0.000000 0.311914 0.000000 0.000000 0.311914 0.000000 0.000000 0.311914 0.000000 0.000000 0.311914 0.000000 0.000000 0.311914 0.000000 0.000000 0.311914 0.000000 0.000000 0.311914 0.000000 0.000000 0.311914 0.000000 0.000000 0.311914 0.000000 0.000000 0.311914 0.000000 0.000000 0.311914 0.000000 0.000000 0.311914 0.000000 0.000000 0.311914 0.000000 0.000000 0.311914 0.000000 0.000000
0 0.6233501 0.47661722 0.028995119 0.09510937 0.311914 0.000000 0.000000 0.311914 0.000000 0.000000 0.311914 0.000000 0.000000 0.620410 0.445312 2.000000 0.311914 0.000000 0.000000 0.622168 0.456250 2.000000 0.633594 0.464063 2.000000 0.617773 0.475000 2.000000 0.311914 0.000000 0.000000 0.613379 0.495313 2.000000 0.311914 0.000000 0.000000 0.621289 0.496875 2.000000 0.631836 0.501562 2.000000 0.311914 0.000000 0.000000 0.311914 0.000000 0.000000 0.311914 0.000000 0.000000 0.311914 0.000000 0.000000
0 0.643978 0.49832028 0.021120118 0.06257813 0.311914 0.000000 0.000000 0.311914 0.000000 0.000000 0.311914 0.000000 0.000000 0.311914 0.000000 0.000000 0.311914 0.000000 0.000000 0.311914 0.000000 0.000000 0.311914 0.000000 0.000000 0.311914 0.000000 0.000000 0.311914 0.000000 0.000000 0.311914 0.000000 0.000000 0.311914 0.000000 0.000000 0.311914 0.000000 0.000000 0.311914 0.000000 0.000000 0.311914 0.000000 0.000000 0.311914 0.000000 0.000000 0.311914 0.000000 0.000000 0.311914 0.000000 0.000000
0 0.67385644 0.50513285 0.022183593 0.052921873 0.311914 0.000000 0.000000 0.311914 0.000000 0.000000 0.311914 0.000000 0.000000 0.311914 0.000000 0.000000 0.311914 0.000000 0.000000 0.311914 0.000000 0.000000 0.311914 0.000000 0.000000 0.311914 0.000000 0.000000 0.311914 0.000000 0.000000 0.311914 0.000000 0.000000 0.311914 0.000000 0.000000 0.311914 0.000000 0.000000 0.311914 0.000000 0.000000 0.311914 0.000000 0.000000 0.311914 0.000000 0.000000 0.311914 0.000000 0.000000 0.311914 0.000000 0.000000
0 0.4296128 0.35410157 0.050106443 0.19495311 0.311914 0.000000 0.000000 0.311914 0.000000 0.000000 0.311914 0.000000 0.000000 0.434082 0.270312 2.000000 0.448145 0.276563 2.000000 0.423535 0.300000 2.000000 0.446387 0.304688 2.000000 0.412988 0.332812 2.000000 0.448145 0.339063 2.000000 0.311914 0.000000 0.000000 0.451660 0.359375 2.000000 0.419141 0.378125 2.000000 0.435840 0.379687 2.000000 0.413867 0.429688 2.000000 0.432324 0.431250 1.000000 0.406836 0.470313 1.000000 0.428809 0.475000 1.000000
0 0.34052244 0.28834376 0.033996094 0.13925 0.311914 0.000000 0.000000 0.311914 0.000000 0.000000 0.311914 0.000000 0.000000 0.311914 0.000000 0.000000 0.311914 0.000000 0.000000 0.352344 0.254687 2.000000 0.339160 0.251563 2.000000 0.347070 0.270312 2.000000 0.332129 0.257812 2.000000 0.346191 0.253125 2.000000 0.336523 0.246875 2.000000 0.340918 0.293750 2.000000 0.333008 0.289062 2.000000 0.339160 0.335938 2.000000 0.327734 0.331250 2.000000 0.311914 0.000000 0.000000 0.311914 0.000000 0.000000
0 0.5377403 0.4568828 0.02923242 0.07023437 0.311914 0.000000 0.000000 0.311914 0.000000 0.000000 0.311914 0.000000 0.000000 0.311914 0.000000 0.000000 0.311914 0.000000 0.000000 0.311914 0.000000 0.000000 0.311914 0.000000 0.000000 0.311914 0.000000 0.000000 0.311914 0.000000 0.000000 0.311914 0.000000 0.000000 0.311914 0.000000 0.000000 0.311914 0.000000 0.000000 0.311914 0.000000 0.000000 0.311914 0.000000 0.000000 0.311914 0.000000 0.000000 0.311914 0.000000 0.000000 0.311914 0.000000 0.000000
0 0.58092976 0.4796875 0.016154297 0.055531252 0.311914 0.000000 0.000000 0.311914 0.000000 0.000000 0.311914 0.000000 0.000000 0.311914 0.000000 0.000000 0.311914 0.000000 0.000000 0.311914 0.000000 0.000000 0.311914 0.000000 0.000000 0.311914 0.000000 0.000000 0.311914 0.000000 0.000000 0.311914 0.000000 0.000000 0.311914 0.000000 0.000000 0.311914 0.000000 0.000000 0.311914 0.000000 0.000000 0.311914 0.000000 0.000000 0.311914 0.000000 0.000000 0.311914 0.000000 0.000000 0.311914 0.000000 0.000000
0 0.38190135 0.34733593 0.038232423 0.08226563 0.397168 0.328125 2.000000 0.397168 0.321875 2.000000 0.391895 0.321875 2.000000 0.311914 0.000000 0.000000 0.386621 0.318750 2.000000 0.394531 0.339063 2.000000 0.376953 0.326562 2.000000 0.311914 0.000000 0.000000 0.311914 0.000000 0.000000 0.311914 0.000000 0.000000 0.311914 0.000000 0.000000 0.386621 0.364062 2.000000 0.370801 0.359375 2.000000 0.388379 0.354688 2.000000 0.370801 0.335938 2.000000 0.376953 0.370313 2.000000 0.364648 0.351562 1.000000
0 0.502228 0.34966406 0.028520508 0.05026562 0.311914 0.000000 0.000000 0.311914 0.000000 0.000000 0.311914 0.000000 0.000000 0.311914 0.000000 0.000000 0.311914 0.000000 0.000000 0.311914 0.000000 0.000000 0.311914 0.000000 0.000000 0.311914 0.000000 0.000000 0.311914 0.000000 0.000000 0.311914 0.000000 0.000000 0.311914 0.000000 0.000000 0.311914 0.000000 0.000000 0.311914 0.000000 0.000000 0.311914 0.000000 0.000000 0.311914 0.000000 0.000000 0.311914 0.000000 0.000000 0.311914 0.000000 0.000000
0 0.5767241 0.47031254 0.021454101 0.061093748 0.311914 0.000000 0.000000 0.311914 0.000000 0.000000 0.311914 0.000000 0.000000 0.311914 0.000000 0.000000 0.311914 0.000000 0.000000 0.311914 0.000000 0.000000 0.311914 0.000000 0.000000 0.311914 0.000000 0.000000 0.311914 0.000000 0.000000 0.311914 0.000000 0.000000 0.311914 0.000000 0.000000 0.311914 0.000000 0.000000 0.311914 0.000000 0.000000 0.311914 0.000000 0.000000 0.311914 0.000000 0.000000 0.311914 0.000000 0.000000 0.311914 0.000000 0.000000