0 0.573125 0.6773888 0.17710188 0.64339584 0.557963 0.426230 2.000000 0.078454 0.000000 0.000000 0.554011 0.414520 2.000000 0.078454 0.000000 0.000000 0.526347 0.440281 2.000000 0.563232 0.489461 2.000000 0.507904 0.501171 2.000000 0.604069 0.487119 2.000000 0.500000 0.585480 2.000000 0.639637 0.414520 2.000000 0.519760 0.475410 2.000000 0.550059 0.718970 2.000000 0.528981 0.718970 2.000000 0.560597 0.885246 2.000000 0.540837 0.911007 2.000000 0.078454 0.000000 0.000000 0.078454 0.000000 0.000000
0 0.27438083 0.5595434 0.14661886 0.7550586 0.256294 0.274005 2.000000 0.262881 0.259953 2.000000 0.078454 0.000000 0.000000 0.285275 0.271663 2.000000 0.078454 0.000000 0.000000 0.314256 0.339578 2.000000 0.264198 0.355972 2.000000 0.336651 0.444965 2.000000 0.236534 0.451991 2.000000 0.276054 0.437939 2.000000 0.235217 0.377049 2.000000 0.293179 0.555035 2.000000 0.252342 0.562061 2.000000 0.277371 0.681499 2.000000 0.257611 0.711944 2.000000 0.315574 0.831382 2.000000 0.277371 0.871194 2.000000
0 0.21249928 0.40285712 0.05652664 0.3453864 0.237851 0.269321 2.000000 0.078454 0.000000 0.000000 0.235217 0.259953 2.000000 0.078454 0.000000 0.000000 0.229947 0.274005 2.000000 0.208870 0.316159 2.000000 0.228630 0.325527 2.000000 0.078454 0.000000 0.000000 0.264198 0.351288 1.000000 0.078454 0.000000 0.000000 0.078454 0.000000 0.000000 0.216774 0.461358 2.000000 0.225995 0.459016 2.000000 0.227313 0.573770 1.000000 0.231265 0.573770 1.000000 0.231265 0.686183 1.000000 0.210187 0.686183 1.000000
0 0.11709163 0.700445 0.07727459 0.57882905 0.078454 0.000000 0.000000 0.078454 0.000000 0.000000 0.078454 0.000000 0.000000 0.082406 0.498829 2.000000 0.078454 0.000000 0.000000 0.121926 0.590164 2.000000 0.078454 0.000000 0.000000 0.127196 0.728337 2.000000 0.078454 0.000000 0.000000 0.083724 0.791569 2.000000 0.078454 0.000000 0.000000 0.083724 0.932084 2.000000 0.078454 0.000000 0.000000 0.078454 0.000000 0.000000 0.078454 0.000000 0.000000 0.078454 0.000000 0.000000 0.078454 0.000000 0.000000
0 0.14422204 0.55548006 0.13153543 0.7227635 0.129830 0.259953 2.000000 0.135100 0.252927 2.000000 0.121926 0.255269 2.000000 0.078454 0.000000 0.000000 0.102166 0.266979 2.000000 0.162763 0.339578 2.000000 0.081089 0.351288 2.000000 0.197014 0.430913 2.000000 0.078454 0.000000 0.000000 0.164081 0.419204 2.000000 0.112705 0.459016 1.000000 0.157494 0.555035 2.000000 0.111388 0.559719 1.000000 0.146956 0.733021 1.000000 0.078454 0.000000 0.000000 0.135100 0.885246 1.000000 0.078454 0.000000 0.000000
0 0.46340457 0.36519906 0.046159253 0.13606557 0.445989 0.323185 2.000000 0.448624 0.318501 2.000000 0.445989 0.318501 2.000000 0.457845 0.320843 1.000000 0.078454 0.000000 0.000000 0.449941 0.341920 2.000000 0.468384 0.341920 2.000000 0.448624 0.381733 2.000000 0.480240 0.372365 2.000000 0.078454 0.000000 0.000000 0.078454 0.000000 0.000000 0.456528 0.407494 2.000000 0.469701 0.409836 2.000000 0.078454 0.000000 0.000000 0.078454 0.000000 0.000000 0.078454 0.000000 0.000000 0.078454 0.000000 0.000000
0 0.51623607 0.34202576 0.035212234 0.07238875 0.078454 0.000000 0.000000 0.078454 0.000000 0.000000 0.078454 0.000000 0.000000 0.078454 0.000000 0.000000 0.078454 0.000000 0.000000 0.078454 0.000000 0.000000 0.078454 0.000000 0.000000 0.078454 0.000000 0.000000 0.078454 0.000000 0.000000 0.078454 0.000000 0.000000 0.078454 0.000000 0.000000 0.078454 0.000000 0.000000 0.078454 0.000000 0.000000 0.078454 0.000000 0.000000 0.078454 0.000000 0.000000 0.078454 0.000000 0.000000 0.078454 0.000000 0.000000
0 0.6045697 0.3869906 0.05862119 0.16217798 0.601434 0.334895 2.000000 0.600117 0.330211 2.000000 0.597482 0.332553 2.000000 0.078454 0.000000 0.000000 0.586944 0.332553 2.000000 0.592213 0.348946 2.000000 0.589578 0.353630 2.000000 0.605386 0.348946 2.000000 0.598800 0.365340 2.000000 0.610656 0.346604 2.000000 0.614608 0.367682 2.000000 0.593530 0.402810 2.000000 0.585626 0.405152 2.000000 0.594848 0.440281 2.000000 0.590896 0.444965 2.000000 0.078454 0.000000 0.000000 0.078454 0.000000 0.000000
0 0.89818275 0.36264634 0.033499707 0.09358314 0.078454 0.000000 0.000000 0.078454 0.000000 0.000000 0.078454 0.000000 0.000000 0.078454 0.000000 0.000000 0.078454 0.000000 0.000000 0.078454 0.000000 0.000000 0.078454 0.000000 0.000000 0.078454 0.000000 0.000000 0.078454 0.000000 0.000000 0.078454 0.000000 0.000000 0.078454 0.000000 0.000000 0.078454 0.000000 0.000000 0.078454 0.000000 0.000000 0.078454 0.000000 0.000000 0.078454 0.000000 0.000000 0.078454 0.000000 0.000000 0.078454 0.000000 0.000000
0 0.71897984 0.4188876 0.062863 0.0722014 0.078454 0.000000 0.000000 0.078454 0.000000 0.000000 0.078454 0.000000 0.000000 0.078454 0.000000 0.000000 0.078454 0.000000 0.000000 0.078454 0.000000 0.000000 0.078454 0.000000 0.000000 0.078454 0.000000 0.000000 0.078454 0.000000 0.000000 0.078454 0.000000 0.000000 0.078454 0.000000 0.000000 0.078454 0.000000 0.000000 0.078454 0.000000 0.000000 0.078454 0.000000 0.000000 0.078454 0.000000 0.000000 0.078454 0.000000 0.000000 0.078454 0.000000 0.000000
0 0.63369584 0.3712061 0.017546838 0.062365334 0.078454 0.000000 0.000000 0.078454 0.000000 0.000000 0.078454 0.000000 0.000000 0.078454 0.000000 0.000000 0.078454 0.000000 0.000000 0.078454 0.000000 0.000000 0.078454 0.000000 0.000000 0.078454 0.000000 0.000000 0.078454 0.000000 0.000000 0.078454 0.000000 0.000000 0.078454 0.000000 0.000000 0.078454 0.000000 0.000000 0.078454 0.000000 0.000000 0.078454 0.000000 0.000000 0.078454 0.000000 0.000000 0.078454 0.000000 0.000000 0.078454 0.000000 0.000000
0 0.34597778 0.55736536 0.096375875 0.56920373 0.078454 0.000000 0.000000 0.078454 0.000000 0.000000 0.078454 0.000000 0.000000 0.078454 0.000000 0.000000 0.335334 0.318501 2.000000 0.298449 0.391101 1.000000 0.343238 0.395785 1.000000 0.078454 0.000000 0.000000 0.360363 0.480094 2.000000 0.078454 0.000000 0.000000 0.078454 0.000000 0.000000 0.301083 0.585480 1.000000 0.331382 0.590164 2.000000 0.305035 0.693208 2.000000 0.356411 0.697892 2.000000 0.306352 0.819672 1.000000 0.378806 0.812646 2.000000
0 0.7636768 0.3711007 0.046211947 0.16782202 0.078454 0.000000 0.000000 0.078454 0.000000 0.000000 0.078454 0.000000 0.000000 0.755562 0.306792 2.000000 0.768735 0.309133 2.000000 0.745023 0.332553 1.000000 0.779274 0.341920 2.000000 0.078454 0.000000 0.000000 0.781909 0.379391 2.000000 0.078454 0.000000 0.000000 0.078454 0.000000 0.000000 0.748975 0.416862 2.000000 0.770053 0.419204 2.000000 0.078454 0.000000 0.000000 0.078454 0.000000 0.000000 0.078454 0.000000 0.000000 0.078454 0.000000 0.000000
0 0.53425056 0.33723652 0.7245316 0.28103045 0.078454 0.000000 0.000000 0.078454 0.000000 0.000000 0.078454 0.000000 0.000000 0.078454 0.000000 0.000000 0.078454 0.000000 0.000000 0.078454 0.000000 0.000000 0.078454 0.000000 0.000000 0.078454 0.000000 0.000000 0.078454 0.000000 0.000000 0.078454 0.000000 0.000000 0.078454 0.000000 0.000000 0.078454 0.000000 0.000000 0.078454 0.000000 0.000000 0.078454 0.000000 0.000000 0.078454 0.000000 0.000000 0.078454 0.000000 0.000000 0.078454 0.000000 0.000000