0 0.596211 0.82553124 0.05477344 0.27202088 0.604297 0.722917 2.000000 0.125000 0.000000 0.000000 0.600781 0.718750 2.000000 0.125000 0.000000 0.000000 0.593750 0.720833 2.000000 0.606641 0.752083 2.000000 0.579687 0.747917 2.000000 0.610156 0.783333 2.000000 0.570312 0.787500 2.000000 0.616016 0.816667 2.000000 0.567969 0.820833 1.000000 0.600781 0.825000 2.000000 0.585547 0.822917 2.000000 0.600781 0.891667 2.000000 0.582031 0.885417 2.000000 0.603125 0.939583 2.000000 0.580859 0.937500 2.000000
0 0.5255176 0.8125104 0.033292968 0.23372917 0.125000 0.000000 0.000000 0.516406 0.712500 2.000000 0.125000 0.000000 0.000000 0.522266 0.712500 2.000000 0.125000 0.000000 0.000000 0.524609 0.733333 2.000000 0.536328 0.733333 2.000000 0.521094 0.772917 2.000000 0.125000 0.000000 0.000000 0.516406 0.808333 2.000000 0.125000 0.000000 0.000000 0.524609 0.808333 2.000000 0.536328 0.808333 2.000000 0.518750 0.856250 2.000000 0.530469 0.854167 2.000000 0.522266 0.914583 2.000000 0.526953 0.904167 2.000000
0 0.43825975 0.79062504 0.03570703 0.217125 0.454297 0.708333 2.000000 0.125000 0.000000 0.000000 0.451953 0.702083 2.000000 0.125000 0.000000 0.000000 0.444922 0.700000 2.000000 0.125000 0.000000 0.000000 0.440234 0.727083 2.000000 0.125000 0.000000 0.000000 0.443750 0.762500 2.000000 0.125000 0.000000 0.000000 0.450781 0.787500 2.000000 0.442578 0.777083 2.000000 0.435547 0.779167 2.000000 0.446094 0.827083 2.000000 0.429688 0.825000 2.000000 0.436719 0.883333 2.000000 0.422656 0.883333 2.000000
0 0.3250508 0.73112506 0.0435 0.109875 0.323047 0.691667 2.000000 0.326562 0.689583 2.000000 0.321875 0.689583 2.000000 0.332422 0.691667 2.000000 0.125000 0.000000 0.000000 0.338281 0.718750 2.000000 0.314844 0.714583 2.000000 0.342969 0.747917 2.000000 0.305469 0.739583 2.000000 0.337109 0.760417 2.000000 0.308984 0.758333 2.000000 0.330078 0.772917 2.000000 0.317187 0.772917 2.000000 0.325391 0.820833 1.000000 0.313672 0.820833 1.000000 0.125000 0.000000 0.000000 0.125000 0.000000 0.000000
0 0.35671484 0.74627084 0.018070312 0.16833334 0.125000 0.000000 0.000000 0.125000 0.000000 0.000000 0.125000 0.000000 0.000000 0.125000 0.000000 0.000000 0.125000 0.000000 0.000000 0.125000 0.000000 0.000000 0.125000 0.000000 0.000000 0.125000 0.000000 0.000000 0.125000 0.000000 0.000000 0.125000 0.000000 0.000000 0.125000 0.000000 0.000000 0.125000 0.000000 0.000000 0.125000 0.000000 0.000000 0.125000 0.000000 0.000000 0.125000 0.000000 0.000000 0.125000 0.000000 0.000000 0.125000 0.000000 0.000000
0 0.4080957 0.6948334 0.018832032 0.056791667 0.125000 0.000000 0.000000 0.125000 0.000000 0.000000 0.125000 0.000000 0.000000 0.125000 0.000000 0.000000 0.125000 0.000000 0.000000 0.125000 0.000000 0.000000 0.125000 0.000000 0.000000 0.125000 0.000000 0.000000 0.125000 0.000000 0.000000 0.125000 0.000000 0.000000 0.125000 0.000000 0.000000 0.125000 0.000000 0.000000 0.125000 0.000000 0.000000 0.125000 0.000000 0.000000 0.125000 0.000000 0.000000 0.125000 0.000000 0.000000 0.125000 0.000000 0.000000
0 0.44045117 0.6847708 0.018128905 0.057875 0.125000 0.000000 0.000000 0.125000 0.000000 0.000000 0.125000 0.000000 0.000000 0.125000 0.000000 0.000000 0.125000 0.000000 0.000000 0.125000 0.000000 0.000000 0.125000 0.000000 0.000000 0.125000 0.000000 0.000000 0.125000 0.000000 0.000000 0.125000 0.000000 0.000000 0.125000 0.000000 0.000000 0.125000 0.000000 0.000000 0.125000 0.000000 0.000000 0.125000 0.000000 0.000000 0.125000 0.000000 0.000000 0.125000 0.000000 0.000000 0.125000 0.000000 0.000000
0 0.26696095 0.77028126 0.03339844 0.19706249 0.273828 0.691667 2.000000 0.276172 0.685417 2.000000 0.271484 0.687500 2.000000 0.125000 0.000000 0.000000 0.266797 0.687500 2.000000 0.279687 0.714583 2.000000 0.257422 0.712500 2.000000 0.280859 0.741667 2.000000 0.253906 0.737500 2.000000 0.277344 0.727083 2.000000 0.257422 0.739583 2.000000 0.272656 0.768750 2.000000 0.259766 0.768750 2.000000 0.271484 0.808333 2.000000 0.258594 0.808333 2.000000 0.269141 0.850000 2.000000 0.257422 0.841667 2.000000
0 0.6657383 0.8435833 0.051234376 0.258375 0.675781 0.739583 2.000000 0.125000 0.000000 0.000000 0.674609 0.733333 2.000000 0.125000 0.000000 0.000000 0.667578 0.737500 2.000000 0.668750 0.766667 2.000000 0.657031 0.770833 2.000000 0.125000 0.000000 0.000000 0.650000 0.806250 2.000000 0.125000 0.000000 0.000000 0.647656 0.841667 2.000000 0.668750 0.845833 2.000000 0.655859 0.852083 2.000000 0.675781 0.887500 2.000000 0.651172 0.904167 2.000000 0.673437 0.950000 2.000000 0.645312 0.956250 2.000000
0 0.20492773 0.7296667 0.048527345 0.111499995 0.125000 0.000000 0.000000 0.125000 0.000000 0.000000 0.207031 0.691667 2.000000 0.125000 0.000000 0.000000 0.202344 0.695833 2.000000 0.188281 0.725000 2.000000 0.216406 0.716667 2.000000 0.185937 0.766667 2.000000 0.222266 0.743750 2.000000 0.125000 0.000000 0.000000 0.224609 0.781250 2.000000 0.195312 0.787500 1.000000 0.217578 0.785417 1.000000 0.125000 0.000000 0.000000 0.125000 0.000000 0.000000 0.125000 0.000000 0.000000 0.125000 0.000000 0.000000
0 0.28639647 0.6937396 0.023519533 0.07627083 0.125000 0.000000 0.000000 0.125000 0.000000 0.000000 0.125000 0.000000 0.000000 0.125000 0.000000 0.000000 0.125000 0.000000 0.000000 0.125000 0.000000 0.000000 0.125000 0.000000 0.000000 0.125000 0.000000 0.000000 0.125000 0.000000 0.000000 0.125000 0.000000 0.000000 0.125000 0.000000 0.000000 0.125000 0.000000 0.000000 0.125000 0.000000 0.000000 0.125000 0.000000 0.000000 0.125000 0.000000 0.000000 0.125000 0.000000 0.000000 0.125000 0.000000 0.000000
0 0.3004473 0.7646563 0.03458203 0.19852082 0.300781 0.683333 2.000000 0.303125 0.681250 2.000000 0.299609 0.681250 2.000000 0.308984 0.681250 2.000000 0.125000 0.000000 0.000000 0.313672 0.706250 2.000000 0.293750 0.704167 2.000000 0.125000 0.000000 0.000000 0.125000 0.000000 0.000000 0.125000 0.000000 0.000000 0.286719 0.722917 2.000000 0.308984 0.760417 1.000000 0.293750 0.758333 2.000000 0.304297 0.810417 1.000000 0.294922 0.804167 2.000000 0.125000 0.000000 0.000000 0.292578 0.847917 1.000000
0 0.34470898 0.77087504 0.026472656 0.1835 0.125000 0.000000 0.000000 0.125000 0.000000 0.000000 0.125000 0.000000 0.000000 0.125000 0.000000 0.000000 0.125000 0.000000 0.000000 0.125000 0.000000 0.000000 0.125000 0.000000 0.000000 0.125000 0.000000 0.000000 0.125000 0.000000 0.000000 0.125000 0.000000 0.000000 0.125000 0.000000 0.000000 0.125000 0.000000 0.000000 0.125000 0.000000 0.000000 0.125000 0.000000 0.000000 0.125000 0.000000 0.000000 0.125000 0.000000 0.000000 0.125000 0.000000 0.000000
0 0.49941406 0.75625 0.7488281 0.39166668 0.125000 0.000000 0.000000 0.125000 0.000000 0.000000 0.125000 0.000000 0.000000 0.125000 0.000000 0.000000 0.125000 0.000000 0.000000 0.125000 0.000000 0.000000 0.125000 0.000000 0.000000 0.125000 0.000000 0.000000 0.125000 0.000000 0.000000 0.125000 0.000000 0.000000 0.125000 0.000000 0.000000 0.125000 0.000000 0.000000 0.125000 0.000000 0.000000 0.125000 0.000000 0.000000 0.125000 0.000000 0.000000 0.125000 0.000000 0.000000 0.125000 0.000000 0.000000