0 0.8708359 0.6772778 0.075859375 0.23044445 0.000000 0.204167 0.000000 0.000000 0.204167 0.000000 0.000000 0.204167 0.000000 0.000000 0.204167 0.000000 0.873438 0.587500 2.000000 0.846875 0.623611 2.000000 0.889063 0.623611 2.000000 0.843750 0.668056 1.000000 0.895312 0.665278 2.000000 0.000000 0.204167 0.000000 0.000000 0.204167 0.000000 0.848437 0.745833 2.000000 0.887500 0.745833 2.000000 0.000000 0.204167 0.000000 0.000000 0.204167 0.000000 0.000000 0.204167 0.000000 0.000000 0.204167 0.000000
0 0.8076641 0.6759722 0.049390625 0.23811111 0.821875 0.595833 2.000000 0.000000 0.204167 0.000000 0.820312 0.590278 2.000000 0.000000 0.204167 0.000000 0.810938 0.590278 2.000000 0.795313 0.626389 2.000000 0.810938 0.615278 2.000000 0.000000 0.204167 0.000000 0.809375 0.654167 2.000000 0.000000 0.204167 0.000000 0.821875 0.693056 2.000000 0.796875 0.706944 1.000000 0.812500 0.701389 2.000000 0.798437 0.770833 2.000000 0.821875 0.773611 2.000000 0.000000 0.204167 0.000000 0.000000 0.204167 0.000000
0 0.14847656 0.6500695 0.007765625 0.030805556 0.000000 0.204167 0.000000 0.000000 0.204167 0.000000 0.000000 0.204167 0.000000 0.000000 0.204167 0.000000 0.000000 0.204167 0.000000 0.000000 0.204167 0.000000 0.000000 0.204167 0.000000 0.000000 0.204167 0.000000 0.000000 0.204167 0.000000 0.000000 0.204167 0.000000 0.000000 0.204167 0.000000 0.000000 0.204167 0.000000 0.000000 0.204167 0.000000 0.000000 0.204167 0.000000 0.000000 0.204167 0.000000 0.000000 0.204167 0.000000 0.000000 0.204167 0.000000
0 0.19879688 0.64886105 0.0040625 0.014222221 0.000000 0.204167 0.000000 0.000000 0.204167 0.000000 0.000000 0.204167 0.000000 0.000000 0.204167 0.000000 0.000000 0.204167 0.000000 0.000000 0.204167 0.000000 0.000000 0.204167 0.000000 0.000000 0.204167 0.000000 0.000000 0.204167 0.000000 0.000000 0.204167 0.000000 0.000000 0.204167 0.000000 0.000000 0.204167 0.000000 0.000000 0.204167 0.000000 0.000000 0.204167 0.000000 0.000000 0.204167 0.000000 0.000000 0.204167 0.000000 0.000000 0.204167 0.000000
0 0.58589065 0.6180556 0.0029999998 0.013222223 0.000000 0.204167 0.000000 0.000000 0.204167 0.000000 0.000000 0.204167 0.000000 0.000000 0.204167 0.000000 0.000000 0.204167 0.000000 0.000000 0.204167 0.000000 0.000000 0.204167 0.000000 0.000000 0.204167 0.000000 0.000000 0.204167 0.000000 0.000000 0.204167 0.000000 0.000000 0.204167 0.000000 0.000000 0.204167 0.000000 0.000000 0.204167 0.000000 0.000000 0.204167 0.000000 0.000000 0.204167 0.000000 0.000000 0.204167 0.000000 0.000000 0.204167 0.000000
0 0.16304688 0.65026385 0.0045312503 0.027194444 0.000000 0.204167 0.000000 0.000000 0.204167 0.000000 0.000000 0.204167 0.000000 0.000000 0.204167 0.000000 0.000000 0.204167 0.000000 0.000000 0.204167 0.000000 0.000000 0.204167 0.000000 0.000000 0.204167 0.000000 0.000000 0.204167 0.000000 0.000000 0.204167 0.000000 0.000000 0.204167 0.000000 0.000000 0.204167 0.000000 0.000000 0.204167 0.000000 0.000000 0.204167 0.000000 0.000000 0.204167 0.000000 0.000000 0.204167 0.000000 0.000000 0.204167 0.000000
0 0.9772265 0.6328055 0.016046876 0.079444446 0.000000 0.204167 0.000000 0.000000 0.204167 0.000000 0.000000 0.204167 0.000000 0.000000 0.204167 0.000000 0.000000 0.204167 0.000000 0.000000 0.204167 0.000000 0.000000 0.204167 0.000000 0.000000 0.204167 0.000000 0.000000 0.204167 0.000000 0.000000 0.204167 0.000000 0.000000 0.204167 0.000000 0.000000 0.204167 0.000000 0.000000 0.204167 0.000000 0.000000 0.204167 0.000000 0.000000 0.204167 0.000000 0.000000 0.204167 0.000000 0.000000 0.204167 0.000000
0 0.23451562 0.6457639 0.0047812504 0.015416668 0.000000 0.204167 0.000000 0.000000 0.204167 0.000000 0.000000 0.204167 0.000000 0.000000 0.204167 0.000000 0.000000 0.204167 0.000000 0.000000 0.204167 0.000000 0.000000 0.204167 0.000000 0.000000 0.204167 0.000000 0.000000 0.204167 0.000000 0.000000 0.204167 0.000000 0.000000 0.204167 0.000000 0.000000 0.204167 0.000000 0.000000 0.204167 0.000000 0.000000 0.204167 0.000000 0.000000 0.204167 0.000000 0.000000 0.204167 0.000000 0.000000 0.204167 0.000000
0 0.22529687 0.64447224 0.00421875 0.012000001 0.000000 0.204167 0.000000 0.000000 0.204167 0.000000 0.000000 0.204167 0.000000 0.000000 0.204167 0.000000 0.000000 0.204167 0.000000 0.000000 0.204167 0.000000 0.000000 0.204167 0.000000 0.000000 0.204167 0.000000 0.000000 0.204167 0.000000 0.000000 0.204167 0.000000 0.000000 0.204167 0.000000 0.000000 0.204167 0.000000 0.000000 0.204167 0.000000 0.000000 0.204167 0.000000 0.000000 0.204167 0.000000 0.000000 0.204167 0.000000 0.000000 0.204167 0.000000
0 0.98769534 0.63786113 0.024609376 0.19688888 0.000000 0.204167 0.000000 0.000000 0.204167 0.000000 0.000000 0.204167 0.000000 0.000000 0.204167 0.000000 0.000000 0.204167 0.000000 0.000000 0.204167 0.000000 0.000000 0.204167 0.000000 0.000000 0.204167 0.000000 0.000000 0.204167 0.000000 0.000000 0.204167 0.000000 0.000000 0.204167 0.000000 0.000000 0.204167 0.000000 0.000000 0.204167 0.000000 0.000000 0.204167 0.000000 0.000000 0.204167 0.000000 0.000000 0.204167 0.000000 0.000000 0.204167 0.000000
0 0.20845313 0.6495 0.0023125 0.012166667 0.000000 0.204167 0.000000 0.000000 0.204167 0.000000 0.000000 0.204167 0.000000 0.000000 0.204167 0.000000 0.000000 0.204167 0.000000 0.000000 0.204167 0.000000 0.000000 0.204167 0.000000 0.000000 0.204167 0.000000 0.000000 0.204167 0.000000 0.000000 0.204167 0.000000 0.000000 0.204167 0.000000 0.000000 0.204167 0.000000 0.000000 0.204167 0.000000 0.000000 0.204167 0.000000 0.000000 0.204167 0.000000 0.000000 0.204167 0.000000 0.000000 0.204167 0.000000
0 0.94178903 0.68927777 0.07548438 0.21311112 0.000000 0.204167 0.000000 0.000000 0.204167 0.000000 0.967188 0.612500 2.000000 0.000000 0.204167 0.000000 0.960938 0.618056 2.000000 0.957812 0.648611 2.000000 0.945312 0.656944 2.000000 0.962500 0.687500 2.000000 0.935938 0.706944 2.000000 0.981250 0.673611 1.000000 0.948438 0.715278 2.000000 0.957812 0.751389 1.000000 0.946875 0.759722 1.000000 0.000000 0.204167 0.000000 0.000000 0.204167 0.000000 0.000000 0.204167 0.000000 0.000000 0.204167 0.000000
0 0.49375 0.62222224 0.984375 0.13611111 0.000000 0.204167 0.000000 0.000000 0.204167 0.000000 0.000000 0.204167 0.000000 0.000000 0.204167 0.000000 0.000000 0.204167 0.000000 0.000000 0.204167 0.000000 0.000000 0.204167 0.000000 0.000000 0.204167 0.000000 0.000000 0.204167 0.000000 0.000000 0.204167 0.000000 0.000000 0.204167 0.000000 0.000000 0.204167 0.000000 0.000000 0.204167 0.000000 0.000000 0.204167 0.000000 0.000000 0.204167 0.000000 0.000000 0.204167 0.000000 0.000000 0.204167 0.000000