0 0.6032412 0.65262 0.09486 0.24712002 0.605187 0.592000 2.000000 0.610812 0.584000 2.000000 0.599563 0.586000 2.000000 0.312687 0.000000 0.000000 0.587188 0.570000 2.000000 0.619813 0.588000 2.000000 0.574813 0.592000 2.000000 0.312687 0.000000 0.000000 0.570312 0.668000 1.000000 0.634438 0.648000 2.000000 0.604062 0.656000 1.000000 0.617562 0.696000 1.000000 0.584938 0.698000 1.000000 0.645687 0.738000 2.000000 0.312687 0.000000 0.000000 0.312687 0.000000 0.000000 0.312687 0.000000 0.000000
0 0.45492688 0.47904003 0.04687875 0.22444002 0.312687 0.000000 0.000000 0.312687 0.000000 0.000000 0.312687 0.000000 0.000000 0.312687 0.000000 0.000000 0.463437 0.388000 2.000000 0.448812 0.410000 2.000000 0.463437 0.406000 2.000000 0.442062 0.440000 2.000000 0.474688 0.426000 2.000000 0.438688 0.436000 1.000000 0.472437 0.438000 2.000000 0.449937 0.460000 2.000000 0.463437 0.460000 2.000000 0.457812 0.506000 2.000000 0.463437 0.508000 2.000000 0.466813 0.570000 1.000000 0.458938 0.568000 2.000000
0 0.5170381 0.42801005 0.038013753 0.06106 0.312687 0.000000 0.000000 0.312687 0.000000 0.000000 0.312687 0.000000 0.000000 0.312687 0.000000 0.000000 0.312687 0.000000 0.000000 0.312687 0.000000 0.000000 0.312687 0.000000 0.000000 0.312687 0.000000 0.000000 0.312687 0.000000 0.000000 0.312687 0.000000 0.000000 0.312687 0.000000 0.000000 0.312687 0.000000 0.000000 0.312687 0.000000 0.000000 0.312687 0.000000 0.000000 0.312687 0.000000 0.000000 0.312687 0.000000 0.000000 0.312687 0.000000 0.000000
0 0.53749067 0.40709004 0.00635625 0.046700004 0.312687 0.000000 0.000000 0.312687 0.000000 0.000000 0.312687 0.000000 0.000000 0.312687 0.000000 0.000000 0.312687 0.000000 0.000000 0.312687 0.000000 0.000000 0.312687 0.000000 0.000000 0.312687 0.000000 0.000000 0.312687 0.000000 0.000000 0.312687 0.000000 0.000000 0.312687 0.000000 0.000000 0.312687 0.000000 0.000000 0.312687 0.000000 0.000000 0.312687 0.000000 0.000000 0.312687 0.000000 0.000000 0.312687 0.000000 0.000000 0.312687 0.000000 0.000000
0 0.42374188 0.39981 0.021791251 0.056380004 0.312687 0.000000 0.000000 0.312687 0.000000 0.000000 0.312687 0.000000 0.000000 0.312687 0.000000 0.000000 0.312687 0.000000 0.000000 0.312687 0.000000 0.000000 0.312687 0.000000 0.000000 0.312687 0.000000 0.000000 0.312687 0.000000 0.000000 0.312687 0.000000 0.000000 0.312687 0.000000 0.000000 0.312687 0.000000 0.000000 0.312687 0.000000 0.000000 0.312687 0.000000 0.000000 0.312687 0.000000 0.000000 0.312687 0.000000 0.000000 0.312687 0.000000 0.000000
0 0.43408626 0.47775003 0.041197497 0.14738001 0.312687 0.000000 0.000000 0.312687 0.000000 0.000000 0.312687 0.000000 0.000000 0.312687 0.000000 0.000000 0.312687 0.000000 0.000000 0.312687 0.000000 0.000000 0.312687 0.000000 0.000000 0.312687 0.000000 0.000000 0.312687 0.000000 0.000000 0.312687 0.000000 0.000000 0.312687 0.000000 0.000000 0.312687 0.000000 0.000000 0.312687 0.000000 0.000000 0.312687 0.000000 0.000000 0.312687 0.000000 0.000000 0.312687 0.000000 0.000000 0.312687 0.000000 0.000000
0 0.48984128 0.43279 0.028237501 0.15742001 0.312687 0.000000 0.000000 0.312687 0.000000 0.000000 0.312687 0.000000 0.000000 0.312687 0.000000 0.000000 0.312687 0.000000 0.000000 0.312687 0.000000 0.000000 0.312687 0.000000 0.000000 0.312687 0.000000 0.000000 0.312687 0.000000 0.000000 0.312687 0.000000 0.000000 0.312687 0.000000 0.000000 0.312687 0.000000 0.000000 0.312687 0.000000 0.000000 0.312687 0.000000 0.000000 0.312687 0.000000 0.000000 0.312687 0.000000 0.000000 0.312687 0.000000 0.000000
0 0.48137563 0.40788004 0.0136687495 0.0868 0.312687 0.000000 0.000000 0.312687 0.000000 0.000000 0.312687 0.000000 0.000000 0.312687 0.000000 0.000000 0.312687 0.000000 0.000000 0.312687 0.000000 0.000000 0.312687 0.000000 0.000000 0.312687 0.000000 0.000000 0.312687 0.000000 0.000000 0.312687 0.000000 0.000000 0.312687 0.000000 0.000000 0.312687 0.000000 0.000000 0.312687 0.000000 0.000000 0.312687 0.000000 0.000000 0.312687 0.000000 0.000000 0.312687 0.000000 0.000000 0.312687 0.000000 0.000000
0 0.47512063 0.39332998 0.00669375 0.031940002 0.312687 0.000000 0.000000 0.312687 0.000000 0.000000 0.312687 0.000000 0.000000 0.312687 0.000000 0.000000 0.312687 0.000000 0.000000 0.312687 0.000000 0.000000 0.312687 0.000000 0.000000 0.312687 0.000000 0.000000 0.312687 0.000000 0.000000 0.312687 0.000000 0.000000 0.312687 0.000000 0.000000 0.312687 0.000000 0.000000 0.312687 0.000000 0.000000 0.312687 0.000000 0.000000 0.312687 0.000000 0.000000 0.312687 0.000000 0.000000 0.312687 0.000000 0.000000
0 0.32123184 0.57891005 0.014411251 0.41786 0.312687 0.000000 0.000000 0.312687 0.000000 0.000000 0.312687 0.000000 0.000000 0.312687 0.000000 0.000000 0.312687 0.000000 0.000000 0.314938 0.438000 2.000000 0.312687 0.000000 0.000000 0.316062 0.518000 2.000000 0.312687 0.000000 0.000000 0.312687 0.000000 0.000000 0.312687 0.000000 0.000000 0.316062 0.570000 2.000000 0.312687 0.000000 0.000000 0.316062 0.654000 2.000000 0.312687 0.000000 0.000000 0.317187 0.756000 2.000000 0.312687 0.000000 0.000000
0 0.52035123 0.35727003 0.0038700001 0.011340001 0.312687 0.000000 0.000000 0.312687 0.000000 0.000000 0.312687 0.000000 0.000000 0.312687 0.000000 0.000000 0.312687 0.000000 0.000000 0.312687 0.000000 0.000000 0.312687 0.000000 0.000000 0.312687 0.000000 0.000000 0.312687 0.000000 0.000000 0.312687 0.000000 0.000000 0.312687 0.000000 0.000000 0.312687 0.000000 0.000000 0.312687 0.000000 0.000000 0.312687 0.000000 0.000000 0.312687 0.000000 0.000000 0.312687 0.000000 0.000000 0.312687 0.000000 0.000000
0 0.50348186 0.39604 0.013556251 0.050880004 0.312687 0.000000 0.000000 0.312687 0.000000 0.000000 0.312687 0.000000 0.000000 0.312687 0.000000 0.000000 0.312687 0.000000 0.000000 0.312687 0.000000 0.000000 0.312687 0.000000 0.000000 0.312687 0.000000 0.000000 0.312687 0.000000 0.000000 0.312687 0.000000 0.000000 0.312687 0.000000 0.000000 0.312687 0.000000 0.000000 0.312687 0.000000 0.000000 0.312687 0.000000 0.000000 0.312687 0.000000 0.000000 0.312687 0.000000 0.000000 0.312687 0.000000 0.000000