0 0.28012696 0.55183333 0.27746484 0.86995834 0.250391 0.256250 2.000000 0.269141 0.233333 2.000000 0.232812 0.222917 2.000000 0.125000 0.000000 0.000000 0.189453 0.241667 2.000000 0.291406 0.397917 2.000000 0.158984 0.404167 2.000000 0.319531 0.610417 2.000000 0.130859 0.597917 1.000000 0.359375 0.731250 2.000000 0.125000 0.000000 0.000000 0.305469 0.835417 2.000000 0.208203 0.843750 2.000000 0.125000 0.000000 0.000000 0.125000 0.000000 0.000000 0.125000 0.000000 0.000000 0.125000 0.000000 0.000000
0 0.37649024 0.48258334 0.14281641 0.478 0.125000 0.000000 0.000000 0.125000 0.000000 0.000000 0.125000 0.000000 0.000000 0.125000 0.000000 0.000000 0.359375 0.347917 2.000000 0.300781 0.447917 1.000000 0.383984 0.452083 2.000000 0.125000 0.000000 0.000000 0.430859 0.595833 2.000000 0.125000 0.000000 0.000000 0.432031 0.514583 2.000000 0.304297 0.714583 1.000000 0.355859 0.733333 1.000000 0.125000 0.000000 0.000000 0.125000 0.000000 0.000000 0.125000 0.000000 0.000000 0.125000 0.000000 0.000000
0 0.5816328 0.6114062 0.23020312 0.77718747 0.542188 0.343750 2.000000 0.555078 0.316667 2.000000 0.529297 0.316667 2.000000 0.584375 0.335417 2.000000 0.515234 0.333333 2.000000 0.641797 0.500000 2.000000 0.495313 0.493750 2.000000 0.716797 0.664583 1.000000 0.478906 0.595833 2.000000 0.662891 0.766667 1.000000 0.491797 0.714583 2.000000 0.613672 0.879167 2.000000 0.536328 0.862500 2.000000 0.125000 0.000000 0.000000 0.125000 0.000000 0.000000 0.125000 0.000000 0.000000 0.125000 0.000000 0.000000
0 0.69950587 0.5681667 0.35014454 0.84045833 0.679297 0.343750 2.000000 0.707422 0.314583 2.000000 0.660547 0.333333 2.000000 0.766016 0.310417 2.000000 0.125000 0.000000 0.000000 0.863281 0.462500 2.000000 0.722656 0.512500 2.000000 0.125000 0.000000 0.000000 0.726172 0.691667 2.000000 0.125000 0.000000 0.000000 0.599609 0.779167 2.000000 0.125000 0.000000 0.000000 0.125000 0.000000 0.000000 0.125000 0.000000 0.000000 0.125000 0.000000 0.000000 0.125000 0.000000 0.000000 0.125000 0.000000 0.000000
0 0.46162698 0.6191458 0.11926172 0.7617084 0.125000 0.000000 0.000000 0.125000 0.000000 0.000000 0.125000 0.000000 0.000000 0.475391 0.312500 1.000000 0.517578 0.314583 1.000000 0.444922 0.379167 2.000000 0.525781 0.387500 1.000000 0.125000 0.000000 0.000000 0.125000 0.000000 0.000000 0.125000 0.000000 0.000000 0.125000 0.000000 0.000000 0.443750 0.600000 1.000000 0.508203 0.608333 1.000000 0.450781 0.783333 2.000000 0.125000 0.000000 0.000000 0.421484 0.981250 2.000000 0.125000 0.000000 0.000000
0 0.4125957 0.39285415 0.06793359 0.22466666 0.392188 0.364583 2.000000 0.392188 0.350000 2.000000 0.125000 0.000000 0.000000 0.410937 0.322917 2.000000 0.125000 0.000000 0.000000 0.442578 0.385417 1.000000 0.125000 0.000000 0.000000 0.125000 0.000000 0.000000 0.125000 0.000000 0.000000 0.125000 0.000000 0.000000 0.125000 0.000000 0.000000 0.449609 0.604167 1.000000 0.125000 0.000000 0.000000 0.125000 0.000000 0.000000 0.125000 0.000000 0.000000 0.125000 0.000000 0.000000 0.125000 0.000000 0.000000
0 0.288541 0.34621876 0.047871094 0.100687504 0.299609 0.360417 2.000000 0.307813 0.345833 2.000000 0.290234 0.343750 2.000000 0.125000 0.000000 0.000000 0.125000 0.000000 0.000000 0.125000 0.000000 0.000000 0.125000 0.000000 0.000000 0.125000 0.000000 0.000000 0.125000 0.000000 0.000000 0.125000 0.000000 0.000000 0.125000 0.000000 0.000000 0.125000 0.000000 0.000000 0.125000 0.000000 0.000000 0.125000 0.000000 0.000000 0.125000 0.000000 0.000000 0.125000 0.000000 0.000000 0.125000 0.000000 0.000000
0 0.82474416 0.35153124 0.041730467 0.0935625 0.125000 0.000000 0.000000 0.125000 0.000000 0.000000 0.125000 0.000000 0.000000 0.809375 0.350000 2.000000 0.125000 0.000000 0.000000 0.796484 0.416667 1.000000 0.851562 0.416667 1.000000 0.125000 0.000000 0.000000 0.125000 0.000000 0.000000 0.125000 0.000000 0.000000 0.125000 0.000000 0.000000 0.125000 0.000000 0.000000 0.125000 0.000000 0.000000 0.125000 0.000000 0.000000 0.125000 0.000000 0.000000 0.125000 0.000000 0.000000 0.125000 0.000000 0.000000
0 0.7891309 0.34064585 0.03336328 0.09979167 0.125000 0.000000 0.000000 0.125000 0.000000 0.000000 0.125000 0.000000 0.000000 0.125000 0.000000 0.000000 0.125000 0.000000 0.000000 0.125000 0.000000 0.000000 0.125000 0.000000 0.000000 0.125000 0.000000 0.000000 0.125000 0.000000 0.000000 0.125000 0.000000 0.000000 0.125000 0.000000 0.000000 0.125000 0.000000 0.000000 0.125000 0.000000 0.000000 0.125000 0.000000 0.000000 0.125000 0.000000 0.000000 0.125000 0.000000 0.000000 0.125000 0.000000 0.000000
0 0.6066933 0.36775002 0.034042966 0.08316666 0.125000 0.000000 0.000000 0.125000 0.000000 0.000000 0.125000 0.000000 0.000000 0.125000 0.000000 0.000000 0.125000 0.000000 0.000000 0.125000 0.000000 0.000000 0.125000 0.000000 0.000000 0.125000 0.000000 0.000000 0.125000 0.000000 0.000000 0.125000 0.000000 0.000000 0.125000 0.000000 0.000000 0.125000 0.000000 0.000000 0.125000 0.000000 0.000000 0.125000 0.000000 0.000000 0.125000 0.000000 0.000000 0.125000 0.000000 0.000000 0.125000 0.000000 0.000000
0 0.8560391 0.3594479 0.037921872 0.1021875 0.125000 0.000000 0.000000 0.125000 0.000000 0.000000 0.125000 0.000000 0.000000 0.125000 0.000000 0.000000 0.125000 0.000000 0.000000 0.125000 0.000000 0.000000 0.125000 0.000000 0.000000 0.125000 0.000000 0.000000 0.125000 0.000000 0.000000 0.125000 0.000000 0.000000 0.125000 0.000000 0.000000 0.125000 0.000000 0.000000 0.125000 0.000000 0.000000 0.125000 0.000000 0.000000 0.125000 0.000000 0.000000 0.125000 0.000000 0.000000 0.125000 0.000000 0.000000
0 0.64274603 0.3985625 0.0613125 0.081125 0.125000 0.000000 0.000000 0.125000 0.000000 0.000000 0.125000 0.000000 0.000000 0.125000 0.000000 0.000000 0.125000 0.000000 0.000000 0.619531 0.385417 2.000000 0.660547 0.387500 1.000000 0.125000 0.000000 0.000000 0.125000 0.000000 0.000000 0.125000 0.000000 0.000000 0.125000 0.000000 0.000000 0.125000 0.000000 0.000000 0.125000 0.000000 0.000000 0.125000 0.000000 0.000000 0.125000 0.000000 0.000000 0.125000 0.000000 0.000000 0.125000 0.000000 0.000000