0 0.5960438 0.804669 0.123550534 0.39066193 0.074468 0.000000 0.000000 0.074468 0.000000 0.000000 0.074468 0.000000 0.000000 0.571809 0.647754 2.000000 0.603723 0.643026 2.000000 0.561170 0.704492 2.000000 0.627660 0.709220 2.000000 0.547872 0.796690 2.000000 0.644947 0.794326 2.000000 0.566489 0.789598 2.000000 0.613032 0.799054 2.000000 0.569149 0.900709 2.000000 0.611702 0.898345 2.000000 0.074468 0.000000 0.000000 0.074468 0.000000 0.000000 0.074468 0.000000 0.000000 0.074468 0.000000 0.000000
0 0.44696143 0.765201 0.045757975 0.23990543 0.074468 0.000000 0.000000 0.074468 0.000000 0.000000 0.074468 0.000000 0.000000 0.074468 0.000000 0.000000 0.074468 0.000000 0.000000 0.433511 0.699764 2.000000 0.460106 0.697399 2.000000 0.428192 0.730496 2.000000 0.465426 0.730496 2.000000 0.429521 0.761229 2.000000 0.465426 0.751773 2.000000 0.442819 0.763593 2.000000 0.456117 0.761229 2.000000 0.441489 0.813239 2.000000 0.457447 0.813239 2.000000 0.441489 0.858156 2.000000 0.457447 0.855792 2.000000
0 0.53448135 0.7532742 0.05614362 0.2854137 0.074468 0.000000 0.000000 0.074468 0.000000 0.000000 0.074468 0.000000 0.000000 0.529255 0.626477 1.000000 0.542553 0.628842 2.000000 0.522606 0.664303 2.000000 0.551862 0.664303 2.000000 0.513298 0.697399 2.000000 0.074468 0.000000 0.000000 0.074468 0.000000 0.000000 0.074468 0.000000 0.000000 0.527926 0.739953 2.000000 0.549202 0.742317 1.000000 0.527926 0.803782 2.000000 0.546543 0.803782 1.000000 0.515957 0.867612 2.000000 0.545213 0.867612 2.000000
0 0.32601064 0.7483097 0.045505323 0.20673758 0.074468 0.000000 0.000000 0.074468 0.000000 0.000000 0.074468 0.000000 0.000000 0.308511 0.669031 2.000000 0.074468 0.000000 0.000000 0.305851 0.690307 2.000000 0.333777 0.685579 2.000000 0.074468 0.000000 0.000000 0.347074 0.709220 2.000000 0.074468 0.000000 0.000000 0.337766 0.747045 2.000000 0.315160 0.763593 2.000000 0.336436 0.758865 2.000000 0.312500 0.817967 2.000000 0.328457 0.820331 2.000000 0.074468 0.000000 0.000000 0.074468 0.000000 0.000000
0 0.27190825 0.8120094 0.08921542 0.3090307 0.271277 0.687943 1.000000 0.074468 0.000000 0.000000 0.074468 0.000000 0.000000 0.279255 0.683215 2.000000 0.074468 0.000000 0.000000 0.273936 0.709220 2.000000 0.299202 0.711584 2.000000 0.265957 0.765957 2.000000 0.307181 0.761229 1.000000 0.248670 0.808511 2.000000 0.308511 0.817967 1.000000 0.275266 0.803782 2.000000 0.293883 0.803782 2.000000 0.272606 0.869976 2.000000 0.279255 0.874704 2.000000 0.301862 0.921986 2.000000 0.277926 0.933806 2.000000
0 0.38220742 0.8086997 0.03630319 0.15749408 0.074468 0.000000 0.000000 0.074468 0.000000 0.000000 0.074468 0.000000 0.000000 0.074468 0.000000 0.000000 0.074468 0.000000 0.000000 0.373670 0.765957 2.000000 0.392287 0.765957 2.000000 0.368351 0.791962 2.000000 0.397606 0.787234 2.000000 0.365692 0.815603 2.000000 0.396277 0.813239 2.000000 0.377660 0.803782 2.000000 0.389628 0.803782 2.000000 0.372340 0.839243 2.000000 0.386968 0.829787 2.000000 0.372340 0.874704 2.000000 0.390957 0.860520 2.000000
0 0.7000865 0.7667022 0.06378989 0.23491725 0.074468 0.000000 0.000000 0.074468 0.000000 0.000000 0.074468 0.000000 0.000000 0.074468 0.000000 0.000000 0.074468 0.000000 0.000000 0.686170 0.702128 2.000000 0.712766 0.697399 2.000000 0.682181 0.728132 2.000000 0.718085 0.725768 2.000000 0.074468 0.000000 0.000000 0.718085 0.756501 2.000000 0.694149 0.775414 2.000000 0.711436 0.773050 2.000000 0.687500 0.810875 2.000000 0.715426 0.810875 2.000000 0.682181 0.848700 2.000000 0.724734 0.858156 2.000000
0 0.75872344 0.74918437 0.04890957 0.28905436 0.074468 0.000000 0.000000 0.074468 0.000000 0.000000 0.074468 0.000000 0.000000 0.074468 0.000000 0.000000 0.074468 0.000000 0.000000 0.748670 0.661939 2.000000 0.772606 0.664303 2.000000 0.747340 0.699764 2.000000 0.775266 0.695035 2.000000 0.735372 0.721040 2.000000 0.074468 0.000000 0.000000 0.755319 0.723404 2.000000 0.768617 0.723404 2.000000 0.750000 0.784870 2.000000 0.764628 0.789598 2.000000 0.753989 0.853428 2.000000 0.771277 0.851064 2.000000
0 0.6546676 0.7638889 0.04454787 0.2195981 0.074468 0.000000 0.000000 0.074468 0.000000 0.000000 0.074468 0.000000 0.000000 0.074468 0.000000 0.000000 0.074468 0.000000 0.000000 0.644947 0.695035 2.000000 0.666223 0.697399 2.000000 0.642287 0.728132 1.000000 0.667553 0.730496 2.000000 0.074468 0.000000 0.000000 0.666223 0.754137 2.000000 0.651596 0.754137 1.000000 0.663564 0.756501 2.000000 0.640957 0.810875 1.000000 0.658245 0.803782 2.000000 0.639628 0.848700 2.000000 0.666223 0.843972 2.000000
0 0.0947008 0.76464546 0.032140955 0.16810875 0.074468 0.000000 0.000000 0.074468 0.000000 0.000000 0.074468 0.000000 0.000000 0.074468 0.000000 0.000000 0.074468 0.000000 0.000000 0.074468 0.000000 0.000000 0.074468 0.000000 0.000000 0.074468 0.000000 0.000000 0.074468 0.000000 0.000000 0.074468 0.000000 0.000000 0.074468 0.000000 0.000000 0.074468 0.000000 0.000000 0.074468 0.000000 0.000000 0.074468 0.000000 0.000000 0.074468 0.000000 0.000000 0.074468 0.000000 0.000000 0.074468 0.000000 0.000000
0 0.35484043 0.8097399 0.01949468 0.07073286 0.074468 0.000000 0.000000 0.074468 0.000000 0.000000 0.074468 0.000000 0.000000 0.074468 0.000000 0.000000 0.074468 0.000000 0.000000 0.074468 0.000000 0.000000 0.074468 0.000000 0.000000 0.074468 0.000000 0.000000 0.074468 0.000000 0.000000 0.074468 0.000000 0.000000 0.074468 0.000000 0.000000 0.074468 0.000000 0.000000 0.074468 0.000000 0.000000 0.074468 0.000000 0.000000 0.074468 0.000000 0.000000 0.074468 0.000000 0.000000 0.074468 0.000000 0.000000
0 0.691383 0.7474941 0.040691487 0.2715839 0.074468 0.000000 0.000000 0.074468 0.000000 0.000000 0.074468 0.000000 0.000000 0.074468 0.000000 0.000000 0.074468 0.000000 0.000000 0.074468 0.000000 0.000000 0.074468 0.000000 0.000000 0.074468 0.000000 0.000000 0.074468 0.000000 0.000000 0.074468 0.000000 0.000000 0.074468 0.000000 0.000000 0.074468 0.000000 0.000000 0.074468 0.000000 0.000000 0.074468 0.000000 0.000000 0.074468 0.000000 0.000000 0.074468 0.000000 0.000000 0.074468 0.000000 0.000000