0 0.5981914 0.6932344 0.06943359 0.4001875 0.312354 0.000000 0.000000 0.312354 0.000000 0.000000 0.312354 0.000000 0.000000 0.583936 0.532812 2.000000 0.312354 0.000000 0.000000 0.579541 0.573438 2.000000 0.620850 0.573438 2.000000 0.572510 0.635938 2.000000 0.627002 0.637500 2.000000 0.590967 0.660937 2.000000 0.312354 0.000000 0.000000 0.583057 0.689062 2.000000 0.616455 0.687500 2.000000 0.581299 0.771875 2.000000 0.612939 0.775000 2.000000 0.584814 0.865625 2.000000 0.612939 0.837500 2.000000
0 0.51526225 0.7067968 0.0902373 0.42256248 0.312354 0.000000 0.000000 0.312354 0.000000 0.000000 0.312354 0.000000 0.000000 0.498682 0.529688 1.000000 0.519775 0.531250 1.000000 0.485498 0.578125 2.000000 0.532080 0.579687 2.000000 0.474951 0.643750 2.000000 0.546143 0.646875 2.000000 0.312354 0.000000 0.000000 0.552295 0.692187 2.000000 0.498682 0.703125 2.000000 0.524170 0.701563 2.000000 0.498682 0.785937 2.000000 0.518896 0.785937 2.000000 0.500439 0.871875 2.000000 0.514502 0.887500 2.000000
0 0.45472756 0.56789064 0.030972658 0.13903126 0.312354 0.000000 0.000000 0.312354 0.000000 0.000000 0.312354 0.000000 0.000000 0.451221 0.512500 2.000000 0.458252 0.510938 2.000000 0.449463 0.529688 2.000000 0.462646 0.528125 2.000000 0.446826 0.548437 2.000000 0.468799 0.543750 2.000000 0.441553 0.559375 2.000000 0.461768 0.548437 2.000000 0.451221 0.573438 2.000000 0.461768 0.571875 2.000000 0.451221 0.598437 2.000000 0.461768 0.598437 2.000000 0.452100 0.628125 2.000000 0.464404 0.617188 2.000000
0 0.47089943 0.55977345 0.021339843 0.13095312 0.312354 0.000000 0.000000 0.312354 0.000000 0.000000 0.312354 0.000000 0.000000 0.312354 0.000000 0.000000 0.312354 0.000000 0.000000 0.312354 0.000000 0.000000 0.312354 0.000000 0.000000 0.312354 0.000000 0.000000 0.312354 0.000000 0.000000 0.312354 0.000000 0.000000 0.312354 0.000000 0.000000 0.312354 0.000000 0.000000 0.312354 0.000000 0.000000 0.312354 0.000000 0.000000 0.312354 0.000000 0.000000 0.312354 0.000000 0.000000 0.312354 0.000000 0.000000
0 0.48777002 0.5215235 0.016004883 0.053953122 0.312354 0.000000 0.000000 0.312354 0.000000 0.000000 0.312354 0.000000 0.000000 0.312354 0.000000 0.000000 0.312354 0.000000 0.000000 0.312354 0.000000 0.000000 0.312354 0.000000 0.000000 0.312354 0.000000 0.000000 0.312354 0.000000 0.000000 0.312354 0.000000 0.000000 0.312354 0.000000 0.000000 0.312354 0.000000 0.000000 0.312354 0.000000 0.000000 0.312354 0.000000 0.000000 0.312354 0.000000 0.000000 0.312354 0.000000 0.000000 0.312354 0.000000 0.000000
0 0.35957277 0.5613359 0.027290039 0.121109374 0.312354 0.000000 0.000000 0.312354 0.000000 0.000000 0.312354 0.000000 0.000000 0.364209 0.506250 2.000000 0.312354 0.000000 0.000000 0.366846 0.523438 2.000000 0.363330 0.521875 2.000000 0.370361 0.540625 2.000000 0.312354 0.000000 0.000000 0.363330 0.550000 2.000000 0.312354 0.000000 0.000000 0.364209 0.567187 2.000000 0.358936 0.565625 2.000000 0.365088 0.600000 2.000000 0.360693 0.595312 2.000000 0.365088 0.615625 1.000000 0.361572 0.610937 2.000000
0 0.3351699 0.54825 0.024082031 0.088 0.312354 0.000000 0.000000 0.312354 0.000000 0.000000 0.312354 0.000000 0.000000 0.312354 0.000000 0.000000 0.312354 0.000000 0.000000 0.312354 0.000000 0.000000 0.312354 0.000000 0.000000 0.312354 0.000000 0.000000 0.312354 0.000000 0.000000 0.312354 0.000000 0.000000 0.312354 0.000000 0.000000 0.312354 0.000000 0.000000 0.312354 0.000000 0.000000 0.312354 0.000000 0.000000 0.312354 0.000000 0.000000 0.312354 0.000000 0.000000 0.312354 0.000000 0.000000
0 0.43393263 0.52252346 0.009597656 0.032609377 0.312354 0.000000 0.000000 0.312354 0.000000 0.000000 0.312354 0.000000 0.000000 0.312354 0.000000 0.000000 0.312354 0.000000 0.000000 0.312354 0.000000 0.000000 0.312354 0.000000 0.000000 0.312354 0.000000 0.000000 0.312354 0.000000 0.000000 0.312354 0.000000 0.000000 0.312354 0.000000 0.000000 0.312354 0.000000 0.000000 0.312354 0.000000 0.000000 0.312354 0.000000 0.000000 0.312354 0.000000 0.000000 0.312354 0.000000 0.000000 0.312354 0.000000 0.000000
0 0.40813234 0.68815625 0.08520996 0.429625 0.312354 0.000000 0.000000 0.312354 0.000000 0.000000 0.312354 0.000000 0.000000 0.312354 0.000000 0.000000 0.419580 0.512500 2.000000 0.380908 0.553125 2.000000 0.432764 0.553125 2.000000 0.372998 0.631250 2.000000 0.441553 0.631250 2.000000 0.378271 0.685938 2.000000 0.443311 0.684375 2.000000 0.392334 0.678125 2.000000 0.420459 0.679688 2.000000 0.392334 0.757812 2.000000 0.416064 0.762500 2.000000 0.396729 0.839063 2.000000 0.410791 0.873438 2.000000
0 0.5451362 0.64630467 0.039401367 0.27529687 0.312354 0.000000 0.000000 0.312354 0.000000 0.000000 0.312354 0.000000 0.000000 0.536475 0.532812 1.000000 0.553174 0.531250 2.000000 0.532080 0.562500 2.000000 0.557568 0.562500 2.000000 0.312354 0.000000 0.000000 0.564600 0.600000 1.000000 0.312354 0.000000 0.000000 0.312354 0.000000 0.000000 0.534717 0.639063 2.000000 0.554053 0.637500 2.000000 0.539111 0.704687 2.000000 0.554053 0.695312 1.000000 0.542627 0.764063 2.000000 0.553174 0.750000 2.000000
0 0.3818706 0.5318751 0.025725586 0.060593747 0.312354 0.000000 0.000000 0.312354 0.000000 0.000000 0.312354 0.000000 0.000000 0.312354 0.000000 0.000000 0.312354 0.000000 0.000000 0.312354 0.000000 0.000000 0.312354 0.000000 0.000000 0.312354 0.000000 0.000000 0.312354 0.000000 0.000000 0.312354 0.000000 0.000000 0.312354 0.000000 0.000000 0.312354 0.000000 0.000000 0.312354 0.000000 0.000000 0.312354 0.000000 0.000000 0.312354 0.000000 0.000000 0.312354 0.000000 0.000000 0.312354 0.000000 0.000000