0 0.4396171 0.580892 0.29199827 0.8157278 0.419454 0.248826 2.000000 0.430018 0.239437 2.000000 0.402289 0.237089 2.000000 0.448504 0.288732 2.000000 0.378521 0.286385 2.000000 0.440581 0.467136 2.000000 0.356074 0.429577 2.000000 0.077465 0.000000 0.000000 0.366637 0.661972 2.000000 0.077465 0.000000 0.000000 0.463028 0.795775 2.000000 0.418134 0.847418 2.000000 0.329666 0.802817 2.000000 0.077465 0.000000 0.000000 0.435299 0.819249 2.000000 0.077465 0.000000 0.000000 0.496039 0.927230 2.000000
0 0.82727337 0.5353052 0.18347271 0.9293897 0.077465 0.000000 0.000000 0.077465 0.000000 0.000000 0.077465 0.000000 0.000000 0.794454 0.166667 2.000000 0.843310 0.166667 2.000000 0.773328 0.279343 2.000000 0.880282 0.272300 2.000000 0.785211 0.436620 2.000000 0.876320 0.436620 2.000000 0.803697 0.572770 2.000000 0.856514 0.570423 2.000000 0.786532 0.523474 2.000000 0.876320 0.523474 2.000000 0.769366 0.791080 2.000000 0.893486 0.791080 2.000000 0.077465 0.000000 0.000000 0.077465 0.000000 0.000000
0 0.70948505 0.11123239 0.09607395 0.22246478 0.712588 0.075117 2.000000 0.720511 0.063380 2.000000 0.704665 0.063380 2.000000 0.737676 0.084507 2.000000 0.077465 0.000000 0.000000 0.745599 0.157277 2.000000 0.680898 0.154930 2.000000 0.756162 0.239437 1.000000 0.674296 0.232394 1.000000 0.732394 0.194836 2.000000 0.672975 0.166667 2.000000 0.077465 0.000000 0.000000 0.077465 0.000000 0.000000 0.077465 0.000000 0.000000 0.077465 0.000000 0.000000 0.077465 0.000000 0.000000 0.077465 0.000000 0.000000
0 0.58318657 0.12515259 0.14376761 0.22462443 0.579225 0.086854 2.000000 0.583187 0.065728 2.000000 0.569982 0.068075 2.000000 0.595070 0.070423 2.000000 0.556778 0.075117 2.000000 0.630722 0.136150 2.000000 0.543574 0.145540 2.000000 0.637324 0.267606 1.000000 0.525088 0.255869 1.000000 0.589789 0.166667 2.000000 0.544894 0.136150 2.000000 0.600352 0.298122 1.000000 0.559419 0.302817 1.000000 0.077465 0.000000 0.000000 0.077465 0.000000 0.000000 0.077465 0.000000 0.000000 0.077465 0.000000 0.000000
0 0.30030587 0.15850939 0.13342871 0.29058686 0.300616 0.100939 2.000000 0.307218 0.084507 2.000000 0.291373 0.089202 2.000000 0.323063 0.075117 2.000000 0.278169 0.091549 2.000000 0.349472 0.157277 2.000000 0.262324 0.164319 2.000000 0.345511 0.286385 2.000000 0.245158 0.288732 2.000000 0.300616 0.194836 1.000000 0.266285 0.192488 2.000000 0.077465 0.000000 0.000000 0.077465 0.000000 0.000000 0.077465 0.000000 0.000000 0.077465 0.000000 0.000000 0.077465 0.000000 0.000000 0.077465 0.000000 0.000000
0 0.21692123 0.14488262 0.058692787 0.21615024 0.209507 0.100939 2.000000 0.218750 0.089202 2.000000 0.201585 0.091549 2.000000 0.229313 0.098592 2.000000 0.187060 0.105634 1.000000 0.243838 0.169014 2.000000 0.179137 0.171362 1.000000 0.077465 0.000000 0.000000 0.077465 0.000000 0.000000 0.077465 0.000000 0.000000 0.077465 0.000000 0.000000 0.235915 0.316901 1.000000 0.191021 0.316901 1.000000 0.077465 0.000000 0.000000 0.077465 0.000000 0.000000 0.077465 0.000000 0.000000 0.077465 0.000000 0.000000
0 0.43813163 0.11882629 0.1283847 0.22352114 0.077465 0.000000 0.000000 0.077465 0.000000 0.000000 0.077465 0.000000 0.000000 0.449824 0.068075 2.000000 0.077465 0.000000 0.000000 0.476232 0.138498 2.000000 0.407570 0.136150 2.000000 0.485475 0.251174 1.000000 0.370599 0.237089 1.000000 0.436620 0.152582 2.000000 0.393046 0.126761 2.000000 0.477553 0.326291 1.000000 0.410211 0.323944 1.000000 0.077465 0.000000 0.000000 0.077465 0.000000 0.000000 0.077465 0.000000 0.000000 0.077465 0.000000 0.000000
0 0.8469279 0.13165492 0.110149644 0.25607982 0.077465 0.000000 0.000000 0.077465 0.000000 0.000000 0.077465 0.000000 0.000000 0.791813 0.164319 1.000000 0.841989 0.164319 1.000000 0.077465 0.000000 0.000000 0.877641 0.255869 1.000000 0.077465 0.000000 0.000000 0.077465 0.000000 0.000000 0.077465 0.000000 0.000000 0.077465 0.000000 0.000000 0.077465 0.000000 0.000000 0.077465 0.000000 0.000000 0.077465 0.000000 0.000000 0.077465 0.000000 0.000000 0.077465 0.000000 0.000000 0.077465 0.000000 0.000000
0 0.1715911 0.1731338 0.122970946 0.2639202 0.142165 0.143192 2.000000 0.148768 0.115023 1.000000 0.132923 0.115023 2.000000 0.077465 0.000000 0.000000 0.077465 0.000000 0.000000 0.184419 0.173709 2.000000 0.119718 0.176056 1.000000 0.220070 0.262911 2.000000 0.118398 0.302817 1.000000 0.194982 0.164319 2.000000 0.148768 0.206573 2.000000 0.183099 0.347418 1.000000 0.142165 0.347418 1.000000 0.077465 0.000000 0.000000 0.077465 0.000000 0.000000 0.077465 0.000000 0.000000 0.077465 0.000000 0.000000
0 0.35725573 0.10130282 0.068675175 0.19739437 0.077465 0.000000 0.000000 0.077465 0.000000 0.000000 0.077465 0.000000 0.000000 0.077465 0.000000 0.000000 0.077465 0.000000 0.000000 0.394366 0.028169 1.000000 0.333627 0.014085 2.000000 0.393046 0.143192 1.000000 0.327025 0.082160 1.000000 0.354753 0.084507 2.000000 0.332306 0.093897 2.000000 0.361356 0.171362 1.000000 0.330986 0.161972 1.000000 0.077465 0.000000 0.000000 0.077465 0.000000 0.000000 0.077465 0.000000 0.000000 0.077465 0.000000 0.000000
0 0.16368178 0.11738263 0.04316461 0.069741786 0.077465 0.000000 0.000000 0.077465 0.000000 0.000000 0.077465 0.000000 0.000000 0.077465 0.000000 0.000000 0.077465 0.000000 0.000000 0.077465 0.000000 0.000000 0.077465 0.000000 0.000000 0.077465 0.000000 0.000000 0.077465 0.000000 0.000000 0.077465 0.000000 0.000000 0.077465 0.000000 0.000000 0.077465 0.000000 0.000000 0.077465 0.000000 0.000000 0.077465 0.000000 0.000000 0.077465 0.000000 0.000000 0.077465 0.000000 0.000000 0.077465 0.000000 0.000000