0 0.5541406 0.5558125 0.09227344 0.53258336 0.125000 0.000000 0.000000 0.125000 0.000000 0.000000 0.125000 0.000000 0.000000 0.530469 0.352083 2.000000 0.125000 0.000000 0.000000 0.530469 0.402083 2.000000 0.572656 0.389583 2.000000 0.531641 0.497917 2.000000 0.590234 0.470833 2.000000 0.552734 0.547917 2.000000 0.576172 0.531250 2.000000 0.548047 0.547917 2.000000 0.578516 0.541667 2.000000 0.548047 0.660417 2.000000 0.577344 0.652083 2.000000 0.558594 0.789583 2.000000 0.590234 0.772917 2.000000
0 0.31452146 0.4137292 0.047589842 0.11970834 0.125000 0.000000 0.000000 0.125000 0.000000 0.000000 0.125000 0.000000 0.000000 0.301953 0.391667 2.000000 0.125000 0.000000 0.000000 0.318359 0.422917 2.000000 0.125000 0.000000 0.000000 0.320703 0.460417 2.000000 0.125000 0.000000 0.000000 0.300781 0.472917 1.000000 0.125000 0.000000 0.000000 0.125000 0.000000 0.000000 0.125000 0.000000 0.000000 0.125000 0.000000 0.000000 0.125000 0.000000 0.000000 0.125000 0.000000 0.000000 0.125000 0.000000 0.000000
0 0.18251562 0.64269793 0.11503126 0.68764585 0.125000 0.000000 0.000000 0.125000 0.000000 0.000000 0.125000 0.000000 0.000000 0.129688 0.443750 2.000000 0.125000 0.000000 0.000000 0.195312 0.620833 2.000000 0.125000 0.000000 0.000000 0.197656 0.902083 2.000000 0.125000 0.000000 0.000000 0.125000 0.000000 0.000000 0.125000 0.000000 0.000000 0.125000 0.000000 0.000000 0.125000 0.000000 0.000000 0.125000 0.000000 0.000000 0.125000 0.000000 0.000000 0.125000 0.000000 0.000000 0.125000 0.000000 0.000000
0 0.6982754 0.38603127 0.069832034 0.1578125 0.125000 0.000000 0.000000 0.125000 0.000000 0.000000 0.125000 0.000000 0.000000 0.125000 0.000000 0.000000 0.125000 0.000000 0.000000 0.701563 0.325000 2.000000 0.714453 0.327083 2.000000 0.686328 0.331250 2.000000 0.125000 0.000000 0.000000 0.671094 0.325000 2.000000 0.125000 0.000000 0.000000 0.696875 0.389583 2.000000 0.706250 0.391667 2.000000 0.692187 0.425000 1.000000 0.703906 0.425000 2.000000 0.691016 0.454167 1.000000 0.702734 0.454167 2.000000
0 0.8275156 0.39945832 0.04432031 0.19183335 0.821094 0.322917 2.000000 0.822266 0.318750 2.000000 0.818750 0.318750 2.000000 0.826953 0.318750 2.000000 0.125000 0.000000 0.000000 0.832812 0.343750 2.000000 0.814062 0.343750 2.000000 0.844531 0.368750 2.000000 0.808203 0.364583 2.000000 0.125000 0.000000 0.000000 0.125000 0.000000 0.000000 0.832812 0.406250 2.000000 0.817578 0.400000 2.000000 0.830469 0.437500 1.000000 0.809375 0.429167 1.000000 0.125000 0.000000 0.000000 0.817578 0.479167 2.000000
0 0.62530863 0.4667917 0.057984374 0.283625 0.597266 0.347917 2.000000 0.600781 0.343750 2.000000 0.125000 0.000000 0.000000 0.125000 0.000000 0.000000 0.125000 0.000000 0.000000 0.621875 0.387500 2.000000 0.604297 0.385417 1.000000 0.624219 0.425000 2.000000 0.125000 0.000000 0.000000 0.604297 0.418750 2.000000 0.125000 0.000000 0.000000 0.623047 0.464583 2.000000 0.610156 0.462500 2.000000 0.627734 0.525000 2.000000 0.604297 0.522917 2.000000 0.645312 0.564583 2.000000 0.610156 0.591667 2.000000
0 0.7632383 0.3954271 0.035976566 0.1651875 0.125000 0.000000 0.000000 0.125000 0.000000 0.000000 0.125000 0.000000 0.000000 0.125000 0.000000 0.000000 0.125000 0.000000 0.000000 0.754297 0.345833 2.000000 0.774219 0.345833 2.000000 0.748438 0.370833 2.000000 0.125000 0.000000 0.000000 0.747266 0.389583 2.000000 0.125000 0.000000 0.000000 0.757812 0.393750 2.000000 0.770703 0.393750 2.000000 0.758984 0.429167 2.000000 0.771875 0.429167 1.000000 0.757812 0.460417 1.000000 0.773047 0.466667 1.000000
0 0.4655762 0.3743021 0.018714843 0.06064583 0.125000 0.000000 0.000000 0.125000 0.000000 0.000000 0.125000 0.000000 0.000000 0.125000 0.000000 0.000000 0.125000 0.000000 0.000000 0.125000 0.000000 0.000000 0.125000 0.000000 0.000000 0.125000 0.000000 0.000000 0.125000 0.000000 0.000000 0.125000 0.000000 0.000000 0.125000 0.000000 0.000000 0.125000 0.000000 0.000000 0.125000 0.000000 0.000000 0.125000 0.000000 0.000000 0.125000 0.000000 0.000000 0.125000 0.000000 0.000000 0.125000 0.000000 0.000000
0 0.6475742 0.4574479 0.03480469 0.2795625 0.640625 0.339583 1.000000 0.644141 0.335417 2.000000 0.125000 0.000000 0.000000 0.650000 0.337500 2.000000 0.125000 0.000000 0.000000 0.653516 0.364583 2.000000 0.642969 0.366667 2.000000 0.647656 0.406250 2.000000 0.637109 0.395833 2.000000 0.125000 0.000000 0.000000 0.125000 0.000000 0.000000 0.646484 0.439583 1.000000 0.639453 0.435417 1.000000 0.645312 0.500000 2.000000 0.639453 0.493750 1.000000 0.654688 0.560417 2.000000 0.644141 0.554167 1.000000
0 0.30164847 0.61846876 0.12053906 0.48768753 0.125000 0.000000 0.000000 0.125000 0.000000 0.000000 0.125000 0.000000 0.000000 0.277344 0.433333 2.000000 0.125000 0.000000 0.000000 0.304297 0.472917 2.000000 0.278516 0.470833 2.000000 0.323047 0.552083 2.000000 0.125000 0.000000 0.000000 0.293750 0.518750 2.000000 0.269141 0.525000 2.000000 0.308984 0.612500 2.000000 0.286719 0.612500 2.000000 0.326562 0.710417 2.000000 0.280859 0.720833 2.000000 0.353516 0.791667 2.000000 0.272656 0.825000 2.000000
0 0.3770293 0.55844796 0.08035547 0.40518752 0.348828 0.381250 1.000000 0.353516 0.375000 1.000000 0.351172 0.372917 1.000000 0.369922 0.383333 2.000000 0.125000 0.000000 0.000000 0.394531 0.425000 2.000000 0.351172 0.429167 1.000000 0.412109 0.497917 2.000000 0.125000 0.000000 0.000000 0.414453 0.554167 2.000000 0.125000 0.000000 0.000000 0.389844 0.558333 2.000000 0.359375 0.560417 2.000000 0.395703 0.647917 2.000000 0.354688 0.643750 2.000000 0.402734 0.733333 2.000000 0.358203 0.739583 2.000000
0 0.78552145 0.33330208 0.029378908 0.065770835 0.125000 0.000000 0.000000 0.125000 0.000000 0.000000 0.125000 0.000000 0.000000 0.125000 0.000000 0.000000 0.125000 0.000000 0.000000 0.125000 0.000000 0.000000 0.125000 0.000000 0.000000 0.125000 0.000000 0.000000 0.125000 0.000000 0.000000 0.125000 0.000000 0.000000 0.125000 0.000000 0.000000 0.125000 0.000000 0.000000 0.125000 0.000000 0.000000 0.125000 0.000000 0.000000 0.125000 0.000000 0.000000 0.125000 0.000000 0.000000 0.125000 0.000000 0.000000
0 0.5183398 0.4415729 0.027515624 0.29210418 0.125000 0.000000 0.000000 0.125000 0.000000 0.000000 0.125000 0.000000 0.000000 0.125000 0.000000 0.000000 0.125000 0.000000 0.000000 0.125000 0.000000 0.000000 0.125000 0.000000 0.000000 0.125000 0.000000 0.000000 0.125000 0.000000 0.000000 0.125000 0.000000 0.000000 0.125000 0.000000 0.000000 0.125000 0.000000 0.000000 0.125000 0.000000 0.000000 0.125000 0.000000 0.000000 0.125000 0.000000 0.000000 0.125000 0.000000 0.000000 0.125000 0.000000 0.000000
0 0.5626953 0.33854166 0.32460937 0.08541667 0.125000 0.000000 0.000000 0.125000 0.000000 0.000000 0.125000 0.000000 0.000000 0.125000 0.000000 0.000000 0.125000 0.000000 0.000000 0.125000 0.000000 0.000000 0.125000 0.000000 0.000000 0.125000 0.000000 0.000000 0.125000 0.000000 0.000000 0.125000 0.000000 0.000000 0.125000 0.000000 0.000000 0.125000 0.000000 0.000000 0.125000 0.000000 0.000000 0.125000 0.000000 0.000000 0.125000 0.000000 0.000000 0.125000 0.000000 0.000000 0.125000 0.000000 0.000000