0 0.5836219 0.7035656 0.12331967 0.38516393 0.115779 0.000000 0.000000 0.115779 0.000000 0.000000 0.115779 0.000000 0.000000 0.544570 0.557377 2.000000 0.576844 0.565574 2.000000 0.532275 0.628415 2.000000 0.592213 0.631148 2.000000 0.538422 0.729508 2.000000 0.599898 0.732240 2.000000 0.115779 0.000000 0.000000 0.115779 0.000000 0.000000 0.549180 0.808743 2.000000 0.578381 0.811475 2.000000 0.115779 0.000000 0.000000 0.629098 0.743169 2.000000 0.559939 0.841530 2.000000 0.592213 0.849727 2.000000
0 0.71809936 0.3730328 0.084682375 0.16628416 0.682889 0.357924 2.000000 0.687500 0.346995 2.000000 0.682889 0.346995 2.000000 0.705943 0.338798 2.000000 0.115779 0.000000 0.000000 0.742828 0.382514 2.000000 0.687500 0.398907 2.000000 0.739754 0.478142 1.000000 0.689037 0.475410 1.000000 0.693648 0.445355 1.000000 0.115779 0.000000 0.000000 0.735143 0.508197 1.000000 0.709016 0.505464 1.000000 0.115779 0.000000 0.000000 0.115779 0.000000 0.000000 0.115779 0.000000 0.000000 0.115779 0.000000 0.000000
0 0.19569673 0.6736749 0.110870905 0.4170765 0.115779 0.000000 0.000000 0.115779 0.000000 0.000000 0.115779 0.000000 0.000000 0.175717 0.532787 2.000000 0.209529 0.535519 2.000000 0.154201 0.587432 2.000000 0.221824 0.590164 2.000000 0.115779 0.000000 0.000000 0.229508 0.702186 2.000000 0.115779 0.000000 0.000000 0.115779 0.000000 0.000000 0.158811 0.767760 2.000000 0.206455 0.767760 2.000000 0.146516 0.743169 2.000000 0.240266 0.734973 2.000000 0.158811 0.816940 1.000000 0.200307 0.836066 2.000000
0 0.16867827 0.38734972 0.105799176 0.1780328 0.155738 0.341530 2.000000 0.155738 0.327869 2.000000 0.148053 0.333333 2.000000 0.115779 0.000000 0.000000 0.135758 0.344262 2.000000 0.186475 0.390710 2.000000 0.118852 0.404372 2.000000 0.198770 0.475410 1.000000 0.115779 0.489071 1.000000 0.115779 0.000000 0.000000 0.115779 0.000000 0.000000 0.172643 0.508197 1.000000 0.138832 0.516393 1.000000 0.115779 0.000000 0.000000 0.115779 0.000000 0.000000 0.115779 0.000000 0.000000 0.115779 0.000000 0.000000
0 0.62998205 0.21562842 0.08251537 0.16289617 0.639857 0.177596 2.000000 0.641393 0.169399 2.000000 0.633709 0.169399 2.000000 0.115779 0.000000 0.000000 0.619877 0.174863 2.000000 0.653688 0.232240 2.000000 0.604508 0.229508 2.000000 0.115779 0.000000 0.000000 0.115779 0.000000 0.000000 0.115779 0.000000 0.000000 0.115779 0.000000 0.000000 0.647541 0.341530 1.000000 0.612193 0.336066 1.000000 0.115779 0.000000 0.000000 0.115779 0.000000 0.000000 0.115779 0.000000 0.000000 0.115779 0.000000 0.000000
0 0.5529149 0.17603825 0.07758197 0.18191257 0.543033 0.133880 2.000000 0.547643 0.120219 2.000000 0.539959 0.122951 2.000000 0.556865 0.122951 2.000000 0.115779 0.000000 0.000000 0.575307 0.161202 1.000000 0.526127 0.166667 2.000000 0.570697 0.202186 2.000000 0.519980 0.221311 1.000000 0.564549 0.153005 1.000000 0.115779 0.000000 0.000000 0.564549 0.259563 1.000000 0.536885 0.262295 1.000000 0.115779 0.000000 0.000000 0.115779 0.000000 0.000000 0.115779 0.000000 0.000000 0.115779 0.000000 0.000000
0 0.66386276 0.14027323 0.038114753 0.10065574 0.115779 0.000000 0.000000 0.115779 0.000000 0.000000 0.115779 0.000000 0.000000 0.115779 0.000000 0.000000 0.115779 0.000000 0.000000 0.115779 0.000000 0.000000 0.115779 0.000000 0.000000 0.115779 0.000000 0.000000 0.115779 0.000000 0.000000 0.115779 0.000000 0.000000 0.115779 0.000000 0.000000 0.115779 0.000000 0.000000 0.115779 0.000000 0.000000 0.115779 0.000000 0.000000 0.115779 0.000000 0.000000 0.115779 0.000000 0.000000 0.115779 0.000000 0.000000
0 0.8753227 0.19636612 0.017797133 0.12890711 0.115779 0.000000 0.000000 0.115779 0.000000 0.000000 0.115779 0.000000 0.000000 0.115779 0.000000 0.000000 0.115779 0.000000 0.000000 0.115779 0.000000 0.000000 0.115779 0.000000 0.000000 0.115779 0.000000 0.000000 0.115779 0.000000 0.000000 0.115779 0.000000 0.000000 0.115779 0.000000 0.000000 0.115779 0.000000 0.000000 0.115779 0.000000 0.000000 0.115779 0.000000 0.000000 0.115779 0.000000 0.000000 0.115779 0.000000 0.000000 0.115779 0.000000 0.000000
0 0.44534838 0.23661202 0.027940575 0.062076505 0.115779 0.000000 0.000000 0.115779 0.000000 0.000000 0.115779 0.000000 0.000000 0.115779 0.000000 0.000000 0.115779 0.000000 0.000000 0.115779 0.000000 0.000000 0.115779 0.000000 0.000000 0.115779 0.000000 0.000000 0.115779 0.000000 0.000000 0.115779 0.000000 0.000000 0.115779 0.000000 0.000000 0.115779 0.000000 0.000000 0.115779 0.000000 0.000000 0.115779 0.000000 0.000000 0.115779 0.000000 0.000000 0.115779 0.000000 0.000000 0.115779 0.000000 0.000000
0 0.8164447 0.6505055 0.07423156 0.25412568 0.844262 0.584699 2.000000 0.115779 0.000000 0.000000 0.841188 0.576503 2.000000 0.115779 0.000000 0.000000 0.827357 0.590164 2.000000 0.785861 0.650273 1.000000 0.841188 0.669399 2.000000 0.115779 0.000000 0.000000 0.115779 0.000000 0.000000 0.115779 0.000000 0.000000 0.115779 0.000000 0.000000 0.790471 0.819672 1.000000 0.816598 0.827869 1.000000 0.115779 0.000000 0.000000 0.115779 0.000000 0.000000 0.115779 0.000000 0.000000 0.115779 0.000000 0.000000
0 0.77194417 0.13435793 0.06570185 0.12379782 0.115779 0.000000 0.000000 0.115779 0.000000 0.000000 0.115779 0.000000 0.000000 0.115779 0.000000 0.000000 0.115779 0.000000 0.000000 0.115779 0.000000 0.000000 0.115779 0.000000 0.000000 0.115779 0.000000 0.000000 0.115779 0.000000 0.000000 0.115779 0.000000 0.000000 0.115779 0.000000 0.000000 0.115779 0.000000 0.000000 0.115779 0.000000 0.000000 0.115779 0.000000 0.000000 0.115779 0.000000 0.000000 0.115779 0.000000 0.000000 0.115779 0.000000 0.000000
0 0.71358097 0.24065575 0.072971314 0.18448086 0.719775 0.196721 2.000000 0.725922 0.185792 2.000000 0.715164 0.188525 2.000000 0.738217 0.191257 2.000000 0.115779 0.000000 0.000000 0.748975 0.234973 1.000000 0.699795 0.240437 2.000000 0.755123 0.289618 1.000000 0.682889 0.300546 2.000000 0.722848 0.319672 2.000000 0.709016 0.319672 1.000000 0.736680 0.341530 1.000000 0.701332 0.338798 1.000000 0.115779 0.000000 0.000000 0.115779 0.000000 0.000000 0.115779 0.000000 0.000000 0.115779 0.000000 0.000000
0 0.20558658 0.2697131 0.12241291 0.39581966 0.188012 0.120219 2.000000 0.191086 0.109290 2.000000 0.181865 0.109290 2.000000 0.198770 0.117486 2.000000 0.172643 0.117486 2.000000 0.217213 0.177596 2.000000 0.158811 0.183060 2.000000 0.220287 0.259563 2.000000 0.151127 0.256831 1.000000 0.206455 0.226776 2.000000 0.115779 0.000000 0.000000 0.209529 0.286885 2.000000 0.184939 0.295082 1.000000 0.203381 0.360656 2.000000 0.206455 0.363388 2.000000 0.221824 0.450820 1.000000 0.240266 0.428962 2.000000
0 0.63217217 0.13797815 0.40573773 0.26502734 0.115779 0.000000 0.000000 0.115779 0.000000 0.000000 0.115779 0.000000 0.000000 0.115779 0.000000 0.000000 0.115779 0.000000 0.000000 0.115779 0.000000 0.000000 0.115779 0.000000 0.000000 0.115779 0.000000 0.000000 0.115779 0.000000 0.000000 0.115779 0.000000 0.000000 0.115779 0.000000 0.000000 0.115779 0.000000 0.000000 0.115779 0.000000 0.000000 0.115779 0.000000 0.000000 0.115779 0.000000 0.000000 0.115779 0.000000 0.000000 0.115779 0.000000 0.000000