0 0.50729805 0.53490627 0.39401346 0.9054098 0.522395 0.248244 2.000000 0.539520 0.220141 2.000000 0.514491 0.213115 2.000000 0.563232 0.203747 2.000000 0.497365 0.194379 2.000000 0.605386 0.215457 2.000000 0.464432 0.344262 2.000000 0.642272 0.259953 2.000000 0.413056 0.543326 2.000000 0.667301 0.241218 2.000000 0.341920 0.709602 2.000000 0.597482 0.625293 2.000000 0.521077 0.590164 2.000000 0.668618 0.927400 2.000000 0.571136 0.800937 2.000000 0.609338 0.983607 2.000000 0.078454 0.000000 0.000000
0 0.59795666 0.12548009 0.04247073 0.1129274 0.593530 0.112412 2.000000 0.597482 0.105386 2.000000 0.589578 0.105386 2.000000 0.609338 0.112412 2.000000 0.582992 0.117096 2.000000 0.078454 0.000000 0.000000 0.078454 0.000000 0.000000 0.078454 0.000000 0.000000 0.078454 0.000000 0.000000 0.078454 0.000000 0.000000 0.078454 0.000000 0.000000 0.078454 0.000000 0.000000 0.078454 0.000000 0.000000 0.078454 0.000000 0.000000 0.078454 0.000000 0.000000 0.078454 0.000000 0.000000 0.078454 0.000000 0.000000
0 0.6716613 0.0969555 0.050690867 0.11836065 0.659397 0.063232 2.000000 0.664666 0.056206 2.000000 0.658080 0.056206 2.000000 0.671253 0.060890 2.000000 0.078454 0.000000 0.000000 0.683109 0.105386 2.000000 0.642272 0.103044 1.000000 0.078454 0.000000 0.000000 0.078454 0.000000 0.000000 0.078454 0.000000 0.000000 0.078454 0.000000 0.000000 0.675205 0.170960 1.000000 0.646224 0.170960 1.000000 0.078454 0.000000 0.000000 0.078454 0.000000 0.000000 0.078454 0.000000 0.000000 0.078454 0.000000 0.000000
0 0.43112996 0.122306794 0.051823772 0.07852459 0.078454 0.000000 0.000000 0.078454 0.000000 0.000000 0.078454 0.000000 0.000000 0.078454 0.000000 0.000000 0.078454 0.000000 0.000000 0.078454 0.000000 0.000000 0.078454 0.000000 0.000000 0.078454 0.000000 0.000000 0.078454 0.000000 0.000000 0.078454 0.000000 0.000000 0.078454 0.000000 0.000000 0.078454 0.000000 0.000000 0.078454 0.000000 0.000000 0.078454 0.000000 0.000000 0.078454 0.000000 0.000000 0.078454 0.000000 0.000000 0.078454 0.000000 0.000000
0 0.112033084 0.21632317 0.06715749 0.21793911 0.099532 0.159251 2.000000 0.103484 0.152225 2.000000 0.094262 0.152225 2.000000 0.112705 0.156909 2.000000 0.087676 0.159251 2.000000 0.120609 0.206089 2.000000 0.081089 0.208431 2.000000 0.139052 0.245902 2.000000 0.078454 0.000000 0.000000 0.129830 0.288056 2.000000 0.078454 0.000000 0.000000 0.114022 0.288056 2.000000 0.088993 0.288056 2.000000 0.129830 0.306792 2.000000 0.078454 0.000000 0.000000 0.139052 0.412178 1.000000 0.078454 0.000000 0.000000
0 0.46651348 0.18763465 0.06573478 0.11911006 0.459163 0.173302 2.000000 0.464432 0.166276 2.000000 0.459163 0.163934 2.000000 0.078454 0.000000 0.000000 0.078454 0.000000 0.000000 0.494731 0.203747 2.000000 0.447307 0.203747 1.000000 0.078454 0.000000 0.000000 0.078454 0.000000 0.000000 0.078454 0.000000 0.000000 0.078454 0.000000 0.000000 0.078454 0.000000 0.000000 0.078454 0.000000 0.000000 0.078454 0.000000 0.000000 0.078454 0.000000 0.000000 0.078454 0.000000 0.000000 0.078454 0.000000 0.000000
0 0.35654932 0.18833724 0.061795957 0.34079626 0.355094 0.072600 2.000000 0.360363 0.067916 2.000000 0.352459 0.065574 2.000000 0.366950 0.070258 2.000000 0.345872 0.067916 1.000000 0.369584 0.114754 2.000000 0.340603 0.114754 2.000000 0.384075 0.154567 2.000000 0.326112 0.168618 2.000000 0.369584 0.185012 2.000000 0.349824 0.192037 2.000000 0.365632 0.187354 2.000000 0.337968 0.187354 2.000000 0.361680 0.224824 2.000000 0.335334 0.222482 2.000000 0.360363 0.311475 2.000000 0.337968 0.311475 1.000000
0 0.45892566 0.10652224 0.032090165 0.0893911 0.078454 0.000000 0.000000 0.078454 0.000000 0.000000 0.078454 0.000000 0.000000 0.078454 0.000000 0.000000 0.078454 0.000000 0.000000 0.078454 0.000000 0.000000 0.078454 0.000000 0.000000 0.078454 0.000000 0.000000 0.078454 0.000000 0.000000 0.078454 0.000000 0.000000 0.078454 0.000000 0.000000 0.078454 0.000000 0.000000 0.078454 0.000000 0.000000 0.078454 0.000000 0.000000 0.078454 0.000000 0.000000 0.078454 0.000000 0.000000 0.078454 0.000000 0.000000
0 0.3850827 0.086276345 0.050414227 0.17255269 0.078454 0.000000 0.000000 0.078454 0.000000 0.000000 0.078454 0.000000 0.000000 0.078454 0.000000 0.000000 0.078454 0.000000 0.000000 0.078454 0.000000 0.000000 0.078454 0.000000 0.000000 0.078454 0.000000 0.000000 0.078454 0.000000 0.000000 0.078454 0.000000 0.000000 0.078454 0.000000 0.000000 0.078454 0.000000 0.000000 0.078454 0.000000 0.000000 0.078454 0.000000 0.000000 0.078454 0.000000 0.000000 0.078454 0.000000 0.000000 0.078454 0.000000 0.000000
0 0.44834748 0.048231848 0.05477459 0.096463695 0.078454 0.000000 0.000000 0.078454 0.000000 0.000000 0.078454 0.000000 0.000000 0.078454 0.000000 0.000000 0.078454 0.000000 0.000000 0.078454 0.000000 0.000000 0.078454 0.000000 0.000000 0.078454 0.000000 0.000000 0.078454 0.000000 0.000000 0.078454 0.000000 0.000000 0.078454 0.000000 0.000000 0.078454 0.000000 0.000000 0.078454 0.000000 0.000000 0.078454 0.000000 0.000000 0.078454 0.000000 0.000000 0.078454 0.000000 0.000000 0.078454 0.000000 0.000000
0 0.88796693 0.121709615 0.06715749 0.13461359 0.884660 0.131148 2.000000 0.888612 0.121780 2.000000 0.878074 0.121780 2.000000 0.900468 0.117096 2.000000 0.078454 0.000000 0.000000 0.905738 0.156909 2.000000 0.885978 0.173302 2.000000 0.078454 0.000000 0.000000 0.078454 0.000000 0.000000 0.078454 0.000000 0.000000 0.078454 0.000000 0.000000 0.078454 0.000000 0.000000 0.078454 0.000000 0.000000 0.078454 0.000000 0.000000 0.078454 0.000000 0.000000 0.078454 0.000000 0.000000 0.078454 0.000000 0.000000
0 0.8816767 0.33546838 0.07770931 0.30283374 0.078454 0.000000 0.000000 0.078454 0.000000 0.000000 0.078454 0.000000 0.000000 0.078454 0.000000 0.000000 0.845141 0.264637 1.000000 0.078454 0.000000 0.000000 0.900468 0.290398 2.000000 0.078454 0.000000 0.000000 0.885978 0.355972 2.000000 0.078454 0.000000 0.000000 0.868852 0.428571 2.000000 0.078454 0.000000 0.000000 0.900468 0.473068 2.000000 0.078454 0.000000 0.000000 0.078454 0.000000 0.000000 0.078454 0.000000 0.000000 0.078454 0.000000 0.000000
0 0.43742684 0.14168617 0.7153103 0.28337234 0.078454 0.000000 0.000000 0.078454 0.000000 0.000000 0.078454 0.000000 0.000000 0.078454 0.000000 0.000000 0.078454 0.000000 0.000000 0.078454 0.000000 0.000000 0.078454 0.000000 0.000000 0.078454 0.000000 0.000000 0.078454 0.000000 0.000000 0.078454 0.000000 0.000000 0.078454 0.000000 0.000000 0.078454 0.000000 0.000000 0.078454 0.000000 0.000000 0.078454 0.000000 0.000000 0.078454 0.000000 0.000000 0.078454 0.000000 0.000000 0.078454 0.000000 0.000000