0 0.4361299 0.43347657 0.011373046 0.07520313 0.312354 0.000000 0.000000 0.312354 0.000000 0.000000 0.312354 0.000000 0.000000 0.312354 0.000000 0.000000 0.312354 0.000000 0.000000 0.312354 0.000000 0.000000 0.312354 0.000000 0.000000 0.312354 0.000000 0.000000 0.312354 0.000000 0.000000 0.312354 0.000000 0.000000 0.312354 0.000000 0.000000 0.312354 0.000000 0.000000 0.312354 0.000000 0.000000 0.312354 0.000000 0.000000 0.312354 0.000000 0.000000 0.312354 0.000000 0.000000 0.312354 0.000000 0.000000
0 0.42338574 0.43665624 0.016470702 0.084781244 0.312354 0.000000 0.000000 0.312354 0.000000 0.000000 0.312354 0.000000 0.000000 0.312354 0.000000 0.000000 0.312354 0.000000 0.000000 0.312354 0.000000 0.000000 0.312354 0.000000 0.000000 0.312354 0.000000 0.000000 0.312354 0.000000 0.000000 0.312354 0.000000 0.000000 0.312354 0.000000 0.000000 0.312354 0.000000 0.000000 0.312354 0.000000 0.000000 0.312354 0.000000 0.000000 0.312354 0.000000 0.000000 0.312354 0.000000 0.000000 0.312354 0.000000 0.000000
0 0.41352445 0.43166405 0.011742188 0.075359374 0.312354 0.000000 0.000000 0.312354 0.000000 0.000000 0.312354 0.000000 0.000000 0.312354 0.000000 0.000000 0.312354 0.000000 0.000000 0.312354 0.000000 0.000000 0.312354 0.000000 0.000000 0.312354 0.000000 0.000000 0.312354 0.000000 0.000000 0.312354 0.000000 0.000000 0.312354 0.000000 0.000000 0.312354 0.000000 0.000000 0.312354 0.000000 0.000000 0.312354 0.000000 0.000000 0.312354 0.000000 0.000000 0.312354 0.000000 0.000000 0.312354 0.000000 0.000000
0 0.5513852 0.44235155 0.025497071 0.084796876 0.312354 0.000000 0.000000 0.312354 0.000000 0.000000 0.312354 0.000000 0.000000 0.312354 0.000000 0.000000 0.312354 0.000000 0.000000 0.312354 0.000000 0.000000 0.312354 0.000000 0.000000 0.312354 0.000000 0.000000 0.312354 0.000000 0.000000 0.312354 0.000000 0.000000 0.312354 0.000000 0.000000 0.312354 0.000000 0.000000 0.312354 0.000000 0.000000 0.312354 0.000000 0.000000 0.312354 0.000000 0.000000 0.312354 0.000000 0.000000 0.312354 0.000000 0.000000
0 0.3900049 0.55255467 0.020759767 0.16295312 0.312354 0.000000 0.000000 0.312354 0.000000 0.000000 0.312354 0.000000 0.000000 0.312354 0.000000 0.000000 0.312354 0.000000 0.000000 0.388818 0.484375 2.000000 0.312354 0.000000 0.000000 0.395850 0.512500 2.000000 0.312354 0.000000 0.000000 0.395850 0.537500 2.000000 0.312354 0.000000 0.000000 0.386182 0.545313 1.000000 0.312354 0.000000 0.000000 0.386182 0.585938 2.000000 0.312354 0.000000 0.000000 0.386182 0.618750 2.000000 0.312354 0.000000 0.000000
0 0.37837696 0.4210078 0.012445313 0.038578127 0.312354 0.000000 0.000000 0.312354 0.000000 0.000000 0.312354 0.000000 0.000000 0.312354 0.000000 0.000000 0.312354 0.000000 0.000000 0.312354 0.000000 0.000000 0.312354 0.000000 0.000000 0.312354 0.000000 0.000000 0.312354 0.000000 0.000000 0.312354 0.000000 0.000000 0.312354 0.000000 0.000000 0.312354 0.000000 0.000000 0.312354 0.000000 0.000000 0.312354 0.000000 0.000000 0.312354 0.000000 0.000000 0.312354 0.000000 0.000000 0.312354 0.000000 0.000000
0 0.35550344 0.5655547 0.06546973 0.34251565 0.339600 0.434375 2.000000 0.343115 0.429688 2.000000 0.312354 0.000000 0.000000 0.353662 0.426562 2.000000 0.312354 0.000000 0.000000 0.373877 0.456250 2.000000 0.336963 0.456250 1.000000 0.383545 0.507812 2.000000 0.332568 0.512500 2.000000 0.383545 0.560938 2.000000 0.326416 0.550000 2.000000 0.365967 0.567187 2.000000 0.344873 0.570312 2.000000 0.372119 0.634375 2.000000 0.348389 0.642187 2.000000 0.386182 0.664062 1.000000 0.349268 0.707812 2.000000
0 0.4541519 0.42750782 0.009325195 0.050234377 0.312354 0.000000 0.000000 0.312354 0.000000 0.000000 0.312354 0.000000 0.000000 0.312354 0.000000 0.000000 0.312354 0.000000 0.000000 0.312354 0.000000 0.000000 0.312354 0.000000 0.000000 0.312354 0.000000 0.000000 0.312354 0.000000 0.000000 0.312354 0.000000 0.000000 0.312354 0.000000 0.000000 0.312354 0.000000 0.000000 0.312354 0.000000 0.000000 0.312354 0.000000 0.000000 0.312354 0.000000 0.000000 0.312354 0.000000 0.000000 0.312354 0.000000 0.000000
0 0.38642332 0.42080468 0.011206055 0.038359374 0.312354 0.000000 0.000000 0.312354 0.000000 0.000000 0.312354 0.000000 0.000000 0.312354 0.000000 0.000000 0.312354 0.000000 0.000000 0.312354 0.000000 0.000000 0.312354 0.000000 0.000000 0.312354 0.000000 0.000000 0.312354 0.000000 0.000000 0.312354 0.000000 0.000000 0.312354 0.000000 0.000000 0.312354 0.000000 0.000000 0.312354 0.000000 0.000000 0.312354 0.000000 0.000000 0.312354 0.000000 0.000000 0.312354 0.000000 0.000000 0.312354 0.000000 0.000000
0 0.40600538 0.42787498 0.007145508 0.03046875 0.312354 0.000000 0.000000 0.312354 0.000000 0.000000 0.312354 0.000000 0.000000 0.312354 0.000000 0.000000 0.312354 0.000000 0.000000 0.312354 0.000000 0.000000 0.312354 0.000000 0.000000 0.312354 0.000000 0.000000 0.312354 0.000000 0.000000 0.312354 0.000000 0.000000 0.312354 0.000000 0.000000 0.312354 0.000000 0.000000 0.312354 0.000000 0.000000 0.312354 0.000000 0.000000 0.312354 0.000000 0.000000 0.312354 0.000000 0.000000 0.312354 0.000000 0.000000
0 0.33056444 0.46901566 0.023273436 0.13759375 0.312354 0.000000 0.000000 0.312354 0.000000 0.000000 0.312354 0.000000 0.000000 0.312354 0.000000 0.000000 0.312354 0.000000 0.000000 0.322021 0.443750 2.000000 0.337842 0.448438 2.000000 0.312354 0.000000 0.000000 0.312354 0.000000 0.000000 0.312354 0.000000 0.000000 0.312354 0.000000 0.000000 0.312354 0.000000 0.000000 0.312354 0.000000 0.000000 0.312354 0.000000 0.000000 0.312354 0.000000 0.000000 0.312354 0.000000 0.000000 0.312354 0.000000 0.000000
0 0.4662588 0.41921875 0.008314453 0.045124996 0.312354 0.000000 0.000000 0.312354 0.000000 0.000000 0.312354 0.000000 0.000000 0.312354 0.000000 0.000000 0.312354 0.000000 0.000000 0.312354 0.000000 0.000000 0.312354 0.000000 0.000000 0.312354 0.000000 0.000000 0.312354 0.000000 0.000000 0.312354 0.000000 0.000000 0.312354 0.000000 0.000000 0.312354 0.000000 0.000000 0.312354 0.000000 0.000000 0.312354 0.000000 0.000000 0.312354 0.000000 0.000000 0.312354 0.000000 0.000000 0.312354 0.000000 0.000000