0 0.3694883 0.7693125 0.07005469 0.455625 0.388672 0.593750 2.000000 0.391016 0.583333 2.000000 0.382812 0.583333 2.000000 0.125000 0.000000 0.000000 0.369922 0.585417 2.000000 0.372266 0.618750 2.000000 0.358203 0.616667 2.000000 0.125000 0.000000 0.000000 0.386328 0.670833 2.000000 0.125000 0.000000 0.000000 0.392188 0.622917 2.000000 0.364062 0.754167 2.000000 0.355859 0.758333 2.000000 0.353516 0.868750 2.000000 0.364062 0.872917 2.000000 0.323047 0.960417 1.000000 0.360547 0.985417 2.000000
0 0.45277345 0.74393755 0.06278907 0.35291666 0.437891 0.604167 2.000000 0.442578 0.597917 2.000000 0.125000 0.000000 0.000000 0.453125 0.602083 2.000000 0.125000 0.000000 0.000000 0.460156 0.635417 2.000000 0.434375 0.633333 2.000000 0.468359 0.677083 2.000000 0.125000 0.000000 0.000000 0.442578 0.654167 2.000000 0.125000 0.000000 0.000000 0.458984 0.722917 2.000000 0.433203 0.718750 2.000000 0.436719 0.810417 2.000000 0.441406 0.804167 2.000000 0.436719 0.897917 2.000000 0.463672 0.847917 2.000000
0 0.49461523 0.6395208 0.031394534 0.14845835 0.125000 0.000000 0.000000 0.125000 0.000000 0.000000 0.125000 0.000000 0.000000 0.125000 0.000000 0.000000 0.125000 0.000000 0.000000 0.125000 0.000000 0.000000 0.125000 0.000000 0.000000 0.125000 0.000000 0.000000 0.125000 0.000000 0.000000 0.125000 0.000000 0.000000 0.125000 0.000000 0.000000 0.125000 0.000000 0.000000 0.125000 0.000000 0.000000 0.125000 0.000000 0.000000 0.125000 0.000000 0.000000 0.125000 0.000000 0.000000 0.125000 0.000000 0.000000
0 0.6148789 0.6538021 0.032507814 0.14831251 0.125000 0.000000 0.000000 0.125000 0.000000 0.000000 0.125000 0.000000 0.000000 0.125000 0.000000 0.000000 0.125000 0.000000 0.000000 0.125000 0.000000 0.000000 0.125000 0.000000 0.000000 0.125000 0.000000 0.000000 0.125000 0.000000 0.000000 0.125000 0.000000 0.000000 0.125000 0.000000 0.000000 0.125000 0.000000 0.000000 0.125000 0.000000 0.000000 0.125000 0.000000 0.000000 0.125000 0.000000 0.000000 0.125000 0.000000 0.000000 0.125000 0.000000 0.000000
0 0.6787226 0.6934271 0.05296875 0.24856251 0.125000 0.000000 0.000000 0.125000 0.000000 0.000000 0.125000 0.000000 0.000000 0.125000 0.000000 0.000000 0.125000 0.000000 0.000000 0.660547 0.616667 2.000000 0.686328 0.618750 2.000000 0.125000 0.000000 0.000000 0.125000 0.000000 0.000000 0.125000 0.000000 0.000000 0.125000 0.000000 0.000000 0.664062 0.685417 2.000000 0.681641 0.687500 2.000000 0.666406 0.741667 2.000000 0.683984 0.739583 2.000000 0.667578 0.789583 2.000000 0.687500 0.795833 2.000000
0 0.76776755 0.72002083 0.054363284 0.28500003 0.125000 0.000000 0.000000 0.125000 0.000000 0.000000 0.125000 0.000000 0.000000 0.125000 0.000000 0.000000 0.125000 0.000000 0.000000 0.771875 0.635417 2.000000 0.757812 0.639583 2.000000 0.125000 0.000000 0.000000 0.125000 0.000000 0.000000 0.125000 0.000000 0.000000 0.125000 0.000000 0.000000 0.771875 0.712500 2.000000 0.762500 0.710417 2.000000 0.778906 0.779167 2.000000 0.754297 0.772917 2.000000 0.782422 0.833333 2.000000 0.783594 0.777083 2.000000
0 0.5387715 0.6523958 0.025277345 0.194875 0.125000 0.000000 0.000000 0.125000 0.000000 0.000000 0.125000 0.000000 0.000000 0.125000 0.000000 0.000000 0.125000 0.000000 0.000000 0.125000 0.000000 0.000000 0.125000 0.000000 0.000000 0.125000 0.000000 0.000000 0.125000 0.000000 0.000000 0.125000 0.000000 0.000000 0.125000 0.000000 0.000000 0.125000 0.000000 0.000000 0.125000 0.000000 0.000000 0.125000 0.000000 0.000000 0.125000 0.000000 0.000000 0.125000 0.000000 0.000000 0.125000 0.000000 0.000000
0 0.1626289 0.7214792 0.07291406 0.323125 0.169531 0.591667 2.000000 0.173047 0.587500 2.000000 0.166016 0.589583 2.000000 0.125000 0.000000 0.000000 0.156641 0.589583 2.000000 0.182422 0.622917 2.000000 0.140234 0.620833 2.000000 0.191797 0.672917 2.000000 0.125000 0.658333 1.000000 0.188281 0.710417 2.000000 0.146094 0.670833 2.000000 0.169531 0.735417 2.000000 0.147266 0.733333 2.000000 0.173047 0.789583 2.000000 0.147266 0.795833 2.000000 0.174219 0.847917 2.000000 0.147266 0.858333 2.000000
0 0.4061621 0.7002917 0.053121097 0.30475 0.406250 0.577083 2.000000 0.408594 0.572917 2.000000 0.403906 0.572917 2.000000 0.416797 0.575000 2.000000 0.125000 0.000000 0.000000 0.423828 0.614583 2.000000 0.392188 0.610417 1.000000 0.125000 0.000000 0.000000 0.125000 0.000000 0.000000 0.125000 0.000000 0.000000 0.125000 0.000000 0.000000 0.416797 0.700000 2.000000 0.396875 0.697917 2.000000 0.421484 0.766667 2.000000 0.392188 0.758333 1.000000 0.423828 0.825000 2.000000 0.386328 0.814583 2.000000
0 0.27140233 0.73643756 0.061734375 0.338375 0.265625 0.602083 1.000000 0.270312 0.597917 2.000000 0.125000 0.000000 0.000000 0.279687 0.602083 2.000000 0.125000 0.000000 0.000000 0.292578 0.650000 2.000000 0.267969 0.631250 2.000000 0.272656 0.695833 2.000000 0.245703 0.668750 2.000000 0.248047 0.700000 2.000000 0.253906 0.660417 2.000000 0.280859 0.731250 2.000000 0.269141 0.718750 2.000000 0.277344 0.804167 2.000000 0.264453 0.800000 2.000000 0.276172 0.883333 2.000000 0.269141 0.875000 2.000000
0 0.19231836 0.61875 0.036316406 0.11970834 0.125000 0.000000 0.000000 0.125000 0.000000 0.000000 0.125000 0.000000 0.000000 0.125000 0.000000 0.000000 0.125000 0.000000 0.000000 0.125000 0.000000 0.000000 0.125000 0.000000 0.000000 0.125000 0.000000 0.000000 0.125000 0.000000 0.000000 0.125000 0.000000 0.000000 0.125000 0.000000 0.000000 0.125000 0.000000 0.000000 0.125000 0.000000 0.000000 0.125000 0.000000 0.000000 0.125000 0.000000 0.000000 0.125000 0.000000 0.000000 0.125000 0.000000 0.000000
0 0.5908554 0.7652083 0.080742195 0.41583332 0.125000 0.000000 0.000000 0.125000 0.000000 0.000000 0.125000 0.000000 0.000000 0.125000 0.000000 0.000000 0.125000 0.000000 0.000000 0.567969 0.631250 2.000000 0.587891 0.635417 2.000000 0.125000 0.000000 0.000000 0.606641 0.710417 2.000000 0.125000 0.000000 0.000000 0.612500 0.770833 2.000000 0.584375 0.770833 2.000000 0.592578 0.772917 2.000000 0.582031 0.860417 2.000000 0.592578 0.864583 2.000000 0.559766 0.908333 2.000000 0.589063 0.945833 2.000000
0 0.55356055 0.70091665 0.025699219 0.261 0.125000 0.000000 0.000000 0.125000 0.000000 0.000000 0.125000 0.000000 0.000000 0.125000 0.000000 0.000000 0.125000 0.000000 0.000000 0.539844 0.625000 1.000000 0.567969 0.618750 1.000000 0.531641 0.656250 1.000000 0.125000 0.000000 0.000000 0.125000 0.000000 0.000000 0.125000 0.000000 0.000000 0.548047 0.691667 2.000000 0.563281 0.691667 1.000000 0.550391 0.739583 2.000000 0.125000 0.000000 0.000000 0.550391 0.806250 2.000000 0.125000 0.000000 0.000000
0 0.5 0.7625 0.7476562 0.47083333 0.125000 0.000000 0.000000 0.125000 0.000000 0.000000 0.125000 0.000000 0.000000 0.125000 0.000000 0.000000 0.125000 0.000000 0.000000 0.125000 0.000000 0.000000 0.125000 0.000000 0.000000 0.125000 0.000000 0.000000 0.125000 0.000000 0.000000 0.125000 0.000000 0.000000 0.125000 0.000000 0.000000 0.125000 0.000000 0.000000 0.125000 0.000000 0.000000 0.125000 0.000000 0.000000 0.125000 0.000000 0.000000 0.125000 0.000000 0.000000 0.125000 0.000000 0.000000