0 0.4291382 0.65955293 0.19972059 0.68089414 0.440441 0.411765 2.000000 0.451029 0.395294 2.000000 0.427206 0.397647 2.000000 0.455000 0.414118 2.000000 0.406029 0.416471 2.000000 0.481471 0.517647 2.000000 0.367647 0.512941 2.000000 0.509265 0.710588 2.000000 0.337206 0.672941 2.000000 0.481471 0.755294 2.000000 0.383529 0.731765 2.000000 0.447059 0.835294 2.000000 0.374265 0.825882 2.000000 0.076471 0.000000 0.000000 0.076471 0.000000 0.000000 0.076471 0.000000 0.000000 0.076471 0.000000 0.000000
0 0.6636148 0.6146 0.35772356 0.74830586 0.719706 0.437647 2.000000 0.743529 0.411765 2.000000 0.701176 0.400000 2.000000 0.760735 0.392941 2.000000 0.664118 0.367059 2.000000 0.773971 0.562353 2.000000 0.600588 0.534118 2.000000 0.793824 0.842353 2.000000 0.545000 0.828235 2.000000 0.751471 0.583529 2.000000 0.076471 0.000000 0.000000 0.722353 0.992941 1.000000 0.592647 0.995294 1.000000 0.076471 0.000000 0.000000 0.076471 0.000000 0.000000 0.076471 0.000000 0.000000 0.076471 0.000000 0.000000
0 0.5565015 0.5164588 0.097835295 0.29320002 0.572794 0.447059 2.000000 0.584706 0.432941 2.000000 0.564853 0.430588 2.000000 0.076471 0.000000 0.000000 0.552941 0.444706 2.000000 0.613824 0.569412 1.000000 0.519853 0.567059 2.000000 0.076471 0.000000 0.000000 0.076471 0.000000 0.000000 0.076471 0.000000 0.000000 0.076471 0.000000 0.000000 0.076471 0.000000 0.000000 0.076471 0.000000 0.000000 0.076471 0.000000 0.000000 0.076471 0.000000 0.000000 0.076471 0.000000 0.000000 0.076471 0.000000 0.000000
0 0.21425 0.71123534 0.27555883 0.5460471 0.237941 0.569412 2.000000 0.255147 0.562353 2.000000 0.233971 0.552941 1.000000 0.286912 0.588235 2.000000 0.076471 0.000000 0.000000 0.288235 0.696471 2.000000 0.181029 0.651765 2.000000 0.268382 0.818824 2.000000 0.091029 0.738824 2.000000 0.309412 0.912941 2.000000 0.116176 0.835294 2.000000 0.223382 0.974118 2.000000 0.157206 0.964706 2.000000 0.076471 0.000000 0.000000 0.076471 0.000000 0.000000 0.076471 0.000000 0.000000 0.076471 0.000000 0.000000
0 0.15484339 0.6569295 0.1567456 0.6629412 0.157206 0.432941 2.000000 0.173088 0.409412 2.000000 0.143971 0.404706 2.000000 0.185000 0.414118 2.000000 0.136029 0.414118 2.000000 0.196912 0.508235 2.000000 0.101618 0.510588 2.000000 0.076471 0.000000 0.000000 0.076471 0.000000 0.000000 0.076471 0.000000 0.000000 0.076471 0.000000 0.000000 0.076471 0.000000 0.000000 0.076471 0.000000 0.000000 0.076471 0.000000 0.000000 0.076471 0.000000 0.000000 0.076471 0.000000 0.000000 0.076471 0.000000 0.000000
0 0.34210297 0.4670706 0.07096765 0.19856471 0.351765 0.404706 2.000000 0.355735 0.397647 2.000000 0.347794 0.400000 2.000000 0.076471 0.000000 0.000000 0.339853 0.407059 2.000000 0.372941 0.454118 2.000000 0.329265 0.456471 2.000000 0.076471 0.000000 0.000000 0.306765 0.505882 1.000000 0.076471 0.000000 0.000000 0.076471 0.000000 0.000000 0.368971 0.590588 1.000000 0.333235 0.590588 1.000000 0.076471 0.000000 0.000000 0.076471 0.000000 0.000000 0.076471 0.000000 0.000000 0.076471 0.000000 0.000000
0 0.24932353 0.4100824 0.040579416 0.091270596 0.076471 0.000000 0.000000 0.076471 0.000000 0.000000 0.076471 0.000000 0.000000 0.076471 0.000000 0.000000 0.076471 0.000000 0.000000 0.076471 0.000000 0.000000 0.076471 0.000000 0.000000 0.076471 0.000000 0.000000 0.076471 0.000000 0.000000 0.076471 0.000000 0.000000 0.076471 0.000000 0.000000 0.076471 0.000000 0.000000 0.076471 0.000000 0.000000 0.076471 0.000000 0.000000 0.076471 0.000000 0.000000 0.076471 0.000000 0.000000 0.076471 0.000000 0.000000
0 0.22425589 0.4459765 0.037667647 0.10842354 0.076471 0.000000 0.000000 0.076471 0.000000 0.000000 0.076471 0.000000 0.000000 0.076471 0.000000 0.000000 0.076471 0.000000 0.000000 0.076471 0.000000 0.000000 0.076471 0.000000 0.000000 0.076471 0.000000 0.000000 0.076471 0.000000 0.000000 0.076471 0.000000 0.000000 0.076471 0.000000 0.000000 0.076471 0.000000 0.000000 0.076471 0.000000 0.000000 0.076471 0.000000 0.000000 0.076471 0.000000 0.000000 0.076471 0.000000 0.000000 0.076471 0.000000 0.000000
0 0.3038596 0.4104824 0.05102206 0.08755294 0.076471 0.000000 0.000000 0.076471 0.000000 0.000000 0.076471 0.000000 0.000000 0.076471 0.000000 0.000000 0.076471 0.000000 0.000000 0.076471 0.000000 0.000000 0.076471 0.000000 0.000000 0.076471 0.000000 0.000000 0.076471 0.000000 0.000000 0.076471 0.000000 0.000000 0.076471 0.000000 0.000000 0.076471 0.000000 0.000000 0.076471 0.000000 0.000000 0.076471 0.000000 0.000000 0.076471 0.000000 0.000000 0.076471 0.000000 0.000000 0.076471 0.000000 0.000000
0 0.099235296 0.5039765 0.045529418 0.18244706 0.076471 0.000000 0.000000 0.076471 0.000000 0.000000 0.076471 0.000000 0.000000 0.085735 0.461176 1.000000 0.116176 0.458824 2.000000 0.076471 0.000000 0.000000 0.126765 0.517647 1.000000 0.076471 0.000000 0.000000 0.076471 0.000000 0.000000 0.076471 0.000000 0.000000 0.076471 0.000000 0.000000 0.076471 0.000000 0.000000 0.076471 0.000000 0.000000 0.076471 0.000000 0.000000 0.076471 0.000000 0.000000 0.076471 0.000000 0.000000 0.076471 0.000000 0.000000
0 0.29466105 0.3679765 0.011130882 0.023858825 0.076471 0.000000 0.000000 0.076471 0.000000 0.000000 0.076471 0.000000 0.000000 0.076471 0.000000 0.000000 0.076471 0.000000 0.000000 0.076471 0.000000 0.000000 0.076471 0.000000 0.000000 0.076471 0.000000 0.000000 0.076471 0.000000 0.000000 0.076471 0.000000 0.000000 0.076471 0.000000 0.000000 0.076471 0.000000 0.000000 0.076471 0.000000 0.000000 0.076471 0.000000 0.000000 0.076471 0.000000 0.000000 0.076471 0.000000 0.000000 0.076471 0.000000 0.000000
0 0.2732728 0.40207058 0.027436765 0.07317647 0.076471 0.000000 0.000000 0.076471 0.000000 0.000000 0.076471 0.000000 0.000000 0.076471 0.000000 0.000000 0.076471 0.000000 0.000000 0.076471 0.000000 0.000000 0.076471 0.000000 0.000000 0.076471 0.000000 0.000000 0.076471 0.000000 0.000000 0.076471 0.000000 0.000000 0.076471 0.000000 0.000000 0.076471 0.000000 0.000000 0.076471 0.000000 0.000000 0.076471 0.000000 0.000000 0.076471 0.000000 0.000000 0.076471 0.000000 0.000000 0.076471 0.000000 0.000000
0 0.19868527 0.42618826 0.03062647 0.10668235 0.076471 0.000000 0.000000 0.076471 0.000000 0.000000 0.076471 0.000000 0.000000 0.076471 0.000000 0.000000 0.076471 0.000000 0.000000 0.076471 0.000000 0.000000 0.076471 0.000000 0.000000 0.076471 0.000000 0.000000 0.076471 0.000000 0.000000 0.076471 0.000000 0.000000 0.076471 0.000000 0.000000 0.076471 0.000000 0.000000 0.076471 0.000000 0.000000 0.076471 0.000000 0.000000 0.076471 0.000000 0.000000 0.076471 0.000000 0.000000 0.076471 0.000000 0.000000
0 0.27830884 0.43882352 0.40367648 0.27058822 0.076471 0.000000 0.000000 0.076471 0.000000 0.000000 0.076471 0.000000 0.000000 0.076471 0.000000 0.000000 0.076471 0.000000 0.000000 0.076471 0.000000 0.000000 0.076471 0.000000 0.000000 0.076471 0.000000 0.000000 0.076471 0.000000 0.000000 0.076471 0.000000 0.000000 0.076471 0.000000 0.000000 0.076471 0.000000 0.000000 0.076471 0.000000 0.000000 0.076471 0.000000 0.000000 0.076471 0.000000 0.000000 0.076471 0.000000 0.000000 0.076471 0.000000 0.000000