0 0.12561399 0.6714084 0.091518484 0.46352115 0.117077 0.509390 2.000000 0.123680 0.497653 2.000000 0.110475 0.497653 2.000000 0.134243 0.497653 2.000000 0.101232 0.495305 2.000000 0.146127 0.553991 2.000000 0.093310 0.553991 2.000000 0.161972 0.636150 2.000000 0.078785 0.640845 1.000000 0.128961 0.669014 2.000000 0.095951 0.673709 2.000000 0.127641 0.685446 2.000000 0.093310 0.678404 2.000000 0.122359 0.727700 2.000000 0.101232 0.730047 2.000000 0.114437 0.842723 2.000000 0.095951 0.842723 2.000000
0 0.572894 0.5936385 0.08412412 0.32971832 0.568662 0.497653 2.000000 0.575264 0.488263 2.000000 0.562060 0.488263 2.000000 0.584507 0.490610 2.000000 0.551497 0.490610 2.000000 0.597711 0.553991 2.000000 0.546215 0.551643 2.000000 0.604313 0.626761 2.000000 0.538292 0.624413 2.000000 0.596391 0.678404 2.000000 0.564701 0.685446 1.000000 0.587148 0.673709 2.000000 0.558099 0.676056 1.000000 0.077465 0.000000 0.000000 0.077465 0.000000 0.000000 0.077465 0.000000 0.000000 0.077465 0.000000 0.000000
0 0.8626013 0.6646362 0.100272894 0.4067371 0.859155 0.525822 2.000000 0.867078 0.516432 2.000000 0.851232 0.516432 2.000000 0.875000 0.514085 2.000000 0.841989 0.509390 2.000000 0.889525 0.563380 2.000000 0.834067 0.558685 2.000000 0.898768 0.624413 2.000000 0.818222 0.629108 1.000000 0.902729 0.676056 2.000000 0.077465 0.000000 0.000000 0.884243 0.706573 2.000000 0.838028 0.704225 1.000000 0.885563 0.762911 2.000000 0.077465 0.000000 0.000000 0.884243 0.856808 1.000000 0.077465 0.000000 0.000000
0 0.267533 0.32816902 0.06117518 0.25483567 0.267606 0.260563 2.000000 0.274208 0.248826 2.000000 0.261004 0.248826 2.000000 0.283451 0.253521 2.000000 0.251761 0.255869 2.000000 0.296655 0.312207 1.000000 0.242518 0.319249 2.000000 0.077465 0.000000 0.000000 0.077465 0.000000 0.000000 0.077465 0.000000 0.000000 0.077465 0.000000 0.000000 0.291373 0.431925 1.000000 0.251761 0.436620 2.000000 0.077465 0.000000 0.000000 0.077465 0.000000 0.000000 0.077465 0.000000 0.000000 0.077465 0.000000 0.000000
0 0.3627289 0.8066784 0.114322186 0.31631455 0.354753 0.706573 2.000000 0.361356 0.697183 2.000000 0.345511 0.697183 2.000000 0.375880 0.697183 2.000000 0.336268 0.704225 1.000000 0.389084 0.748826 2.000000 0.334947 0.751174 2.000000 0.387764 0.828639 2.000000 0.316461 0.826291 2.000000 0.362676 0.887324 2.000000 0.338908 0.877934 2.000000 0.390405 0.892019 2.000000 0.340229 0.892019 2.000000 0.410211 0.840376 2.000000 0.328345 0.802817 2.000000 0.341549 0.931925 2.000000 0.382482 0.913146 2.000000
0 0.6058385 0.46591547 0.070787854 0.3123474 0.604313 0.368545 2.000000 0.612236 0.361502 2.000000 0.597711 0.359155 2.000000 0.618838 0.361502 2.000000 0.588468 0.366197 2.000000 0.629401 0.429577 2.000000 0.579225 0.431925 2.000000 0.637324 0.500000 1.000000 0.077465 0.000000 0.000000 0.077465 0.000000 0.000000 0.077465 0.000000 0.000000 0.626761 0.546948 2.000000 0.584507 0.546948 1.000000 0.077465 0.000000 0.000000 0.077465 0.000000 0.000000 0.077465 0.000000 0.000000 0.077465 0.000000 0.000000
0 0.48994502 0.3747535 0.0699956 0.32631454 0.490757 0.262911 2.000000 0.498680 0.255869 2.000000 0.484155 0.255869 2.000000 0.505282 0.262911 2.000000 0.474912 0.262911 2.000000 0.515845 0.321596 2.000000 0.463028 0.321596 1.000000 0.077465 0.000000 0.000000 0.077465 0.000000 0.000000 0.077465 0.000000 0.000000 0.077465 0.000000 0.000000 0.506602 0.481221 1.000000 0.469630 0.483568 1.000000 0.077465 0.000000 0.000000 0.077465 0.000000 0.000000 0.077465 0.000000 0.000000 0.077465 0.000000 0.000000
0 0.5668596 0.30646712 0.072900526 0.24650234 0.568662 0.251174 2.000000 0.573944 0.241784 2.000000 0.559419 0.239437 2.000000 0.583187 0.244131 2.000000 0.551497 0.241784 2.000000 0.587148 0.295775 2.000000 0.544894 0.298122 2.000000 0.077465 0.000000 0.000000 0.077465 0.000000 0.000000 0.077465 0.000000 0.000000 0.077465 0.000000 0.000000 0.580546 0.396714 2.000000 0.560739 0.399061 2.000000 0.077465 0.000000 0.000000 0.077465 0.000000 0.000000 0.077465 0.000000 0.000000 0.077465 0.000000 0.000000
0 0.7305458 0.34234744 0.08741197 0.2387324 0.733715 0.265258 2.000000 0.740317 0.258216 2.000000 0.725792 0.258216 2.000000 0.750880 0.265258 1.000000 0.717870 0.269953 2.000000 0.765405 0.326291 2.000000 0.708627 0.319249 2.000000 0.768046 0.408451 2.000000 0.694102 0.389671 2.000000 0.765405 0.469484 1.000000 0.698063 0.460094 2.000000 0.750880 0.457747 1.000000 0.713908 0.457747 1.000000 0.077465 0.000000 0.000000 0.077465 0.000000 0.000000 0.077465 0.000000 0.000000 0.077465 0.000000 0.000000
0 0.44 0.20179577 0.07637324 0.21147887 0.437940 0.152582 2.000000 0.440581 0.143192 2.000000 0.431338 0.143192 2.000000 0.448504 0.145540 2.000000 0.423416 0.147887 2.000000 0.466989 0.211268 2.000000 0.418134 0.208920 2.000000 0.077465 0.000000 0.000000 0.077465 0.000000 0.000000 0.077465 0.000000 0.000000 0.077465 0.000000 0.000000 0.466989 0.319249 1.000000 0.422095 0.316901 1.000000 0.077465 0.000000 0.000000 0.077465 0.000000 0.000000 0.077465 0.000000 0.000000 0.077465 0.000000 0.000000
0 0.37388644 0.20449533 0.046769366 0.2067371 0.370599 0.173709 2.000000 0.377201 0.164319 2.000000 0.365317 0.164319 2.000000 0.387764 0.161972 2.000000 0.357394 0.161972 2.000000 0.397007 0.237089 1.000000 0.345511 0.234742 1.000000 0.077465 0.000000 0.000000 0.077465 0.000000 0.000000 0.077465 0.000000 0.000000 0.077465 0.000000 0.000000 0.077465 0.000000 0.000000 0.077465 0.000000 0.000000 0.077465 0.000000 0.000000 0.077465 0.000000 0.000000 0.077465 0.000000 0.000000 0.077465 0.000000 0.000000
0 0.46628296 0.47318077 0.07247799 0.30706573 0.461708 0.375587 2.000000 0.466989 0.363850 2.000000 0.455106 0.366197 2.000000 0.476232 0.366197 1.000000 0.447183 0.370892 2.000000 0.485475 0.422535 2.000000 0.439261 0.420188 2.000000 0.497359 0.492958 1.000000 0.430018 0.495305 1.000000 0.501320 0.563380 1.000000 0.424736 0.563380 1.000000 0.484155 0.542253 1.000000 0.445863 0.544601 2.000000 0.485475 0.629108 1.000000 0.447183 0.629108 1.000000 0.488116 0.715962 1.000000 0.451144 0.715962 1.000000
0 0.39018044 0.608662 0.08339789 0.32333335 0.386444 0.514085 2.000000 0.394366 0.502347 2.000000 0.379842 0.504695 2.000000 0.404930 0.502347 2.000000 0.371919 0.509390 2.000000 0.418134 0.565728 2.000000 0.365317 0.565728 2.000000 0.423416 0.650235 2.000000 0.353433 0.640845 2.000000 0.404930 0.685446 2.000000 0.077465 0.000000 0.000000 0.410211 0.690141 2.000000 0.371919 0.687793 1.000000 0.077465 0.000000 0.000000 0.077465 0.000000 0.000000 0.077465 0.000000 0.000000 0.077465 0.000000 0.000000
0 0.4993398 0.53521127 0.84375 0.91079813 0.077465 0.000000 0.000000 0.077465 0.000000 0.000000 0.077465 0.000000 0.000000 0.077465 0.000000 0.000000 0.077465 0.000000 0.000000 0.077465 0.000000 0.000000 0.077465 0.000000 0.000000 0.077465 0.000000 0.000000 0.077465 0.000000 0.000000 0.077465 0.000000 0.000000 0.077465 0.000000 0.000000 0.077465 0.000000 0.000000 0.077465 0.000000 0.000000 0.077465 0.000000 0.000000 0.077465 0.000000 0.000000 0.077465 0.000000 0.000000 0.077465 0.000000 0.000000