0 0.54625803 0.8304918 0.085745014 0.29887587 0.078454 0.000000 0.000000 0.078454 0.000000 0.000000 0.078454 0.000000 0.000000 0.078454 0.000000 0.000000 0.078454 0.000000 0.000000 0.531616 0.758782 2.000000 0.514491 0.756440 2.000000 0.557963 0.789227 2.000000 0.534251 0.812646 2.000000 0.586944 0.819672 2.000000 0.565866 0.847775 1.000000 0.525029 0.859485 2.000000 0.511856 0.866511 2.000000 0.078454 0.000000 0.000000 0.554011 0.894614 2.000000 0.078454 0.000000 0.000000 0.535568 0.960187 1.000000
0 0.47248757 0.8359133 0.067117974 0.30362996 0.482875 0.721311 2.000000 0.078454 0.000000 0.000000 0.480240 0.714286 2.000000 0.078454 0.000000 0.000000 0.468384 0.716628 2.000000 0.472336 0.749415 2.000000 0.453893 0.763466 2.000000 0.078454 0.000000 0.000000 0.465749 0.831382 2.000000 0.078454 0.000000 0.000000 0.488144 0.796253 2.000000 0.078454 0.000000 0.000000 0.452576 0.861827 2.000000 0.078454 0.000000 0.000000 0.496048 0.871194 2.000000 0.078454 0.000000 0.000000 0.489461 0.955504 2.000000
0 0.15636782 0.8074356 0.15076844 0.36484775 0.139052 0.681499 2.000000 0.141686 0.672131 2.000000 0.135100 0.674473 2.000000 0.078454 0.000000 0.000000 0.078454 0.000000 0.000000 0.136417 0.718970 2.000000 0.098214 0.716628 2.000000 0.160129 0.754098 2.000000 0.115340 0.786885 2.000000 0.195697 0.793911 2.000000 0.161446 0.812646 2.000000 0.136417 0.829040 2.000000 0.098214 0.831382 2.000000 0.174619 0.847775 1.000000 0.157494 0.880562 2.000000 0.078454 0.000000 0.000000 0.146956 0.985948 2.000000
0 0.70794713 0.7853864 0.14157347 0.30337232 0.726581 0.700234 2.000000 0.078454 0.000000 0.000000 0.722629 0.690866 2.000000 0.078454 0.000000 0.000000 0.708138 0.695550 2.000000 0.681792 0.737705 2.000000 0.706821 0.761124 2.000000 0.078454 0.000000 0.000000 0.725263 0.847775 2.000000 0.718677 0.768150 2.000000 0.078454 0.000000 0.000000 0.668618 0.915691 2.000000 0.689696 0.915691 2.000000 0.078454 0.000000 0.000000 0.078454 0.000000 0.000000 0.078454 0.000000 0.000000 0.078454 0.000000 0.000000
0 0.43713698 0.6991803 0.03427693 0.0822014 0.078454 0.000000 0.000000 0.078454 0.000000 0.000000 0.078454 0.000000 0.000000 0.078454 0.000000 0.000000 0.078454 0.000000 0.000000 0.078454 0.000000 0.000000 0.078454 0.000000 0.000000 0.078454 0.000000 0.000000 0.078454 0.000000 0.000000 0.078454 0.000000 0.000000 0.078454 0.000000 0.000000 0.078454 0.000000 0.000000 0.078454 0.000000 0.000000 0.078454 0.000000 0.000000 0.078454 0.000000 0.000000 0.078454 0.000000 0.000000 0.078454 0.000000 0.000000
0 0.45891905 0.6958548 0.02043179 0.09676815 0.078454 0.000000 0.000000 0.078454 0.000000 0.000000 0.078454 0.000000 0.000000 0.078454 0.000000 0.000000 0.078454 0.000000 0.000000 0.078454 0.000000 0.000000 0.078454 0.000000 0.000000 0.078454 0.000000 0.000000 0.078454 0.000000 0.000000 0.078454 0.000000 0.000000 0.078454 0.000000 0.000000 0.078454 0.000000 0.000000 0.078454 0.000000 0.000000 0.078454 0.000000 0.000000 0.078454 0.000000 0.000000 0.078454 0.000000 0.000000 0.078454 0.000000 0.000000
0 0.22880782 0.6606089 0.02477898 0.0680562 0.078454 0.000000 0.000000 0.078454 0.000000 0.000000 0.078454 0.000000 0.000000 0.078454 0.000000 0.000000 0.078454 0.000000 0.000000 0.078454 0.000000 0.000000 0.078454 0.000000 0.000000 0.078454 0.000000 0.000000 0.078454 0.000000 0.000000 0.078454 0.000000 0.000000 0.078454 0.000000 0.000000 0.078454 0.000000 0.000000 0.078454 0.000000 0.000000 0.078454 0.000000 0.000000 0.078454 0.000000 0.000000 0.078454 0.000000 0.000000 0.078454 0.000000 0.000000
0 0.24838993 0.6646838 0.021446137 0.05948478 0.078454 0.000000 0.000000 0.078454 0.000000 0.000000 0.078454 0.000000 0.000000 0.078454 0.000000 0.000000 0.078454 0.000000 0.000000 0.078454 0.000000 0.000000 0.078454 0.000000 0.000000 0.078454 0.000000 0.000000 0.078454 0.000000 0.000000 0.078454 0.000000 0.000000 0.078454 0.000000 0.000000 0.078454 0.000000 0.000000 0.078454 0.000000 0.000000 0.078454 0.000000 0.000000 0.078454 0.000000 0.000000 0.078454 0.000000 0.000000 0.078454 0.000000 0.000000
0 0.42562357 0.7080328 0.016861826 0.09840749 0.078454 0.000000 0.000000 0.078454 0.000000 0.000000 0.078454 0.000000 0.000000 0.078454 0.000000 0.000000 0.078454 0.000000 0.000000 0.078454 0.000000 0.000000 0.078454 0.000000 0.000000 0.078454 0.000000 0.000000 0.078454 0.000000 0.000000 0.078454 0.000000 0.000000 0.078454 0.000000 0.000000 0.078454 0.000000 0.000000 0.078454 0.000000 0.000000 0.078454 0.000000 0.000000 0.078454 0.000000 0.000000 0.078454 0.000000 0.000000 0.078454 0.000000 0.000000
0 0.43867168 0.66355973 0.011711066 0.041639347 0.078454 0.000000 0.000000 0.078454 0.000000 0.000000 0.078454 0.000000 0.000000 0.078454 0.000000 0.000000 0.078454 0.000000 0.000000 0.078454 0.000000 0.000000 0.078454 0.000000 0.000000 0.078454 0.000000 0.000000 0.078454 0.000000 0.000000 0.078454 0.000000 0.000000 0.078454 0.000000 0.000000 0.078454 0.000000 0.000000 0.078454 0.000000 0.000000 0.078454 0.000000 0.000000 0.078454 0.000000 0.000000 0.078454 0.000000 0.000000 0.078454 0.000000 0.000000
0 0.8323954 0.77850115 0.042273127 0.10800937 0.078454 0.000000 0.000000 0.078454 0.000000 0.000000 0.078454 0.000000 0.000000 0.078454 0.000000 0.000000 0.078454 0.000000 0.000000 0.078454 0.000000 0.000000 0.078454 0.000000 0.000000 0.078454 0.000000 0.000000 0.078454 0.000000 0.000000 0.078454 0.000000 0.000000 0.078454 0.000000 0.000000 0.078454 0.000000 0.000000 0.078454 0.000000 0.000000 0.078454 0.000000 0.000000 0.078454 0.000000 0.000000 0.078454 0.000000 0.000000 0.078454 0.000000 0.000000
0 0.7910904 0.7952576 0.121299766 0.2952459 0.078454 0.000000 0.000000 0.078454 0.000000 0.000000 0.078454 0.000000 0.000000 0.078454 0.000000 0.000000 0.791130 0.704918 2.000000 0.746341 0.742389 2.000000 0.781909 0.761124 2.000000 0.078454 0.000000 0.000000 0.818794 0.814988 2.000000 0.078454 0.000000 0.000000 0.859631 0.847775 1.000000 0.729215 0.896955 1.000000 0.764783 0.908665 1.000000 0.078454 0.000000 0.000000 0.818794 0.936768 1.000000 0.078454 0.000000 0.000000 0.078454 0.000000 0.000000
0 0.49012002 0.7189696 0.032933254 0.1264637 0.078454 0.000000 0.000000 0.078454 0.000000 0.000000 0.078454 0.000000 0.000000 0.078454 0.000000 0.000000 0.078454 0.000000 0.000000 0.078454 0.000000 0.000000 0.078454 0.000000 0.000000 0.078454 0.000000 0.000000 0.078454 0.000000 0.000000 0.078454 0.000000 0.000000 0.078454 0.000000 0.000000 0.078454 0.000000 0.000000 0.078454 0.000000 0.000000 0.078454 0.000000 0.000000 0.078454 0.000000 0.000000 0.078454 0.000000 0.000000 0.078454 0.000000 0.000000