0 0.79494214 0.40083072 0.023646157 0.08755486 0.059169 0.000000 0.000000 0.059169 0.000000 0.000000 0.059169 0.000000 0.000000 0.059169 0.000000 0.000000 0.059169 0.000000 0.000000 0.059169 0.000000 0.000000 0.059169 0.000000 0.000000 0.059169 0.000000 0.000000 0.059169 0.000000 0.000000 0.059169 0.000000 0.000000 0.059169 0.000000 0.000000 0.059169 0.000000 0.000000 0.059169 0.000000 0.000000 0.059169 0.000000 0.000000 0.059169 0.000000 0.000000 0.059169 0.000000 0.000000 0.059169 0.000000 0.000000
0 0.8675205 0.8044984 0.06698863 0.29213166 0.059169 0.000000 0.000000 0.059169 0.000000 0.000000 0.059169 0.000000 0.000000 0.873824 0.692790 2.000000 0.059169 0.000000 0.000000 0.865008 0.724138 2.000000 0.889694 0.730407 2.000000 0.856191 0.761755 2.000000 0.896748 0.761755 1.000000 0.847375 0.780564 2.000000 0.059169 0.000000 0.000000 0.866771 0.815047 2.000000 0.886168 0.815047 1.000000 0.863244 0.868339 2.000000 0.872061 0.852665 2.000000 0.872061 0.909091 2.000000 0.865008 0.887147 2.000000
0 0.5511363 0.52507836 0.028001567 0.1398119 0.059169 0.000000 0.000000 0.059169 0.000000 0.000000 0.059169 0.000000 0.000000 0.059169 0.000000 0.000000 0.059169 0.000000 0.000000 0.059169 0.000000 0.000000 0.059169 0.000000 0.000000 0.059169 0.000000 0.000000 0.059169 0.000000 0.000000 0.059169 0.000000 0.000000 0.059169 0.000000 0.000000 0.059169 0.000000 0.000000 0.059169 0.000000 0.000000 0.059169 0.000000 0.000000 0.059169 0.000000 0.000000 0.059169 0.000000 0.000000 0.059169 0.000000 0.000000
0 0.38086993 0.36291537 0.011391065 0.07416928 0.059169 0.000000 0.000000 0.059169 0.000000 0.000000 0.059169 0.000000 0.000000 0.059169 0.000000 0.000000 0.059169 0.000000 0.000000 0.059169 0.000000 0.000000 0.059169 0.000000 0.000000 0.059169 0.000000 0.000000 0.059169 0.000000 0.000000 0.059169 0.000000 0.000000 0.059169 0.000000 0.000000 0.059169 0.000000 0.000000 0.059169 0.000000 0.000000 0.059169 0.000000 0.000000 0.059169 0.000000 0.000000 0.059169 0.000000 0.000000 0.059169 0.000000 0.000000
0 0.60056233 0.5663322 0.02927116 0.17316614 0.059169 0.000000 0.000000 0.059169 0.000000 0.000000 0.059169 0.000000 0.000000 0.059169 0.000000 0.000000 0.059169 0.000000 0.000000 0.059169 0.000000 0.000000 0.059169 0.000000 0.000000 0.059169 0.000000 0.000000 0.059169 0.000000 0.000000 0.059169 0.000000 0.000000 0.059169 0.000000 0.000000 0.059169 0.000000 0.000000 0.059169 0.000000 0.000000 0.059169 0.000000 0.000000 0.059169 0.000000 0.000000 0.059169 0.000000 0.000000 0.059169 0.000000 0.000000
0 0.78267825 0.47744513 0.025673982 0.12623824 0.059169 0.000000 0.000000 0.059169 0.000000 0.000000 0.059169 0.000000 0.000000 0.059169 0.000000 0.000000 0.059169 0.000000 0.000000 0.059169 0.000000 0.000000 0.059169 0.000000 0.000000 0.059169 0.000000 0.000000 0.059169 0.000000 0.000000 0.059169 0.000000 0.000000 0.059169 0.000000 0.000000 0.059169 0.000000 0.000000 0.059169 0.000000 0.000000 0.059169 0.000000 0.000000 0.059169 0.000000 0.000000 0.059169 0.000000 0.000000 0.059169 0.000000 0.000000
0 0.80882835 0.5695298 0.040591694 0.16194357 0.059169 0.000000 0.000000 0.059169 0.000000 0.000000 0.059169 0.000000 0.000000 0.059169 0.000000 0.000000 0.059169 0.000000 0.000000 0.059169 0.000000 0.000000 0.059169 0.000000 0.000000 0.059169 0.000000 0.000000 0.059169 0.000000 0.000000 0.059169 0.000000 0.000000 0.059169 0.000000 0.000000 0.059169 0.000000 0.000000 0.059169 0.000000 0.000000 0.059169 0.000000 0.000000 0.059169 0.000000 0.000000 0.059169 0.000000 0.000000 0.059169 0.000000 0.000000
0 0.84330124 0.6222884 0.055438872 0.18100314 0.059169 0.000000 0.000000 0.059169 0.000000 0.000000 0.059169 0.000000 0.000000 0.059169 0.000000 0.000000 0.059169 0.000000 0.000000 0.059169 0.000000 0.000000 0.059169 0.000000 0.000000 0.059169 0.000000 0.000000 0.059169 0.000000 0.000000 0.059169 0.000000 0.000000 0.059169 0.000000 0.000000 0.059169 0.000000 0.000000 0.059169 0.000000 0.000000 0.059169 0.000000 0.000000 0.059169 0.000000 0.000000 0.059169 0.000000 0.000000 0.059169 0.000000 0.000000
0 0.69761556 0.60496867 0.045246862 0.19520375 0.059169 0.000000 0.000000 0.059169 0.000000 0.000000 0.059169 0.000000 0.000000 0.059169 0.000000 0.000000 0.059169 0.000000 0.000000 0.059169 0.000000 0.000000 0.059169 0.000000 0.000000 0.059169 0.000000 0.000000 0.059169 0.000000 0.000000 0.059169 0.000000 0.000000 0.059169 0.000000 0.000000 0.059169 0.000000 0.000000 0.059169 0.000000 0.000000 0.059169 0.000000 0.000000 0.059169 0.000000 0.000000 0.059169 0.000000 0.000000 0.059169 0.000000 0.000000
0 0.48845023 0.42360497 0.031951413 0.09115987 0.059169 0.000000 0.000000 0.059169 0.000000 0.000000 0.059169 0.000000 0.000000 0.059169 0.000000 0.000000 0.059169 0.000000 0.000000 0.059169 0.000000 0.000000 0.059169 0.000000 0.000000 0.059169 0.000000 0.000000 0.059169 0.000000 0.000000 0.059169 0.000000 0.000000 0.059169 0.000000 0.000000 0.059169 0.000000 0.000000 0.059169 0.000000 0.000000 0.059169 0.000000 0.000000 0.059169 0.000000 0.000000 0.059169 0.000000 0.000000 0.059169 0.000000 0.000000
0 0.7491575 0.46369904 0.030364418 0.13924764 0.059169 0.000000 0.000000 0.059169 0.000000 0.000000 0.059169 0.000000 0.000000 0.059169 0.000000 0.000000 0.059169 0.000000 0.000000 0.059169 0.000000 0.000000 0.059169 0.000000 0.000000 0.059169 0.000000 0.000000 0.059169 0.000000 0.000000 0.059169 0.000000 0.000000 0.059169 0.000000 0.000000 0.059169 0.000000 0.000000 0.059169 0.000000 0.000000 0.059169 0.000000 0.000000 0.059169 0.000000 0.000000 0.059169 0.000000 0.000000 0.059169 0.000000 0.000000
0 0.9016584 0.6381191 0.078203365 0.20852663 0.059169 0.000000 0.000000 0.059169 0.000000 0.000000 0.059169 0.000000 0.000000 0.902038 0.554859 1.000000 0.916144 0.554859 2.000000 0.898511 0.576802 1.000000 0.923197 0.579937 2.000000 0.884404 0.601881 2.000000 0.932014 0.608150 2.000000 0.877351 0.611285 2.000000 0.059169 0.000000 0.000000 0.902038 0.642633 2.000000 0.910854 0.642633 2.000000 0.900274 0.680251 2.000000 0.910854 0.670846 2.000000 0.905564 0.714733 2.000000 0.909091 0.699060 2.000000
0 0.7659443 0.6004075 0.040380094 0.18545455 0.059169 0.000000 0.000000 0.059169 0.000000 0.000000 0.059169 0.000000 0.000000 0.059169 0.000000 0.000000 0.059169 0.000000 0.000000 0.059169 0.000000 0.000000 0.059169 0.000000 0.000000 0.059169 0.000000 0.000000 0.059169 0.000000 0.000000 0.059169 0.000000 0.000000 0.059169 0.000000 0.000000 0.059169 0.000000 0.000000 0.059169 0.000000 0.000000 0.059169 0.000000 0.000000 0.059169 0.000000 0.000000 0.059169 0.000000 0.000000 0.059169 0.000000 0.000000
0 0.55378133 0.4184953 0.5589733 0.5485893 0.059169 0.000000 0.000000 0.059169 0.000000 0.000000 0.059169 0.000000 0.000000 0.059169 0.000000 0.000000 0.059169 0.000000 0.000000 0.059169 0.000000 0.000000 0.059169 0.000000 0.000000 0.059169 0.000000 0.000000 0.059169 0.000000 0.000000 0.059169 0.000000 0.000000 0.059169 0.000000 0.000000 0.059169 0.000000 0.000000 0.059169 0.000000 0.000000 0.059169 0.000000 0.000000 0.059169 0.000000 0.000000 0.059169 0.000000 0.000000 0.059169 0.000000 0.000000