0 0.6826676 0.6112412 0.33371925 0.69213116 0.700234 0.351288 2.000000 0.078454 0.000000 0.000000 0.696282 0.341920 2.000000 0.078454 0.000000 0.000000 0.669936 0.351288 2.000000 0.625146 0.407494 2.000000 0.692330 0.416862 2.000000 0.625146 0.522248 2.000000 0.078454 0.000000 0.000000 0.078454 0.000000 0.000000 0.078454 0.000000 0.000000 0.698917 0.634660 2.000000 0.673888 0.637002 2.000000 0.751610 0.721311 2.000000 0.635685 0.800937 2.000000 0.784543 0.899297 2.000000 0.543472 0.871194 2.000000
0 0.31058112 0.74160415 0.2556938 0.41459018 0.328747 0.601874 2.000000 0.078454 0.000000 0.000000 0.319526 0.590164 2.000000 0.078454 0.000000 0.000000 0.291862 0.604215 2.000000 0.339286 0.653396 2.000000 0.265515 0.653396 2.000000 0.378806 0.714286 2.000000 0.193062 0.714286 2.000000 0.405152 0.756440 2.000000 0.212822 0.782201 2.000000 0.308987 0.826698 2.000000 0.254977 0.819672 2.000000 0.364315 0.772834 2.000000 0.274737 0.765808 2.000000 0.334016 0.901639 2.000000 0.224678 0.911007 2.000000
0 0.86420894 0.084098354 0.11085334 0.16819671 0.875439 0.018735 2.000000 0.880708 0.011710 2.000000 0.870170 0.011710 2.000000 0.078454 0.000000 0.000000 0.855679 0.018735 2.000000 0.899151 0.077283 2.000000 0.830650 0.079625 2.000000 0.909690 0.149883 2.000000 0.816159 0.147541 2.000000 0.895199 0.194379 1.000000 0.834602 0.196721 1.000000 0.889930 0.215457 1.000000 0.841188 0.210773 1.000000 0.078454 0.000000 0.000000 0.078454 0.000000 0.000000 0.078454 0.000000 0.000000 0.078454 0.000000 0.000000
0 0.76293916 0.08314988 0.10491218 0.16629976 0.767418 0.035129 2.000000 0.772687 0.028103 2.000000 0.762149 0.028103 2.000000 0.779274 0.035129 2.000000 0.748975 0.032787 2.000000 0.785861 0.084309 2.000000 0.743706 0.084309 2.000000 0.806938 0.170960 1.000000 0.721311 0.173302 1.000000 0.078454 0.000000 0.000000 0.078454 0.000000 0.000000 0.774005 0.208431 1.000000 0.755562 0.210773 1.000000 0.078454 0.000000 0.000000 0.078454 0.000000 0.000000 0.078454 0.000000 0.000000 0.078454 0.000000 0.000000
0 0.6378125 0.09167448 0.11575381 0.16278689 0.637002 0.067916 2.000000 0.642272 0.060890 2.000000 0.631733 0.058548 2.000000 0.652810 0.056206 2.000000 0.623829 0.053864 2.000000 0.675205 0.110070 2.000000 0.609338 0.103044 2.000000 0.078454 0.000000 0.000000 0.588261 0.159251 2.000000 0.078454 0.000000 0.000000 0.618560 0.201405 1.000000 0.078454 0.000000 0.000000 0.078454 0.000000 0.000000 0.078454 0.000000 0.000000 0.078454 0.000000 0.000000 0.078454 0.000000 0.000000 0.078454 0.000000 0.000000
0 0.31547496 0.11122951 0.11954772 0.22245902 0.078454 0.000000 0.000000 0.078454 0.000000 0.000000 0.078454 0.000000 0.000000 0.078454 0.000000 0.000000 0.078454 0.000000 0.000000 0.078454 0.000000 0.000000 0.078454 0.000000 0.000000 0.355094 0.039813 2.000000 0.285275 0.046838 2.000000 0.078454 0.000000 0.000000 0.078454 0.000000 0.000000 0.330064 0.121780 2.000000 0.301083 0.107728 2.000000 0.364315 0.107728 2.000000 0.282641 0.063232 2.000000 0.335334 0.194379 2.000000 0.272102 0.156909 2.000000
0 0.18590236 0.08090163 0.08089724 0.15730679 0.078454 0.000000 0.000000 0.078454 0.000000 0.000000 0.078454 0.000000 0.000000 0.078454 0.000000 0.000000 0.078454 0.000000 0.000000 0.078454 0.000000 0.000000 0.078454 0.000000 0.000000 0.078454 0.000000 0.000000 0.078454 0.000000 0.000000 0.078454 0.000000 0.000000 0.078454 0.000000 0.000000 0.194379 0.096019 2.000000 0.162763 0.096019 2.000000 0.215457 0.011710 2.000000 0.175937 0.018735 2.000000 0.197014 0.124122 2.000000 0.170667 0.121780 2.000000
0 0.1224861 0.100187354 0.07594409 0.20037471 0.078454 0.000000 0.000000 0.078454 0.000000 0.000000 0.078454 0.000000 0.000000 0.078454 0.000000 0.000000 0.078454 0.000000 0.000000 0.121926 0.021077 2.000000 0.110070 0.044496 2.000000 0.137734 0.077283 2.000000 0.095580 0.105386 1.000000 0.133782 0.133489 1.000000 0.078454 0.000000 0.000000 0.133782 0.138173 1.000000 0.116657 0.138173 1.000000 0.078454 0.000000 0.000000 0.078454 0.000000 0.000000 0.078454 0.000000 0.000000 0.078454 0.000000 0.000000
0 0.64566386 0.0414637 0.09976142 0.0829274 0.078454 0.000000 0.000000 0.078454 0.000000 0.000000 0.078454 0.000000 0.000000 0.078454 0.000000 0.000000 0.078454 0.000000 0.000000 0.676522 0.004684 2.000000 0.078454 0.000000 0.000000 0.687061 0.063232 2.000000 0.614608 0.060890 2.000000 0.078454 0.000000 0.000000 0.078454 0.000000 0.000000 0.078454 0.000000 0.000000 0.078454 0.000000 0.000000 0.078454 0.000000 0.000000 0.078454 0.000000 0.000000 0.078454 0.000000 0.000000 0.078454 0.000000 0.000000
0 0.54001397 0.091592506 0.08492828 0.17573771 0.543472 0.053864 2.000000 0.548741 0.042155 2.000000 0.536885 0.042155 2.000000 0.078454 0.000000 0.000000 0.527664 0.051522 2.000000 0.571136 0.103044 2.000000 0.509221 0.103044 2.000000 0.572453 0.177986 2.000000 0.513173 0.180328 1.000000 0.548741 0.128806 2.000000 0.539520 0.121780 2.000000 0.078454 0.000000 0.000000 0.078454 0.000000 0.000000 0.078454 0.000000 0.000000 0.078454 0.000000 0.000000 0.078454 0.000000 0.000000 0.078454 0.000000 0.000000
0 0.17683254 0.66234195 0.17051522 0.56459016 0.078454 0.000000 0.000000 0.078454 0.000000 0.000000 0.078454 0.000000 0.000000 0.078454 0.000000 0.000000 0.207553 0.444965 2.000000 0.219409 0.512881 2.000000 0.158811 0.515222 2.000000 0.225995 0.601874 2.000000 0.115340 0.569087 2.000000 0.265515 0.658080 1.000000 0.135100 0.658080 2.000000 0.190427 0.672131 2.000000 0.143004 0.672131 2.000000 0.243121 0.714286 1.000000 0.161446 0.756440 2.000000 0.220726 0.885246 1.000000 0.107436 0.896955 2.000000
0 0.5308321 0.06588993 0.12407934 0.12868853 0.543472 0.053864 1.000000 0.550059 0.044496 1.000000 0.538203 0.044496 1.000000 0.554011 0.051522 1.000000 0.526347 0.053864 1.000000 0.569818 0.107728 1.000000 0.514491 0.105386 1.000000 0.575088 0.177986 1.000000 0.510539 0.177986 1.000000 0.550059 0.131148 1.000000 0.540837 0.119438 1.000000 0.078454 0.000000 0.000000 0.078454 0.000000 0.000000 0.078454 0.000000 0.000000 0.078454 0.000000 0.000000 0.078454 0.000000 0.000000 0.078454 0.000000 0.000000