0 0.57736135 0.7089375 0.024667969 0.10729167 0.125000 0.000000 0.000000 0.125000 0.000000 0.000000 0.125000 0.000000 0.000000 0.125000 0.000000 0.000000 0.125000 0.000000 0.000000 0.125000 0.000000 0.000000 0.125000 0.000000 0.000000 0.125000 0.000000 0.000000 0.125000 0.000000 0.000000 0.125000 0.000000 0.000000 0.125000 0.000000 0.000000 0.125000 0.000000 0.000000 0.125000 0.000000 0.000000 0.125000 0.000000 0.000000 0.125000 0.000000 0.000000 0.125000 0.000000 0.000000 0.125000 0.000000 0.000000
0 0.56755275 0.6253541 0.022324217 0.11170833 0.125000 0.000000 0.000000 0.125000 0.000000 0.000000 0.125000 0.000000 0.000000 0.125000 0.000000 0.000000 0.125000 0.000000 0.000000 0.125000 0.000000 0.000000 0.125000 0.000000 0.000000 0.125000 0.000000 0.000000 0.125000 0.000000 0.000000 0.125000 0.000000 0.000000 0.125000 0.000000 0.000000 0.125000 0.000000 0.000000 0.125000 0.000000 0.000000 0.125000 0.000000 0.000000 0.125000 0.000000 0.000000 0.125000 0.000000 0.000000 0.125000 0.000000 0.000000
0 0.44634572 0.5245937 0.019042969 0.0439375 0.125000 0.000000 0.000000 0.125000 0.000000 0.000000 0.125000 0.000000 0.000000 0.125000 0.000000 0.000000 0.125000 0.000000 0.000000 0.125000 0.000000 0.000000 0.125000 0.000000 0.000000 0.125000 0.000000 0.000000 0.125000 0.000000 0.000000 0.125000 0.000000 0.000000 0.125000 0.000000 0.000000 0.125000 0.000000 0.000000 0.125000 0.000000 0.000000 0.125000 0.000000 0.000000 0.125000 0.000000 0.000000 0.125000 0.000000 0.000000 0.125000 0.000000 0.000000
0 0.4144824 0.52429163 0.010417969 0.026125 0.125000 0.000000 0.000000 0.125000 0.000000 0.000000 0.125000 0.000000 0.000000 0.125000 0.000000 0.000000 0.125000 0.000000 0.000000 0.125000 0.000000 0.000000 0.125000 0.000000 0.000000 0.125000 0.000000 0.000000 0.125000 0.000000 0.000000 0.125000 0.000000 0.000000 0.125000 0.000000 0.000000 0.125000 0.000000 0.000000 0.125000 0.000000 0.000000 0.125000 0.000000 0.000000 0.125000 0.000000 0.000000 0.125000 0.000000 0.000000 0.125000 0.000000 0.000000
0 0.38173437 0.5019479 0.006351562 0.023645833 0.125000 0.000000 0.000000 0.125000 0.000000 0.000000 0.125000 0.000000 0.000000 0.125000 0.000000 0.000000 0.125000 0.000000 0.000000 0.125000 0.000000 0.000000 0.125000 0.000000 0.000000 0.125000 0.000000 0.000000 0.125000 0.000000 0.000000 0.125000 0.000000 0.000000 0.125000 0.000000 0.000000 0.125000 0.000000 0.000000 0.125000 0.000000 0.000000 0.125000 0.000000 0.000000 0.125000 0.000000 0.000000 0.125000 0.000000 0.000000 0.125000 0.000000 0.000000
0 0.37414062 0.49647912 0.00909375 0.020458333 0.125000 0.000000 0.000000 0.125000 0.000000 0.000000 0.125000 0.000000 0.000000 0.125000 0.000000 0.000000 0.125000 0.000000 0.000000 0.125000 0.000000 0.000000 0.125000 0.000000 0.000000 0.125000 0.000000 0.000000 0.125000 0.000000 0.000000 0.125000 0.000000 0.000000 0.125000 0.000000 0.000000 0.125000 0.000000 0.000000 0.125000 0.000000 0.000000 0.125000 0.000000 0.000000 0.125000 0.000000 0.000000 0.125000 0.000000 0.000000 0.125000 0.000000 0.000000
0 0.72665817 0.8715729 0.020027343 0.1316875 0.125000 0.000000 0.000000 0.125000 0.000000 0.000000 0.125000 0.000000 0.000000 0.125000 0.000000 0.000000 0.125000 0.000000 0.000000 0.125000 0.000000 0.000000 0.125000 0.000000 0.000000 0.125000 0.000000 0.000000 0.125000 0.000000 0.000000 0.125000 0.000000 0.000000 0.125000 0.000000 0.000000 0.125000 0.000000 0.000000 0.125000 0.000000 0.000000 0.125000 0.000000 0.000000 0.125000 0.000000 0.000000 0.125000 0.000000 0.000000 0.125000 0.000000 0.000000
0 0.4085996 0.52169794 0.0058007813 0.020229166 0.125000 0.000000 0.000000 0.125000 0.000000 0.000000 0.125000 0.000000 0.000000 0.125000 0.000000 0.000000 0.125000 0.000000 0.000000 0.125000 0.000000 0.000000 0.125000 0.000000 0.000000 0.125000 0.000000 0.000000 0.125000 0.000000 0.000000 0.125000 0.000000 0.000000 0.125000 0.000000 0.000000 0.125000 0.000000 0.000000 0.125000 0.000000 0.000000 0.125000 0.000000 0.000000 0.125000 0.000000 0.000000 0.125000 0.000000 0.000000 0.125000 0.000000 0.000000
0 0.27361134 0.75898963 0.014402344 0.038520835 0.125000 0.000000 0.000000 0.125000 0.000000 0.000000 0.125000 0.000000 0.000000 0.125000 0.000000 0.000000 0.125000 0.000000 0.000000 0.125000 0.000000 0.000000 0.125000 0.000000 0.000000 0.125000 0.000000 0.000000 0.125000 0.000000 0.000000 0.125000 0.000000 0.000000 0.125000 0.000000 0.000000 0.125000 0.000000 0.000000 0.125000 0.000000 0.000000 0.125000 0.000000 0.000000 0.125000 0.000000 0.000000 0.125000 0.000000 0.000000 0.125000 0.000000 0.000000
0 0.19736914 0.6981146 0.012105469 0.05985417 0.125000 0.000000 0.000000 0.125000 0.000000 0.000000 0.125000 0.000000 0.000000 0.125000 0.000000 0.000000 0.125000 0.000000 0.000000 0.125000 0.000000 0.000000 0.125000 0.000000 0.000000 0.125000 0.000000 0.000000 0.125000 0.000000 0.000000 0.125000 0.000000 0.000000 0.125000 0.000000 0.000000 0.125000 0.000000 0.000000 0.125000 0.000000 0.000000 0.125000 0.000000 0.000000 0.125000 0.000000 0.000000 0.125000 0.000000 0.000000 0.125000 0.000000 0.000000
0 0.66146094 0.8801042 0.02632031 0.12295833 0.125000 0.000000 0.000000 0.125000 0.000000 0.000000 0.125000 0.000000 0.000000 0.125000 0.000000 0.000000 0.125000 0.000000 0.000000 0.125000 0.000000 0.000000 0.125000 0.000000 0.000000 0.125000 0.000000 0.000000 0.125000 0.000000 0.000000 0.125000 0.000000 0.000000 0.125000 0.000000 0.000000 0.125000 0.000000 0.000000 0.125000 0.000000 0.000000 0.125000 0.000000 0.000000 0.125000 0.000000 0.000000 0.125000 0.000000 0.000000 0.125000 0.000000 0.000000
0 0.4301797 0.5247917 0.010242187 0.033958334 0.125000 0.000000 0.000000 0.125000 0.000000 0.000000 0.125000 0.000000 0.000000 0.125000 0.000000 0.000000 0.125000 0.000000 0.000000 0.125000 0.000000 0.000000 0.125000 0.000000 0.000000 0.125000 0.000000 0.000000 0.125000 0.000000 0.000000 0.125000 0.000000 0.000000 0.125000 0.000000 0.000000 0.125000 0.000000 0.000000 0.125000 0.000000 0.000000 0.125000 0.000000 0.000000 0.125000 0.000000 0.000000 0.125000 0.000000 0.000000 0.125000 0.000000 0.000000