0 0.3906163 0.47710803 0.0957622 0.17602788 0.387304 0.440767 2.000000 0.393184 0.428571 2.000000 0.380444 0.433798 2.000000 0.399064 0.430314 2.000000 0.369665 0.442509 2.000000 0.416703 0.494774 2.000000 0.359865 0.498258 2.000000 0.430422 0.564460 1.000000 0.341246 0.564460 1.000000 0.186411 0.000000 0.000000 0.186411 0.000000 0.000000 0.402003 0.618467 1.000000 0.366725 0.616725 1.000000 0.186411 0.000000 0.000000 0.186411 0.000000 0.000000 0.186411 0.000000 0.000000 0.186411 0.000000 0.000000
0 0.23812391 0.48229098 0.09333189 0.16817074 0.238349 0.440767 2.000000 0.242269 0.437282 2.000000 0.230510 0.433798 2.000000 0.186411 0.000000 0.000000 0.219730 0.437282 2.000000 0.244229 0.487805 2.000000 0.210910 0.493031 2.000000 0.267748 0.543554 2.000000 0.186411 0.000000 0.000000 0.186411 0.000000 0.000000 0.186411 0.000000 0.000000 0.263828 0.602787 1.000000 0.233449 0.616725 1.000000 0.186411 0.000000 0.000000 0.186411 0.000000 0.000000 0.186411 0.000000 0.000000 0.186411 0.000000 0.000000
0 0.6482393 0.491446 0.055603225 0.13393728 0.642095 0.463415 2.000000 0.644055 0.454704 2.000000 0.637195 0.458188 2.000000 0.186411 0.000000 0.000000 0.622496 0.463415 1.000000 0.654835 0.501742 2.000000 0.186411 0.000000 0.000000 0.186411 0.000000 0.000000 0.186411 0.000000 0.000000 0.186411 0.000000 0.000000 0.186411 0.000000 0.000000 0.186411 0.000000 0.000000 0.186411 0.000000 0.000000 0.186411 0.000000 0.000000 0.186411 0.000000 0.000000 0.186411 0.000000 0.000000 0.186411 0.000000 0.000000
0 0.72510785 0.4855923 0.07371298 0.14487806 0.721472 0.454704 2.000000 0.725392 0.445993 2.000000 0.718532 0.452962 2.000000 0.742051 0.451220 2.000000 0.186411 0.000000 0.000000 0.757731 0.498258 2.000000 0.713632 0.496516 2.000000 0.186411 0.000000 0.000000 0.694033 0.547038 1.000000 0.186411 0.000000 0.000000 0.186411 0.000000 0.000000 0.186411 0.000000 0.000000 0.186411 0.000000 0.000000 0.186411 0.000000 0.000000 0.186411 0.000000 0.000000 0.186411 0.000000 0.000000 0.186411 0.000000 0.000000
0 0.44548452 0.40006968 0.08780488 0.21174216 0.483341 0.344948 2.000000 0.186411 0.000000 0.000000 0.484321 0.332753 2.000000 0.186411 0.000000 0.000000 0.471581 0.322300 2.000000 0.438262 0.339721 2.000000 0.457862 0.348432 2.000000 0.186411 0.000000 0.000000 0.479421 0.391986 2.000000 0.186411 0.000000 0.000000 0.186411 0.000000 0.000000 0.402003 0.459930 1.000000 0.416703 0.473868 1.000000 0.186411 0.000000 0.000000 0.186411 0.000000 0.000000 0.186411 0.000000 0.000000 0.186411 0.000000 0.000000
0 0.50895685 0.39196864 0.070969075 0.23550522 0.535279 0.322300 2.000000 0.186411 0.000000 0.000000 0.532339 0.311847 2.000000 0.186411 0.000000 0.000000 0.520579 0.315331 2.000000 0.499020 0.355401 2.000000 0.509800 0.360627 2.000000 0.509800 0.405923 2.000000 0.537239 0.402439 2.000000 0.526459 0.414634 2.000000 0.530379 0.346690 2.000000 0.481381 0.487805 1.000000 0.489220 0.491289 1.000000 0.186411 0.000000 0.000000 0.186411 0.000000 0.000000 0.186411 0.000000 0.000000 0.186411 0.000000 0.000000
0 0.65628487 0.37809235 0.07469295 0.25123695 0.620536 0.311847 2.000000 0.624456 0.301394 2.000000 0.186411 0.000000 0.000000 0.641115 0.301394 2.000000 0.186411 0.000000 0.000000 0.661694 0.348432 2.000000 0.643075 0.353659 2.000000 0.631315 0.397213 2.000000 0.186411 0.000000 0.000000 0.633275 0.336237 2.000000 0.186411 0.000000 0.000000 0.682274 0.458188 2.000000 0.661694 0.451220 2.000000 0.186411 0.000000 0.000000 0.186411 0.000000 0.000000 0.186411 0.000000 0.000000 0.186411 0.000000 0.000000
0 0.59662944 0.34105402 0.056730185 0.14388502 0.574477 0.313589 1.000000 0.578397 0.304878 2.000000 0.186411 0.000000 0.000000 0.593097 0.311847 2.000000 0.186411 0.000000 0.000000 0.605836 0.351916 2.000000 0.584277 0.346690 1.000000 0.186411 0.000000 0.000000 0.186411 0.000000 0.000000 0.186411 0.000000 0.000000 0.186411 0.000000 0.000000 0.186411 0.000000 0.000000 0.186411 0.000000 0.000000 0.186411 0.000000 0.000000 0.186411 0.000000 0.000000 0.186411 0.000000 0.000000 0.186411 0.000000 0.000000
0 0.62474954 0.5234756 0.116733454 0.21001744 0.644055 0.461672 1.000000 0.644055 0.456446 1.000000 0.636215 0.456446 1.000000 0.186411 0.000000 0.000000 0.186411 0.000000 0.000000 0.656794 0.501742 1.000000 0.186411 0.000000 0.000000 0.186411 0.000000 0.000000 0.186411 0.000000 0.000000 0.186411 0.000000 0.000000 0.186411 0.000000 0.000000 0.186411 0.000000 0.000000 0.186411 0.000000 0.000000 0.186411 0.000000 0.000000 0.186411 0.000000 0.000000 0.186411 0.000000 0.000000 0.186411 0.000000 0.000000
0 0.47653964 0.49565333 0.063011765 0.1737805 0.500980 0.445993 2.000000 0.186411 0.000000 0.000000 0.496080 0.439024 2.000000 0.186411 0.000000 0.000000 0.486281 0.451220 2.000000 0.491180 0.498258 2.000000 0.473541 0.498258 2.000000 0.186411 0.000000 0.000000 0.186411 0.000000 0.000000 0.186411 0.000000 0.000000 0.186411 0.000000 0.000000 0.490200 0.618467 1.000000 0.479421 0.623693 1.000000 0.186411 0.000000 0.000000 0.186411 0.000000 0.000000 0.186411 0.000000 0.000000 0.186411 0.000000 0.000000
0 0.7883695 0.46979097 0.05043881 0.10411149 0.186411 0.000000 0.000000 0.186411 0.000000 0.000000 0.186411 0.000000 0.000000 0.790070 0.470383 2.000000 0.186411 0.000000 0.000000 0.777330 0.512195 2.000000 0.186411 0.000000 0.000000 0.186411 0.000000 0.000000 0.186411 0.000000 0.000000 0.186411 0.000000 0.000000 0.186411 0.000000 0.000000 0.186411 0.000000 0.000000 0.186411 0.000000 0.000000 0.186411 0.000000 0.000000 0.186411 0.000000 0.000000 0.186411 0.000000 0.000000 0.186411 0.000000 0.000000