0 0.6018769 0.8146666 0.08748047 0.34745833 0.125000 0.000000 0.000000 0.125000 0.000000 0.000000 0.125000 0.000000 0.000000 0.125000 0.000000 0.000000 0.125000 0.000000 0.000000 0.618359 0.708333 2.000000 0.594922 0.710417 2.000000 0.640625 0.743750 2.000000 0.580859 0.752083 2.000000 0.621875 0.777083 2.000000 0.563281 0.791667 1.000000 0.620703 0.804167 2.000000 0.598437 0.806250 2.000000 0.616016 0.875000 2.000000 0.125000 0.000000 0.000000 0.618359 0.954167 2.000000 0.125000 0.000000 0.000000
0 0.2707168 0.6113021 0.06432422 0.3635625 0.273828 0.462500 2.000000 0.125000 0.000000 0.000000 0.271484 0.454167 2.000000 0.125000 0.000000 0.000000 0.265625 0.458333 2.000000 0.246875 0.493750 1.000000 0.273828 0.495833 2.000000 0.125000 0.000000 0.000000 0.276172 0.554167 2.000000 0.125000 0.000000 0.000000 0.280859 0.581250 1.000000 0.250391 0.591667 1.000000 0.272656 0.593750 2.000000 0.250391 0.679167 2.000000 0.273828 0.683333 2.000000 0.249219 0.760417 2.000000 0.272656 0.770833 2.000000
0 0.20300001 0.62252086 0.0830625 0.407375 0.125000 0.000000 0.000000 0.125000 0.000000 0.000000 0.125000 0.000000 0.000000 0.125000 0.000000 0.000000 0.125000 0.000000 0.000000 0.167187 0.491667 2.000000 0.201172 0.491667 2.000000 0.125000 0.000000 0.000000 0.236328 0.495833 2.000000 0.125000 0.000000 0.000000 0.212891 0.464583 2.000000 0.175391 0.589583 2.000000 0.195312 0.587500 1.000000 0.177734 0.695833 2.000000 0.201172 0.702083 1.000000 0.177734 0.791667 2.000000 0.196484 0.795833 2.000000
0 0.33106247 0.62733334 0.043546874 0.27004164 0.339453 0.531250 2.000000 0.125000 0.000000 0.000000 0.338281 0.525000 2.000000 0.125000 0.000000 0.000000 0.328906 0.522917 2.000000 0.333594 0.556250 2.000000 0.324219 0.550000 2.000000 0.125000 0.000000 0.000000 0.324219 0.581250 1.000000 0.125000 0.000000 0.000000 0.340625 0.589583 2.000000 0.332422 0.612500 2.000000 0.325391 0.612500 2.000000 0.331250 0.675000 2.000000 0.325391 0.675000 2.000000 0.325391 0.731250 2.000000 0.319531 0.733333 2.000000
0 0.38956836 0.6080104 0.0683789 0.31077084 0.125000 0.000000 0.000000 0.125000 0.000000 0.000000 0.125000 0.000000 0.000000 0.125000 0.000000 0.000000 0.125000 0.000000 0.000000 0.394531 0.512500 2.000000 0.412109 0.512500 2.000000 0.378125 0.554167 2.000000 0.125000 0.000000 0.000000 0.125000 0.000000 0.000000 0.125000 0.000000 0.000000 0.391016 0.608333 2.000000 0.403906 0.606250 2.000000 0.371094 0.662500 2.000000 0.389844 0.672917 2.000000 0.382812 0.729167 2.000000 0.381641 0.741667 2.000000
0 0.7199551 0.5866875 0.024808593 0.126 0.125000 0.000000 0.000000 0.125000 0.000000 0.000000 0.125000 0.000000 0.000000 0.125000 0.000000 0.000000 0.125000 0.000000 0.000000 0.125000 0.000000 0.000000 0.125000 0.000000 0.000000 0.125000 0.000000 0.000000 0.125000 0.000000 0.000000 0.125000 0.000000 0.000000 0.125000 0.000000 0.000000 0.125000 0.000000 0.000000 0.125000 0.000000 0.000000 0.125000 0.000000 0.000000 0.125000 0.000000 0.000000 0.125000 0.000000 0.000000 0.125000 0.000000 0.000000
0 0.4641992 0.5292708 0.042679682 0.09629167 0.125000 0.000000 0.000000 0.125000 0.000000 0.000000 0.125000 0.000000 0.000000 0.125000 0.000000 0.000000 0.125000 0.000000 0.000000 0.125000 0.000000 0.000000 0.125000 0.000000 0.000000 0.125000 0.000000 0.000000 0.125000 0.000000 0.000000 0.125000 0.000000 0.000000 0.125000 0.000000 0.000000 0.125000 0.000000 0.000000 0.125000 0.000000 0.000000 0.125000 0.000000 0.000000 0.125000 0.000000 0.000000 0.125000 0.000000 0.000000 0.125000 0.000000 0.000000
0 0.7630683 0.5738125 0.021480469 0.11733334 0.125000 0.000000 0.000000 0.125000 0.000000 0.000000 0.125000 0.000000 0.000000 0.125000 0.000000 0.000000 0.125000 0.000000 0.000000 0.125000 0.000000 0.000000 0.125000 0.000000 0.000000 0.125000 0.000000 0.000000 0.125000 0.000000 0.000000 0.125000 0.000000 0.000000 0.125000 0.000000 0.000000 0.125000 0.000000 0.000000 0.125000 0.000000 0.000000 0.125000 0.000000 0.000000 0.125000 0.000000 0.000000 0.125000 0.000000 0.000000 0.125000 0.000000 0.000000
0 0.5462071 0.59048957 0.040757813 0.20606251 0.125000 0.000000 0.000000 0.125000 0.000000 0.000000 0.125000 0.000000 0.000000 0.538672 0.502083 2.000000 0.125000 0.000000 0.000000 0.538672 0.518750 2.000000 0.551562 0.527083 2.000000 0.125000 0.000000 0.000000 0.562109 0.545833 2.000000 0.125000 0.000000 0.000000 0.555078 0.564583 2.000000 0.537500 0.587500 1.000000 0.548047 0.585417 1.000000 0.125000 0.000000 0.000000 0.125000 0.000000 0.000000 0.125000 0.000000 0.000000 0.125000 0.000000 0.000000
0 0.49941406 0.60106254 0.049359374 0.22433333 0.502344 0.502083 1.000000 0.505859 0.500000 2.000000 0.125000 0.000000 0.000000 0.508203 0.502083 2.000000 0.125000 0.000000 0.000000 0.502344 0.527083 2.000000 0.519922 0.535417 1.000000 0.492969 0.558333 2.000000 0.125000 0.000000 0.000000 0.487109 0.550000 2.000000 0.125000 0.000000 0.000000 0.500000 0.583333 2.000000 0.512891 0.585417 2.000000 0.489453 0.643750 2.000000 0.495313 0.643750 2.000000 0.489453 0.691667 2.000000 0.491797 0.687500 2.000000
0 0.5731426 0.52994794 0.03376172 0.087770835 0.125000 0.000000 0.000000 0.125000 0.000000 0.000000 0.125000 0.000000 0.000000 0.125000 0.000000 0.000000 0.125000 0.000000 0.000000 0.125000 0.000000 0.000000 0.125000 0.000000 0.000000 0.125000 0.000000 0.000000 0.125000 0.000000 0.000000 0.125000 0.000000 0.000000 0.125000 0.000000 0.000000 0.125000 0.000000 0.000000 0.125000 0.000000 0.000000 0.125000 0.000000 0.000000 0.125000 0.000000 0.000000 0.125000 0.000000 0.000000 0.125000 0.000000 0.000000
0 0.59966797 0.5397396 0.020039063 0.06572916 0.125000 0.000000 0.000000 0.125000 0.000000 0.000000 0.125000 0.000000 0.000000 0.125000 0.000000 0.000000 0.125000 0.000000 0.000000 0.125000 0.000000 0.000000 0.125000 0.000000 0.000000 0.125000 0.000000 0.000000 0.125000 0.000000 0.000000 0.125000 0.000000 0.000000 0.125000 0.000000 0.000000 0.125000 0.000000 0.000000 0.125000 0.000000 0.000000 0.125000 0.000000 0.000000 0.125000 0.000000 0.000000 0.125000 0.000000 0.000000 0.125000 0.000000 0.000000
0 0.6130508 0.5213958 0.0113203125 0.045791663 0.125000 0.000000 0.000000 0.125000 0.000000 0.000000 0.125000 0.000000 0.000000 0.125000 0.000000 0.000000 0.125000 0.000000 0.000000 0.125000 0.000000 0.000000 0.125000 0.000000 0.000000 0.125000 0.000000 0.000000 0.125000 0.000000 0.000000 0.125000 0.000000 0.000000 0.125000 0.000000 0.000000 0.125000 0.000000 0.000000 0.125000 0.000000 0.000000 0.125000 0.000000 0.000000 0.125000 0.000000 0.000000 0.125000 0.000000 0.000000 0.125000 0.000000 0.000000
0 0.6376953 0.60520834 0.47226563 0.33958334 0.125000 0.000000 0.000000 0.125000 0.000000 0.000000 0.125000 0.000000 0.000000 0.125000 0.000000 0.000000 0.125000 0.000000 0.000000 0.125000 0.000000 0.000000 0.125000 0.000000 0.000000 0.125000 0.000000 0.000000 0.125000 0.000000 0.000000 0.125000 0.000000 0.000000 0.125000 0.000000 0.000000 0.125000 0.000000 0.000000 0.125000 0.000000 0.000000 0.125000 0.000000 0.000000 0.125000 0.000000 0.000000 0.125000 0.000000 0.000000 0.125000 0.000000 0.000000