0 0.45089638 0.84606695 0.18834677 0.28538463 0.053350 0.000000 0.000000 0.053350 0.000000 0.000000 0.053350 0.000000 0.000000 0.434398 0.823821 2.000000 0.502792 0.823821 2.000000 0.366005 0.962779 2.000000 0.529311 0.972705 2.000000 0.053350 0.000000 0.000000 0.053350 0.000000 0.000000 0.053350 0.000000 0.000000 0.562810 0.992556 1.000000 0.053350 0.000000 0.000000 0.053350 0.000000 0.000000 0.053350 0.000000 0.000000 0.053350 0.000000 0.000000 0.053350 0.000000 0.000000 0.053350 0.000000 0.000000
0 0.16332349 0.76449126 0.21740693 0.44267988 0.257134 0.918114 2.000000 0.053350 0.000000 0.000000 0.238989 0.870968 2.000000 0.053350 0.000000 0.000000 0.153846 0.898263 2.000000 0.053350 0.000000 0.000000 0.053350 0.000000 0.000000 0.053350 0.000000 0.000000 0.053350 0.000000 0.000000 0.053350 0.000000 0.000000 0.053350 0.000000 0.000000 0.053350 0.000000 0.000000 0.053350 0.000000 0.000000 0.053350 0.000000 0.000000 0.053350 0.000000 0.000000 0.053350 0.000000 0.000000 0.053350 0.000000 0.000000
0 0.7201357 0.9292183 0.20603132 0.11461537 0.053350 0.000000 0.000000 0.053350 0.000000 0.000000 0.053350 0.000000 0.000000 0.053350 0.000000 0.000000 0.053350 0.000000 0.000000 0.053350 0.000000 0.000000 0.053350 0.000000 0.000000 0.053350 0.000000 0.000000 0.053350 0.000000 0.000000 0.053350 0.000000 0.000000 0.053350 0.000000 0.000000 0.053350 0.000000 0.000000 0.053350 0.000000 0.000000 0.053350 0.000000 0.000000 0.053350 0.000000 0.000000 0.053350 0.000000 0.000000 0.053350 0.000000 0.000000
0 0.8900092 0.7875682 0.056892052 0.32585606 0.878257 0.699752 1.000000 0.883840 0.684864 2.000000 0.868486 0.684864 1.000000 0.053350 0.000000 0.000000 0.053350 0.000000 0.000000 0.892215 0.776675 2.000000 0.836383 0.781638 1.000000 0.053350 0.000000 0.000000 0.053350 0.000000 0.000000 0.053350 0.000000 0.000000 0.053350 0.000000 0.000000 0.053350 0.000000 0.000000 0.053350 0.000000 0.000000 0.053350 0.000000 0.000000 0.053350 0.000000 0.000000 0.053350 0.000000 0.000000 0.053350 0.000000 0.000000
0 0.84572107 0.92451614 0.13564205 0.14456575 0.053350 0.000000 0.000000 0.794510 0.995037 1.000000 0.053350 0.000000 0.000000 0.053350 0.000000 0.000000 0.053350 0.000000 0.000000 0.053350 0.000000 0.000000 0.053350 0.000000 0.000000 0.053350 0.000000 0.000000 0.053350 0.000000 0.000000 0.053350 0.000000 0.000000 0.053350 0.000000 0.000000 0.053350 0.000000 0.000000 0.053350 0.000000 0.000000 0.053350 0.000000 0.000000 0.053350 0.000000 0.000000 0.053350 0.000000 0.000000 0.053350 0.000000 0.000000
0 0.8237096 0.74233246 0.114789076 0.2954839 0.868486 0.699752 2.000000 0.053350 0.000000 0.000000 0.861507 0.684864 2.000000 0.053350 0.000000 0.000000 0.829404 0.684864 2.000000 0.836383 0.779156 2.000000 0.802885 0.796526 2.000000 0.053350 0.000000 0.000000 0.850341 0.960298 1.000000 0.053350 0.000000 0.000000 0.850341 0.806452 2.000000 0.053350 0.000000 0.000000 0.053350 0.000000 0.000000 0.053350 0.000000 0.000000 0.053350 0.000000 0.000000 0.053350 0.000000 0.000000 0.053350 0.000000 0.000000
0 0.77498287 0.7087469 0.09078164 0.24920595 0.762407 0.662531 2.000000 0.769386 0.647643 2.000000 0.053350 0.000000 0.000000 0.793114 0.662531 2.000000 0.053350 0.000000 0.000000 0.766594 0.729529 2.000000 0.825217 0.707196 1.000000 0.735887 0.823821 1.000000 0.053350 0.000000 0.000000 0.053350 0.000000 0.000000 0.053350 0.000000 0.000000 0.774969 0.883375 1.000000 0.053350 0.000000 0.000000 0.053350 0.000000 0.000000 0.053350 0.000000 0.000000 0.053350 0.000000 0.000000 0.053350 0.000000 0.000000
0 0.9062353 0.69071954 0.060423385 0.2087841 0.929901 0.662531 2.000000 0.053350 0.000000 0.000000 0.920130 0.645161 2.000000 0.053350 0.000000 0.000000 0.893610 0.657568 1.000000 0.917339 0.739454 2.000000 0.053350 0.000000 0.000000 0.053350 0.000000 0.000000 0.053350 0.000000 0.000000 0.053350 0.000000 0.000000 0.053350 0.000000 0.000000 0.053350 0.000000 0.000000 0.053350 0.000000 0.000000 0.053350 0.000000 0.000000 0.053350 0.000000 0.000000 0.053350 0.000000 0.000000 0.053350 0.000000 0.000000
0 0.31752947 0.82920593 0.14410049 0.31910673 0.053350 0.000000 0.000000 0.053350 0.000000 0.000000 0.053350 0.000000 0.000000 0.272488 0.719603 2.000000 0.331110 0.719603 2.000000 0.250155 0.843672 1.000000 0.372984 0.841191 2.000000 0.238989 0.955335 1.000000 0.384150 0.957816 1.000000 0.053350 0.000000 0.000000 0.053350 0.000000 0.000000 0.053350 0.000000 0.000000 0.053350 0.000000 0.000000 0.053350 0.000000 0.000000 0.053350 0.000000 0.000000 0.053350 0.000000 0.000000 0.053350 0.000000 0.000000
0 0.73104376 0.82605463 0.09524813 0.18263026 0.053350 0.000000 0.000000 0.053350 0.000000 0.000000 0.053350 0.000000 0.000000 0.692618 0.861042 2.000000 0.769386 0.848635 2.000000 0.053350 0.000000 0.000000 0.053350 0.000000 0.000000 0.053350 0.000000 0.000000 0.053350 0.000000 0.000000 0.053350 0.000000 0.000000 0.053350 0.000000 0.000000 0.053350 0.000000 0.000000 0.053350 0.000000 0.000000 0.053350 0.000000 0.000000 0.053350 0.000000 0.000000 0.053350 0.000000 0.000000 0.053350 0.000000 0.000000
0 0.7550512 0.6224441 0.050276052 0.09789082 0.053350 0.000000 0.000000 0.053350 0.000000 0.000000 0.053350 0.000000 0.000000 0.053350 0.000000 0.000000 0.053350 0.000000 0.000000 0.053350 0.000000 0.000000 0.053350 0.000000 0.000000 0.053350 0.000000 0.000000 0.053350 0.000000 0.000000 0.053350 0.000000 0.000000 0.053350 0.000000 0.000000 0.053350 0.000000 0.000000 0.053350 0.000000 0.000000 0.053350 0.000000 0.000000 0.053350 0.000000 0.000000 0.053350 0.000000 0.000000 0.053350 0.000000 0.000000
0 0.65830255 0.77885854 0.097188264 0.3445161 0.053350 0.000000 0.000000 0.053350 0.000000 0.000000 0.053350 0.000000 0.000000 0.657723 0.650124 2.000000 0.698201 0.650124 2.000000 0.633995 0.732010 1.000000 0.692618 0.739454 2.000000 0.053350 0.000000 0.000000 0.053350 0.000000 0.000000 0.053350 0.000000 0.000000 0.053350 0.000000 0.000000 0.053350 0.000000 0.000000 0.053350 0.000000 0.000000 0.053350 0.000000 0.000000 0.053350 0.000000 0.000000 0.053350 0.000000 0.000000 0.053350 0.000000 0.000000
0 0.19252327 0.6198511 0.035508685 0.05970223 0.053350 0.000000 0.000000 0.053350 0.000000 0.000000 0.053350 0.000000 0.000000 0.053350 0.000000 0.000000 0.053350 0.000000 0.000000 0.053350 0.000000 0.000000 0.053350 0.000000 0.000000 0.053350 0.000000 0.000000 0.053350 0.000000 0.000000 0.053350 0.000000 0.000000 0.053350 0.000000 0.000000 0.053350 0.000000 0.000000 0.053350 0.000000 0.000000 0.053350 0.000000 0.000000 0.053350 0.000000 0.000000 0.053350 0.000000 0.000000 0.053350 0.000000 0.000000