0 0.871649 0.81514883 0.0121767735 0.054233413 0.088101 0.000000 0.000000 0.088101 0.000000 0.000000 0.088101 0.000000 0.000000 0.088101 0.000000 0.000000 0.088101 0.000000 0.000000 0.088101 0.000000 0.000000 0.088101 0.000000 0.000000 0.088101 0.000000 0.000000 0.088101 0.000000 0.000000 0.088101 0.000000 0.000000 0.088101 0.000000 0.000000 0.088101 0.000000 0.000000 0.088101 0.000000 0.000000 0.088101 0.000000 0.000000 0.088101 0.000000 0.000000 0.088101 0.000000 0.000000 0.088101 0.000000 0.000000
0 0.84975404 0.83758587 0.022319796 0.090045765 0.088101 0.000000 0.000000 0.088101 0.000000 0.000000 0.088101 0.000000 0.000000 0.088101 0.000000 0.000000 0.088101 0.000000 0.000000 0.088101 0.000000 0.000000 0.088101 0.000000 0.000000 0.088101 0.000000 0.000000 0.088101 0.000000 0.000000 0.088101 0.000000 0.000000 0.088101 0.000000 0.000000 0.088101 0.000000 0.000000 0.088101 0.000000 0.000000 0.088101 0.000000 0.000000 0.088101 0.000000 0.000000 0.088101 0.000000 0.000000 0.088101 0.000000 0.000000
0 0.80691 0.82442796 0.027867563 0.06199085 0.088101 0.000000 0.000000 0.088101 0.000000 0.000000 0.088101 0.000000 0.000000 0.088101 0.000000 0.000000 0.088101 0.000000 0.000000 0.088101 0.000000 0.000000 0.088101 0.000000 0.000000 0.088101 0.000000 0.000000 0.088101 0.000000 0.000000 0.088101 0.000000 0.000000 0.088101 0.000000 0.000000 0.088101 0.000000 0.000000 0.088101 0.000000 0.000000 0.088101 0.000000 0.000000 0.088101 0.000000 0.000000 0.088101 0.000000 0.000000 0.088101 0.000000 0.000000
0 0.88625216 0.83124715 0.017879006 0.096178494 0.088101 0.000000 0.000000 0.088101 0.000000 0.000000 0.088101 0.000000 0.000000 0.088101 0.000000 0.000000 0.088101 0.000000 0.000000 0.088101 0.000000 0.000000 0.088101 0.000000 0.000000 0.088101 0.000000 0.000000 0.088101 0.000000 0.000000 0.088101 0.000000 0.000000 0.088101 0.000000 0.000000 0.088101 0.000000 0.000000 0.088101 0.000000 0.000000 0.088101 0.000000 0.000000 0.088101 0.000000 0.000000 0.088101 0.000000 0.000000 0.088101 0.000000 0.000000
0 0.76912475 0.8073913 0.012485698 0.039313503 0.088101 0.000000 0.000000 0.088101 0.000000 0.000000 0.088101 0.000000 0.000000 0.088101 0.000000 0.000000 0.088101 0.000000 0.000000 0.088101 0.000000 0.000000 0.088101 0.000000 0.000000 0.088101 0.000000 0.000000 0.088101 0.000000 0.000000 0.088101 0.000000 0.000000 0.088101 0.000000 0.000000 0.088101 0.000000 0.000000 0.088101 0.000000 0.000000 0.088101 0.000000 0.000000 0.088101 0.000000 0.000000 0.088101 0.000000 0.000000 0.088101 0.000000 0.000000
0 0.7615882 0.81084675 0.011597541 0.033684213 0.088101 0.000000 0.000000 0.088101 0.000000 0.000000 0.088101 0.000000 0.000000 0.088101 0.000000 0.000000 0.088101 0.000000 0.000000 0.088101 0.000000 0.000000 0.088101 0.000000 0.000000 0.088101 0.000000 0.000000 0.088101 0.000000 0.000000 0.088101 0.000000 0.000000 0.088101 0.000000 0.000000 0.088101 0.000000 0.000000 0.088101 0.000000 0.000000 0.088101 0.000000 0.000000 0.088101 0.000000 0.000000 0.088101 0.000000 0.000000 0.088101 0.000000 0.000000
0 0.48164475 0.8255835 0.021676203 0.09043479 0.088101 0.000000 0.000000 0.088101 0.000000 0.000000 0.088101 0.000000 0.000000 0.088101 0.000000 0.000000 0.088101 0.000000 0.000000 0.088101 0.000000 0.000000 0.088101 0.000000 0.000000 0.088101 0.000000 0.000000 0.088101 0.000000 0.000000 0.088101 0.000000 0.000000 0.088101 0.000000 0.000000 0.088101 0.000000 0.000000 0.088101 0.000000 0.000000 0.088101 0.000000 0.000000 0.088101 0.000000 0.000000 0.088101 0.000000 0.000000 0.088101 0.000000 0.000000
0 0.2467656 0.80294055 0.01659182 0.06254005 0.088101 0.000000 0.000000 0.088101 0.000000 0.000000 0.088101 0.000000 0.000000 0.088101 0.000000 0.000000 0.088101 0.000000 0.000000 0.088101 0.000000 0.000000 0.088101 0.000000 0.000000 0.088101 0.000000 0.000000 0.088101 0.000000 0.000000 0.088101 0.000000 0.000000 0.088101 0.000000 0.000000 0.088101 0.000000 0.000000 0.088101 0.000000 0.000000 0.088101 0.000000 0.000000 0.088101 0.000000 0.000000 0.088101 0.000000 0.000000 0.088101 0.000000 0.000000
0 0.6857151 0.7617964 0.0067191073 0.014942792 0.088101 0.000000 0.000000 0.088101 0.000000 0.000000 0.088101 0.000000 0.000000 0.088101 0.000000 0.000000 0.088101 0.000000 0.000000 0.088101 0.000000 0.000000 0.088101 0.000000 0.000000 0.088101 0.000000 0.000000 0.088101 0.000000 0.000000 0.088101 0.000000 0.000000 0.088101 0.000000 0.000000 0.088101 0.000000 0.000000 0.088101 0.000000 0.000000 0.088101 0.000000 0.000000 0.088101 0.000000 0.000000 0.088101 0.000000 0.000000 0.088101 0.000000 0.000000
0 0.79987556 0.8025171 0.013438215 0.03258581 0.088101 0.000000 0.000000 0.088101 0.000000 0.000000 0.088101 0.000000 0.000000 0.088101 0.000000 0.000000 0.088101 0.000000 0.000000 0.088101 0.000000 0.000000 0.088101 0.000000 0.000000 0.088101 0.000000 0.000000 0.088101 0.000000 0.000000 0.088101 0.000000 0.000000 0.088101 0.000000 0.000000 0.088101 0.000000 0.000000 0.088101 0.000000 0.000000 0.088101 0.000000 0.000000 0.088101 0.000000 0.000000 0.088101 0.000000 0.000000 0.088101 0.000000 0.000000
0 0.82700306 0.8045309 0.023568364 0.043752864 0.088101 0.000000 0.000000 0.088101 0.000000 0.000000 0.088101 0.000000 0.000000 0.088101 0.000000 0.000000 0.088101 0.000000 0.000000 0.088101 0.000000 0.000000 0.088101 0.000000 0.000000 0.088101 0.000000 0.000000 0.088101 0.000000 0.000000 0.088101 0.000000 0.000000 0.088101 0.000000 0.000000 0.088101 0.000000 0.000000 0.088101 0.000000 0.000000 0.088101 0.000000 0.000000 0.088101 0.000000 0.000000 0.088101 0.000000 0.000000 0.088101 0.000000 0.000000
0 0.84167045 0.80829525 0.012691648 0.03736842 0.088101 0.000000 0.000000 0.088101 0.000000 0.000000 0.088101 0.000000 0.000000 0.088101 0.000000 0.000000 0.088101 0.000000 0.000000 0.088101 0.000000 0.000000 0.088101 0.000000 0.000000 0.088101 0.000000 0.000000 0.088101 0.000000 0.000000 0.088101 0.000000 0.000000 0.088101 0.000000 0.000000 0.088101 0.000000 0.000000 0.088101 0.000000 0.000000 0.088101 0.000000 0.000000 0.088101 0.000000 0.000000 0.088101 0.000000 0.000000 0.088101 0.000000 0.000000
0 0.4025665 0.8135584 0.028614132 0.10629291 0.088101 0.000000 0.000000 0.088101 0.000000 0.000000 0.088101 0.000000 0.000000 0.088101 0.000000 0.000000 0.088101 0.000000 0.000000 0.088101 0.000000 0.000000 0.088101 0.000000 0.000000 0.088101 0.000000 0.000000 0.088101 0.000000 0.000000 0.088101 0.000000 0.000000 0.088101 0.000000 0.000000 0.088101 0.000000 0.000000 0.088101 0.000000 0.000000 0.088101 0.000000 0.000000 0.088101 0.000000 0.000000 0.088101 0.000000 0.000000 0.088101 0.000000 0.000000
0 0.25993994 0.7997712 0.01673341 0.0617849 0.088101 0.000000 0.000000 0.088101 0.000000 0.000000 0.088101 0.000000 0.000000 0.088101 0.000000 0.000000 0.088101 0.000000 0.000000 0.088101 0.000000 0.000000 0.088101 0.000000 0.000000 0.088101 0.000000 0.000000 0.088101 0.000000 0.000000 0.088101 0.000000 0.000000 0.088101 0.000000 0.000000 0.088101 0.000000 0.000000 0.088101 0.000000 0.000000 0.088101 0.000000 0.000000 0.088101 0.000000 0.000000 0.088101 0.000000 0.000000 0.088101 0.000000 0.000000