0 0.47140038 0.6165703 0.07034766 0.41517186 0.487256 0.448438 2.000000 0.489893 0.442187 2.000000 0.482861 0.440625 2.000000 0.312354 0.000000 0.000000 0.469678 0.443750 2.000000 0.490771 0.495313 2.000000 0.451221 0.485938 2.000000 0.490771 0.556250 2.000000 0.450342 0.548437 2.000000 0.495166 0.603125 2.000000 0.460889 0.590625 2.000000 0.483740 0.609375 2.000000 0.451221 0.604688 2.000000 0.484619 0.698438 2.000000 0.455615 0.693750 2.000000 0.490771 0.789062 2.000000 0.454736 0.781250 2.000000
0 0.36937255 0.3589297 0.028081056 0.070015624 0.362451 0.339063 2.000000 0.363330 0.335938 2.000000 0.360693 0.335938 2.000000 0.366846 0.339063 2.000000 0.358057 0.339063 2.000000 0.372119 0.353125 2.000000 0.354541 0.348437 1.000000 0.373877 0.376563 2.000000 0.350146 0.373437 1.000000 0.368604 0.384375 2.000000 0.359814 0.381250 2.000000 0.368604 0.389062 2.000000 0.356299 0.387500 2.000000 0.312354 0.000000 0.000000 0.312354 0.000000 0.000000 0.312354 0.000000 0.000000 0.312354 0.000000 0.000000
0 0.56332964 0.20892186 0.014932617 0.024124999 0.312354 0.000000 0.000000 0.312354 0.000000 0.000000 0.312354 0.000000 0.000000 0.312354 0.000000 0.000000 0.312354 0.000000 0.000000 0.312354 0.000000 0.000000 0.312354 0.000000 0.000000 0.312354 0.000000 0.000000 0.312354 0.000000 0.000000 0.312354 0.000000 0.000000 0.312354 0.000000 0.000000 0.312354 0.000000 0.000000 0.312354 0.000000 0.000000 0.312354 0.000000 0.000000 0.312354 0.000000 0.000000 0.312354 0.000000 0.000000 0.312354 0.000000 0.000000
0 0.5776338 0.1196328 0.04482422 0.078015625 0.575146 0.096875 2.000000 0.312354 0.000000 0.000000 0.574268 0.093750 2.000000 0.312354 0.000000 0.000000 0.569873 0.092188 2.000000 0.576025 0.106250 2.000000 0.564600 0.100000 2.000000 0.586572 0.106250 2.000000 0.558447 0.115625 2.000000 0.581299 0.089062 2.000000 0.565479 0.135937 2.000000 0.576025 0.140625 2.000000 0.563721 0.146875 1.000000 0.312354 0.000000 0.000000 0.584814 0.132812 2.000000 0.312354 0.000000 0.000000 0.597998 0.156250 1.000000
0 0.6438593 0.21351564 0.011373046 0.02403125 0.312354 0.000000 0.000000 0.312354 0.000000 0.000000 0.312354 0.000000 0.000000 0.312354 0.000000 0.000000 0.312354 0.000000 0.000000 0.312354 0.000000 0.000000 0.312354 0.000000 0.000000 0.312354 0.000000 0.000000 0.312354 0.000000 0.000000 0.312354 0.000000 0.000000 0.312354 0.000000 0.000000 0.312354 0.000000 0.000000 0.312354 0.000000 0.000000 0.312354 0.000000 0.000000 0.312354 0.000000 0.000000 0.312354 0.000000 0.000000 0.312354 0.000000 0.000000
0 0.6674272 0.20501561 0.03862793 0.11628125 0.666553 0.162500 2.000000 0.667432 0.159375 2.000000 0.664795 0.159375 2.000000 0.670068 0.160938 2.000000 0.662158 0.160938 2.000000 0.671826 0.181250 2.000000 0.656885 0.176563 2.000000 0.674463 0.198437 2.000000 0.656006 0.196875 2.000000 0.672705 0.178125 2.000000 0.667432 0.203125 2.000000 0.670947 0.217187 2.000000 0.659521 0.215625 2.000000 0.682373 0.218750 2.000000 0.669189 0.218750 2.000000 0.674463 0.260938 1.000000 0.312354 0.000000 0.000000
0 0.6389199 0.18032032 0.025558593 0.06373438 0.312354 0.000000 0.000000 0.312354 0.000000 0.000000 0.312354 0.000000 0.000000 0.312354 0.000000 0.000000 0.312354 0.000000 0.000000 0.312354 0.000000 0.000000 0.312354 0.000000 0.000000 0.312354 0.000000 0.000000 0.312354 0.000000 0.000000 0.312354 0.000000 0.000000 0.312354 0.000000 0.000000 0.312354 0.000000 0.000000 0.312354 0.000000 0.000000 0.312354 0.000000 0.000000 0.312354 0.000000 0.000000 0.312354 0.000000 0.000000 0.312354 0.000000 0.000000
0 0.6620791 0.117249995 0.028300783 0.05696875 0.312354 0.000000 0.000000 0.312354 0.000000 0.000000 0.312354 0.000000 0.000000 0.312354 0.000000 0.000000 0.312354 0.000000 0.000000 0.312354 0.000000 0.000000 0.312354 0.000000 0.000000 0.312354 0.000000 0.000000 0.312354 0.000000 0.000000 0.312354 0.000000 0.000000 0.312354 0.000000 0.000000 0.312354 0.000000 0.000000 0.312354 0.000000 0.000000 0.312354 0.000000 0.000000 0.312354 0.000000 0.000000 0.312354 0.000000 0.000000 0.312354 0.000000 0.000000
0 0.6352197 0.11752343 0.028423827 0.06376562 0.312354 0.000000 0.000000 0.312354 0.000000 0.000000 0.312354 0.000000 0.000000 0.312354 0.000000 0.000000 0.312354 0.000000 0.000000 0.312354 0.000000 0.000000 0.312354 0.000000 0.000000 0.312354 0.000000 0.000000 0.312354 0.000000 0.000000 0.312354 0.000000 0.000000 0.312354 0.000000 0.000000 0.312354 0.000000 0.000000 0.312354 0.000000 0.000000 0.312354 0.000000 0.000000 0.312354 0.000000 0.000000 0.312354 0.000000 0.000000 0.312354 0.000000 0.000000
0 0.5920918 0.21207812 0.025453124 0.021125 0.312354 0.000000 0.000000 0.312354 0.000000 0.000000 0.312354 0.000000 0.000000 0.312354 0.000000 0.000000 0.312354 0.000000 0.000000 0.312354 0.000000 0.000000 0.312354 0.000000 0.000000 0.312354 0.000000 0.000000 0.312354 0.000000 0.000000 0.312354 0.000000 0.000000 0.312354 0.000000 0.000000 0.312354 0.000000 0.000000 0.312354 0.000000 0.000000 0.312354 0.000000 0.000000 0.312354 0.000000 0.000000 0.312354 0.000000 0.000000 0.312354 0.000000 0.000000
0 0.41782227 0.3500781 0.025523437 0.09425 0.312354 0.000000 0.000000 0.312354 0.000000 0.000000 0.312354 0.000000 0.000000 0.312354 0.000000 0.000000 0.312354 0.000000 0.000000 0.312354 0.000000 0.000000 0.312354 0.000000 0.000000 0.312354 0.000000 0.000000 0.312354 0.000000 0.000000 0.312354 0.000000 0.000000 0.312354 0.000000 0.000000 0.312354 0.000000 0.000000 0.312354 0.000000 0.000000 0.312354 0.000000 0.000000 0.312354 0.000000 0.000000 0.312354 0.000000 0.000000 0.312354 0.000000 0.000000
0 0.60231787 0.19800782 0.03075293 0.050984375 0.312354 0.000000 0.000000 0.312354 0.000000 0.000000 0.312354 0.000000 0.000000 0.312354 0.000000 0.000000 0.312354 0.000000 0.000000 0.312354 0.000000 0.000000 0.312354 0.000000 0.000000 0.312354 0.000000 0.000000 0.312354 0.000000 0.000000 0.312354 0.000000 0.000000 0.312354 0.000000 0.000000 0.312354 0.000000 0.000000 0.312354 0.000000 0.000000 0.312354 0.000000 0.000000 0.312354 0.000000 0.000000 0.312354 0.000000 0.000000 0.312354 0.000000 0.000000