0 0.4943289 0.675281 0.14157347 0.5910304 0.492096 0.449649 2.000000 0.496048 0.440281 2.000000 0.486827 0.444965 2.000000 0.078454 0.000000 0.000000 0.471019 0.440281 2.000000 0.515808 0.456674 2.000000 0.467067 0.480094 2.000000 0.557963 0.498829 2.000000 0.481557 0.569087 2.000000 0.547424 0.508197 2.000000 0.525029 0.555035 2.000000 0.502635 0.625293 2.000000 0.469701 0.618267 2.000000 0.507904 0.782201 2.000000 0.455211 0.770492 2.000000 0.513173 0.915691 2.000000 0.436768 0.922717 2.000000
0 0.7995016 0.69727165 0.09625732 0.60545665 0.078454 0.000000 0.000000 0.078454 0.000000 0.000000 0.078454 0.000000 0.000000 0.078454 0.000000 0.000000 0.078454 0.000000 0.000000 0.820111 0.496487 2.000000 0.784543 0.494145 2.000000 0.800351 0.484777 2.000000 0.764783 0.466042 2.000000 0.802986 0.440281 2.000000 0.787178 0.428571 2.000000 0.810890 0.707260 2.000000 0.787178 0.709602 2.000000 0.805621 0.840749 2.000000 0.785861 0.838408 2.000000 0.810890 0.985948 2.000000 0.793765 0.976581 2.000000
0 0.63906395 0.7407143 0.12961212 0.49665108 0.596165 0.576112 2.000000 0.592213 0.566745 2.000000 0.078454 0.000000 0.000000 0.605386 0.552693 2.000000 0.078454 0.000000 0.000000 0.622512 0.583138 2.000000 0.655445 0.545667 2.000000 0.643589 0.662763 2.000000 0.078454 0.000000 0.000000 0.643589 0.756440 2.000000 0.078454 0.000000 0.000000 0.656762 0.744731 2.000000 0.677840 0.744731 2.000000 0.629098 0.845433 2.000000 0.662032 0.852459 2.000000 0.606704 0.985948 1.000000 0.664666 0.985948 1.000000
0 0.6629867 0.20380563 0.05481411 0.14067915 0.658080 0.168618 2.000000 0.662032 0.161592 2.000000 0.655445 0.161592 2.000000 0.671253 0.166276 2.000000 0.652810 0.166276 2.000000 0.683109 0.199063 2.000000 0.646224 0.194379 2.000000 0.667301 0.262295 2.000000 0.638320 0.250585 2.000000 0.659397 0.210773 2.000000 0.656762 0.285714 1.000000 0.668618 0.290398 1.000000 0.647541 0.285714 1.000000 0.078454 0.000000 0.000000 0.078454 0.000000 0.000000 0.078454 0.000000 0.000000 0.078454 0.000000 0.000000
0 0.5107626 0.22696722 0.053088408 0.112341926 0.507904 0.206089 2.000000 0.511856 0.201405 2.000000 0.506587 0.199063 2.000000 0.523712 0.208431 2.000000 0.078454 0.000000 0.000000 0.532933 0.234192 2.000000 0.498683 0.234192 2.000000 0.078454 0.000000 0.000000 0.078454 0.000000 0.000000 0.078454 0.000000 0.000000 0.078454 0.000000 0.000000 0.513173 0.290398 1.000000 0.494731 0.288056 1.000000 0.078454 0.000000 0.000000 0.078454 0.000000 0.000000 0.078454 0.000000 0.000000 0.078454 0.000000 0.000000
0 0.4419716 0.19055036 0.09800937 0.15552695 0.445989 0.149883 2.000000 0.449941 0.145199 2.000000 0.078454 0.000000 0.000000 0.463115 0.147541 2.000000 0.078454 0.000000 0.000000 0.477605 0.170960 2.000000 0.436768 0.185012 2.000000 0.468384 0.222482 2.000000 0.419643 0.227166 2.000000 0.444672 0.250585 2.000000 0.406470 0.250585 2.000000 0.460480 0.276347 1.000000 0.434133 0.271663 1.000000 0.078454 0.000000 0.000000 0.078454 0.000000 0.000000 0.078454 0.000000 0.000000 0.078454 0.000000 0.000000
0 0.33835045 0.18638173 0.06373244 0.1564637 0.337968 0.133489 2.000000 0.341920 0.131148 2.000000 0.078454 0.000000 0.000000 0.349824 0.138173 2.000000 0.078454 0.000000 0.000000 0.360363 0.180328 2.000000 0.332699 0.170960 2.000000 0.336651 0.220141 2.000000 0.316891 0.220141 2.000000 0.327430 0.189696 2.000000 0.305035 0.250585 1.000000 0.334016 0.264637 1.000000 0.315574 0.255269 2.000000 0.078454 0.000000 0.000000 0.078454 0.000000 0.000000 0.078454 0.000000 0.000000 0.078454 0.000000 0.000000
0 0.27986753 0.21555035 0.056368563 0.10187354 0.268150 0.203747 2.000000 0.270785 0.199063 2.000000 0.265515 0.199063 2.000000 0.283958 0.196721 2.000000 0.078454 0.000000 0.000000 0.299766 0.236534 2.000000 0.264198 0.236534 2.000000 0.078454 0.000000 0.000000 0.078454 0.000000 0.000000 0.078454 0.000000 0.000000 0.078454 0.000000 0.000000 0.078454 0.000000 0.000000 0.078454 0.000000 0.000000 0.078454 0.000000 0.000000 0.078454 0.000000 0.000000 0.078454 0.000000 0.000000 0.078454 0.000000 0.000000
0 0.5502364 0.23029274 0.058871485 0.104660414 0.552693 0.215457 2.000000 0.555328 0.206089 2.000000 0.548741 0.206089 2.000000 0.563232 0.208431 2.000000 0.543472 0.208431 2.000000 0.573771 0.243560 2.000000 0.536885 0.241218 2.000000 0.078454 0.000000 0.000000 0.525029 0.278689 1.000000 0.078454 0.000000 0.000000 0.539520 0.259953 2.000000 0.078454 0.000000 0.000000 0.078454 0.000000 0.000000 0.078454 0.000000 0.000000 0.078454 0.000000 0.000000 0.078454 0.000000 0.000000 0.078454 0.000000 0.000000
0 0.89443505 0.15366511 0.054221313 0.12016394 0.884660 0.135831 2.000000 0.887295 0.126464 2.000000 0.880708 0.128806 2.000000 0.895199 0.121780 2.000000 0.876756 0.135831 1.000000 0.909690 0.140515 2.000000 0.876756 0.152225 2.000000 0.918911 0.185012 2.000000 0.872804 0.208431 2.000000 0.897834 0.196721 2.000000 0.078454 0.000000 0.000000 0.907055 0.224824 1.000000 0.885978 0.224824 1.000000 0.895199 0.203747 2.000000 0.078454 0.000000 0.000000 0.078454 0.000000 0.000000 0.078454 0.000000 0.000000
0 0.87323916 0.52927405 0.06860656 0.19934426 0.875439 0.466042 2.000000 0.875439 0.459016 2.000000 0.867535 0.459016 2.000000 0.078454 0.000000 0.000000 0.858314 0.466042 2.000000 0.891247 0.498829 2.000000 0.845141 0.498829 2.000000 0.900468 0.562061 2.000000 0.821429 0.552693 1.000000 0.880708 0.585480 2.000000 0.846458 0.571429 2.000000 0.868852 0.601874 2.000000 0.839871 0.604215 1.000000 0.078454 0.000000 0.000000 0.078454 0.000000 0.000000 0.078454 0.000000 0.000000 0.078454 0.000000 0.000000
0 0.18677182 0.21615924 0.061690576 0.089133486 0.178571 0.201405 2.000000 0.182523 0.194379 2.000000 0.078454 0.000000 0.000000 0.194379 0.201405 2.000000 0.078454 0.000000 0.000000 0.203601 0.236534 2.000000 0.169350 0.238876 2.000000 0.078454 0.000000 0.000000 0.078454 0.000000 0.000000 0.078454 0.000000 0.000000 0.078454 0.000000 0.000000 0.078454 0.000000 0.000000 0.078454 0.000000 0.000000 0.078454 0.000000 0.000000 0.078454 0.000000 0.000000 0.078454 0.000000 0.000000 0.078454 0.000000 0.000000
0 0.8193867 0.13372365 0.082965456 0.14304449 0.828015 0.098361 2.000000 0.831967 0.091335 2.000000 0.824063 0.091335 2.000000 0.839871 0.093677 2.000000 0.820111 0.091335 2.000000 0.849092 0.126464 2.000000 0.812207 0.131148 2.000000 0.834602 0.166276 1.000000 0.804303 0.168618 1.000000 0.828015 0.126464 2.000000 0.078454 0.000000 0.000000 0.834602 0.192037 1.000000 0.812207 0.192037 1.000000 0.078454 0.000000 0.000000 0.784543 0.182670 2.000000 0.078454 0.000000 0.000000 0.078454 0.000000 0.000000
0 0.5 0.3149883 0.84045666 0.6252927 0.078454 0.000000 0.000000 0.078454 0.000000 0.000000 0.078454 0.000000 0.000000 0.078454 0.000000 0.000000 0.078454 0.000000 0.000000 0.078454 0.000000 0.000000 0.078454 0.000000 0.000000 0.078454 0.000000 0.000000 0.078454 0.000000 0.000000 0.078454 0.000000 0.000000 0.078454 0.000000 0.000000 0.078454 0.000000 0.000000 0.078454 0.000000 0.000000 0.078454 0.000000 0.000000 0.078454 0.000000 0.000000 0.078454 0.000000 0.000000 0.078454 0.000000 0.000000