0 0.50775087 0.44816905 0.12892605 0.25619718 0.506602 0.401408 2.000000 0.517165 0.389671 2.000000 0.497359 0.387324 2.000000 0.525088 0.394366 2.000000 0.482834 0.387324 2.000000 0.554137 0.464789 2.000000 0.468310 0.448357 2.000000 0.573944 0.561033 1.000000 0.448504 0.530516 2.000000 0.529049 0.497653 2.000000 0.464349 0.528169 2.000000 0.077465 0.000000 0.000000 0.077465 0.000000 0.000000 0.077465 0.000000 0.000000 0.077465 0.000000 0.000000 0.077465 0.000000 0.000000 0.077465 0.000000 0.000000
0 0.71075267 0.6280869 0.24015847 0.72133803 0.711268 0.392019 2.000000 0.720511 0.363850 2.000000 0.695423 0.370892 2.000000 0.077465 0.000000 0.000000 0.663732 0.366197 2.000000 0.770687 0.455399 2.000000 0.634683 0.443662 2.000000 0.802377 0.638498 2.000000 0.599032 0.514085 1.000000 0.715229 0.650235 2.000000 0.626761 0.657277 1.000000 0.736356 0.676056 2.000000 0.645247 0.673709 1.000000 0.814261 0.849765 2.000000 0.077465 0.000000 0.000000 0.748239 0.957747 1.000000 0.077465 0.000000 0.000000
0 0.27591768 0.24943662 0.07332306 0.36403757 0.275528 0.100939 2.000000 0.278169 0.096244 2.000000 0.271567 0.096244 2.000000 0.283451 0.103286 2.000000 0.262324 0.100939 2.000000 0.290053 0.145540 2.000000 0.253081 0.147887 2.000000 0.301937 0.211268 2.000000 0.253081 0.227700 2.000000 0.305898 0.251174 2.000000 0.263644 0.284038 2.000000 0.295334 0.274648 2.000000 0.274208 0.274648 2.000000 0.296655 0.347418 2.000000 0.270246 0.352113 2.000000 0.296655 0.420188 1.000000 0.274208 0.429577 1.000000
0 0.13700923 0.7792723 0.11908891 0.41666666 0.077465 0.000000 0.000000 0.077465 0.000000 0.000000 0.077465 0.000000 0.000000 0.077465 0.000000 0.000000 0.158011 0.727700 2.000000 0.077465 0.000000 0.000000 0.148768 0.931925 2.000000 0.077465 0.000000 0.000000 0.077465 0.000000 0.000000 0.234595 0.934272 1.000000 0.253081 0.941315 1.000000 0.077465 0.000000 0.000000 0.077465 0.000000 0.000000 0.077465 0.000000 0.000000 0.077465 0.000000 0.000000 0.077465 0.000000 0.000000 0.077465 0.000000 0.000000
0 0.6292231 0.36179578 0.05940581 0.17978872 0.077465 0.000000 0.000000 0.077465 0.000000 0.000000 0.077465 0.000000 0.000000 0.628081 0.321596 2.000000 0.654489 0.323944 2.000000 0.614877 0.366197 2.000000 0.661092 0.368545 1.000000 0.608275 0.429577 2.000000 0.077465 0.000000 0.000000 0.077465 0.000000 0.000000 0.077465 0.000000 0.000000 0.077465 0.000000 0.000000 0.077465 0.000000 0.000000 0.077465 0.000000 0.000000 0.077465 0.000000 0.000000 0.077465 0.000000 0.000000 0.077465 0.000000 0.000000
0 0.4564393 0.17562206 0.043362677 0.12884976 0.452465 0.138498 2.000000 0.456426 0.136150 2.000000 0.449824 0.136150 2.000000 0.077465 0.000000 0.000000 0.077465 0.000000 0.000000 0.464349 0.171362 2.000000 0.447183 0.173709 2.000000 0.466989 0.211268 2.000000 0.077465 0.000000 0.000000 0.445863 0.204225 2.000000 0.077465 0.000000 0.000000 0.459067 0.255869 1.000000 0.444542 0.255869 1.000000 0.077465 0.000000 0.000000 0.077465 0.000000 0.000000 0.077465 0.000000 0.000000 0.077465 0.000000 0.000000
0 0.5490537 0.30052817 0.072385564 0.42744133 0.527729 0.126761 1.000000 0.530370 0.117371 2.000000 0.077465 0.000000 0.000000 0.542254 0.122066 2.000000 0.077465 0.000000 0.000000 0.564701 0.159624 2.000000 0.529049 0.154930 2.000000 0.575264 0.232394 2.000000 0.521127 0.201878 2.000000 0.544894 0.246479 2.000000 0.529049 0.241784 2.000000 0.560739 0.279343 2.000000 0.530370 0.274648 2.000000 0.564701 0.392019 2.000000 0.525088 0.382629 1.000000 0.571303 0.478873 2.000000 0.077465 0.000000 0.000000
0 0.34796655 0.24718311 0.055616196 0.26516432 0.352113 0.140845 2.000000 0.352113 0.131455 2.000000 0.346831 0.133803 2.000000 0.077465 0.000000 0.000000 0.341549 0.140845 2.000000 0.363997 0.173709 2.000000 0.330986 0.178404 2.000000 0.371919 0.218310 1.000000 0.332306 0.225352 2.000000 0.363997 0.218310 2.000000 0.353433 0.218310 2.000000 0.360035 0.288732 2.000000 0.348151 0.291080 2.000000 0.362676 0.354460 2.000000 0.348151 0.354460 2.000000 0.363997 0.403756 1.000000 0.346831 0.408451 1.000000
0 0.40540493 0.24186619 0.061346833 0.24880281 0.399648 0.143192 2.000000 0.403609 0.136150 2.000000 0.397007 0.136150 2.000000 0.406250 0.143192 2.000000 0.394366 0.143192 2.000000 0.412852 0.169014 2.000000 0.385123 0.171362 2.000000 0.423416 0.201878 2.000000 0.386444 0.206573 2.000000 0.415493 0.223005 2.000000 0.389084 0.171362 2.000000 0.410211 0.237089 2.000000 0.394366 0.237089 2.000000 0.414173 0.312207 2.000000 0.395687 0.307512 2.000000 0.077465 0.000000 0.000000 0.077465 0.000000 0.000000
0 0.67246044 0.27126762 0.027860915 0.058685448 0.077465 0.000000 0.000000 0.077465 0.000000 0.000000 0.077465 0.000000 0.000000 0.077465 0.000000 0.000000 0.077465 0.000000 0.000000 0.077465 0.000000 0.000000 0.077465 0.000000 0.000000 0.077465 0.000000 0.000000 0.077465 0.000000 0.000000 0.077465 0.000000 0.000000 0.077465 0.000000 0.000000 0.077465 0.000000 0.000000 0.077465 0.000000 0.000000 0.077465 0.000000 0.000000 0.077465 0.000000 0.000000 0.077465 0.000000 0.000000 0.077465 0.000000 0.000000
0 0.5458649 0.7537324 0.29731953 0.49253523 0.077465 0.000000 0.000000 0.077465 0.000000 0.000000 0.077465 0.000000 0.000000 0.077465 0.000000 0.000000 0.643926 0.753521 2.000000 0.451144 0.753521 2.000000 0.602993 0.861502 2.000000 0.077465 0.000000 0.000000 0.077465 0.000000 0.000000 0.077465 0.000000 0.000000 0.077465 0.000000 0.000000 0.077465 0.000000 0.000000 0.077465 0.000000 0.000000 0.077465 0.000000 0.000000 0.077465 0.000000 0.000000 0.077465 0.000000 0.000000 0.077465 0.000000 0.000000
0 0.7842144 0.38130283 0.10395687 0.2448122 0.779930 0.321596 2.000000 0.782570 0.307512 2.000000 0.077465 0.000000 0.000000 0.797095 0.309859 2.000000 0.077465 0.000000 0.000000 0.811620 0.349765 2.000000 0.791813 0.347418 2.000000 0.790493 0.401408 2.000000 0.787852 0.368545 2.000000 0.761444 0.387324 2.000000 0.761444 0.366197 2.000000 0.805018 0.476526 2.000000 0.798415 0.450704 2.000000 0.077465 0.000000 0.000000 0.077465 0.000000 0.000000 0.077465 0.000000 0.000000 0.077465 0.000000 0.000000
0 0.1312918 0.30822772 0.10535652 0.3373944 0.077465 0.000000 0.000000 0.077465 0.000000 0.000000 0.077465 0.000000 0.000000 0.077465 0.000000 0.000000 0.077465 0.000000 0.000000 0.107835 0.178404 2.000000 0.077465 0.000000 0.000000 0.156690 0.281690 2.000000 0.077465 0.000000 0.000000 0.163292 0.363850 2.000000 0.095951 0.354460 2.000000 0.148768 0.312207 2.000000 0.106514 0.330986 2.000000 0.163292 0.464789 1.000000 0.118398 0.474178 1.000000 0.077465 0.000000 0.000000 0.077465 0.000000 0.000000
0 0.5 0.29929578 0.8424296 0.5563381 0.077465 0.000000 0.000000 0.077465 0.000000 0.000000 0.077465 0.000000 0.000000 0.077465 0.000000 0.000000 0.077465 0.000000 0.000000 0.077465 0.000000 0.000000 0.077465 0.000000 0.000000 0.077465 0.000000 0.000000 0.077465 0.000000 0.000000 0.077465 0.000000 0.000000 0.077465 0.000000 0.000000 0.077465 0.000000 0.000000 0.077465 0.000000 0.000000 0.077465 0.000000 0.000000 0.077465 0.000000 0.000000 0.077465 0.000000 0.000000 0.077465 0.000000 0.000000