0 0.4558359 0.7297778 0.12235937 0.30344445 0.506250 0.695833 2.000000 0.000000 0.109722 0.000000 0.500000 0.687500 2.000000 0.000000 0.109722 0.000000 0.467187 0.687500 2.000000 0.415625 0.740278 2.000000 0.484375 0.826389 2.000000 0.000000 0.109722 0.000000 0.000000 0.109722 0.000000 0.000000 0.109722 0.000000 0.000000 0.109722 0.000000 0.000000 0.109722 0.000000 0.000000 0.109722 0.000000 0.000000 0.109722 0.000000 0.000000 0.109722 0.000000 0.000000 0.109722 0.000000 0.000000 0.109722 0.000000
0 0.5517813 0.69601387 0.04825 0.12952778 0.000000 0.109722 0.000000 0.000000 0.109722 0.000000 0.000000 0.109722 0.000000 0.000000 0.109722 0.000000 0.000000 0.109722 0.000000 0.000000 0.109722 0.000000 0.000000 0.109722 0.000000 0.000000 0.109722 0.000000 0.000000 0.109722 0.000000 0.000000 0.109722 0.000000 0.000000 0.109722 0.000000 0.000000 0.109722 0.000000 0.000000 0.109722 0.000000 0.000000 0.109722 0.000000 0.000000 0.109722 0.000000 0.000000 0.109722 0.000000 0.000000 0.109722 0.000000
0 0.69032025 0.59075004 0.020265626 0.11866667 0.000000 0.109722 0.000000 0.000000 0.109722 0.000000 0.000000 0.109722 0.000000 0.000000 0.109722 0.000000 0.000000 0.109722 0.000000 0.000000 0.109722 0.000000 0.000000 0.109722 0.000000 0.000000 0.109722 0.000000 0.000000 0.109722 0.000000 0.000000 0.109722 0.000000 0.000000 0.109722 0.000000 0.000000 0.109722 0.000000 0.000000 0.109722 0.000000 0.000000 0.109722 0.000000 0.000000 0.109722 0.000000 0.000000 0.109722 0.000000 0.000000 0.109722 0.000000
0 0.19324999 0.54294443 0.004625 0.022777777 0.000000 0.109722 0.000000 0.000000 0.109722 0.000000 0.000000 0.109722 0.000000 0.000000 0.109722 0.000000 0.000000 0.109722 0.000000 0.000000 0.109722 0.000000 0.000000 0.109722 0.000000 0.000000 0.109722 0.000000 0.000000 0.109722 0.000000 0.000000 0.109722 0.000000 0.000000 0.109722 0.000000 0.000000 0.109722 0.000000 0.000000 0.109722 0.000000 0.000000 0.109722 0.000000 0.000000 0.109722 0.000000 0.000000 0.109722 0.000000 0.000000 0.109722 0.000000
0 0.8380157 0.54756945 0.0134375 0.06880555 0.000000 0.109722 0.000000 0.000000 0.109722 0.000000 0.000000 0.109722 0.000000 0.000000 0.109722 0.000000 0.000000 0.109722 0.000000 0.000000 0.109722 0.000000 0.000000 0.109722 0.000000 0.000000 0.109722 0.000000 0.000000 0.109722 0.000000 0.000000 0.109722 0.000000 0.000000 0.109722 0.000000 0.000000 0.109722 0.000000 0.000000 0.109722 0.000000 0.000000 0.109722 0.000000 0.000000 0.109722 0.000000 0.000000 0.109722 0.000000 0.000000 0.109722 0.000000
0 0.87880474 0.69656944 0.052109372 0.23213889 0.885938 0.606944 2.000000 0.890625 0.601389 2.000000 0.882812 0.598611 1.000000 0.000000 0.109722 0.000000 0.000000 0.109722 0.000000 0.900000 0.634722 2.000000 0.876562 0.631944 2.000000 0.895312 0.676389 2.000000 0.000000 0.109722 0.000000 0.882812 0.695833 2.000000 0.000000 0.109722 0.000000 0.885938 0.706944 2.000000 0.871875 0.701389 2.000000 0.884375 0.745833 2.000000 0.871875 0.743056 2.000000 0.885938 0.793056 2.000000 0.870313 0.781944 2.000000
0 0.3708984 0.6025417 0.021453124 0.10713889 0.000000 0.109722 0.000000 0.000000 0.109722 0.000000 0.000000 0.109722 0.000000 0.000000 0.109722 0.000000 0.000000 0.109722 0.000000 0.000000 0.109722 0.000000 0.000000 0.109722 0.000000 0.000000 0.109722 0.000000 0.000000 0.109722 0.000000 0.000000 0.109722 0.000000 0.000000 0.109722 0.000000 0.000000 0.109722 0.000000 0.000000 0.109722 0.000000 0.000000 0.109722 0.000000 0.000000 0.109722 0.000000 0.000000 0.109722 0.000000 0.000000 0.109722 0.000000
0 0.33127347 0.6313889 0.039921872 0.18577777 0.000000 0.109722 0.000000 0.000000 0.109722 0.000000 0.000000 0.109722 0.000000 0.000000 0.109722 0.000000 0.000000 0.109722 0.000000 0.000000 0.109722 0.000000 0.000000 0.109722 0.000000 0.000000 0.109722 0.000000 0.000000 0.109722 0.000000 0.000000 0.109722 0.000000 0.000000 0.109722 0.000000 0.000000 0.109722 0.000000 0.000000 0.109722 0.000000 0.000000 0.109722 0.000000 0.000000 0.109722 0.000000 0.000000 0.109722 0.000000 0.000000 0.109722 0.000000
0 0.6057735 0.7283055 0.057796877 0.14022222 0.000000 0.109722 0.000000 0.000000 0.109722 0.000000 0.000000 0.109722 0.000000 0.000000 0.109722 0.000000 0.000000 0.109722 0.000000 0.000000 0.109722 0.000000 0.000000 0.109722 0.000000 0.000000 0.109722 0.000000 0.000000 0.109722 0.000000 0.000000 0.109722 0.000000 0.000000 0.109722 0.000000 0.000000 0.109722 0.000000 0.000000 0.109722 0.000000 0.000000 0.109722 0.000000 0.000000 0.109722 0.000000 0.000000 0.109722 0.000000 0.000000 0.109722 0.000000
0 0.9839063 0.64126384 0.032187503 0.08447222 0.000000 0.109722 0.000000 0.000000 0.109722 0.000000 0.000000 0.109722 0.000000 0.000000 0.109722 0.000000 0.000000 0.109722 0.000000 0.000000 0.109722 0.000000 0.000000 0.109722 0.000000 0.000000 0.109722 0.000000 0.000000 0.109722 0.000000 0.000000 0.109722 0.000000 0.000000 0.109722 0.000000 0.000000 0.109722 0.000000 0.000000 0.109722 0.000000 0.000000 0.109722 0.000000 0.000000 0.109722 0.000000 0.000000 0.109722 0.000000 0.000000 0.109722 0.000000
0 0.8125156 0.60525 0.01875 0.114 0.000000 0.109722 0.000000 0.000000 0.109722 0.000000 0.000000 0.109722 0.000000 0.000000 0.109722 0.000000 0.000000 0.109722 0.000000 0.000000 0.109722 0.000000 0.000000 0.109722 0.000000 0.000000 0.109722 0.000000 0.000000 0.109722 0.000000 0.000000 0.109722 0.000000 0.000000 0.109722 0.000000 0.000000 0.109722 0.000000 0.000000 0.109722 0.000000 0.000000 0.109722 0.000000 0.000000 0.109722 0.000000 0.000000 0.109722 0.000000 0.000000 0.109722 0.000000
0 0.99501556 0.79194444 0.009968749 0.19666667 0.000000 0.109722 0.000000 0.000000 0.109722 0.000000 0.000000 0.109722 0.000000 0.000000 0.109722 0.000000 0.000000 0.109722 0.000000 0.000000 0.109722 0.000000 0.000000 0.109722 0.000000 0.000000 0.109722 0.000000 0.000000 0.109722 0.000000 0.000000 0.109722 0.000000 0.000000 0.109722 0.000000 0.000000 0.109722 0.000000 0.000000 0.109722 0.000000 0.000000 0.109722 0.000000 0.000000 0.109722 0.000000 0.000000 0.109722 0.000000 0.000000 0.109722 0.000000
0 0.5528906 0.59345835 0.021343749 0.07697222 0.000000 0.109722 0.000000 0.000000 0.109722 0.000000 0.000000 0.109722 0.000000 0.000000 0.109722 0.000000 0.000000 0.109722 0.000000 0.000000 0.109722 0.000000 0.000000 0.109722 0.000000 0.000000 0.109722 0.000000 0.000000 0.109722 0.000000 0.000000 0.109722 0.000000 0.000000 0.109722 0.000000 0.000000 0.109722 0.000000 0.000000 0.109722 0.000000 0.000000 0.109722 0.000000 0.000000 0.109722 0.000000 0.000000 0.109722 0.000000 0.000000 0.109722 0.000000
0 0.52421874 0.57222223 0.7828125 0.18611111 0.000000 0.109722 0.000000 0.000000 0.109722 0.000000 0.000000 0.109722 0.000000 0.000000 0.109722 0.000000 0.000000 0.109722 0.000000 0.000000 0.109722 0.000000 0.000000 0.109722 0.000000 0.000000 0.109722 0.000000 0.000000 0.109722 0.000000 0.000000 0.109722 0.000000 0.000000 0.109722 0.000000 0.000000 0.109722 0.000000 0.000000 0.109722 0.000000 0.000000 0.109722 0.000000 0.000000 0.109722 0.000000 0.000000 0.109722 0.000000 0.000000 0.109722 0.000000