0 0.7057154 0.6255075 0.04018097 0.25877613 0.694776 0.525373 1.000000 0.698134 0.519403 2.000000 0.080224 0.000000 0.000000 0.703172 0.519403 2.000000 0.080224 0.000000 0.000000 0.709888 0.555224 2.000000 0.699813 0.552239 1.000000 0.709888 0.588060 2.000000 0.691418 0.594030 2.000000 0.709888 0.629851 2.000000 0.689739 0.570149 2.000000 0.706530 0.626866 2.000000 0.698134 0.626866 2.000000 0.709888 0.680597 2.000000 0.693097 0.668657 2.000000 0.709888 0.728358 2.000000 0.703172 0.722388 2.000000
0 0.6278974 0.61480594 0.056149248 0.24591045 0.612500 0.519403 2.000000 0.614179 0.510448 2.000000 0.080224 0.000000 0.000000 0.624254 0.513433 2.000000 0.080224 0.000000 0.000000 0.634328 0.540299 2.000000 0.610821 0.543284 2.000000 0.642724 0.570149 2.000000 0.612500 0.573134 2.000000 0.647761 0.602985 2.000000 0.607463 0.594030 2.000000 0.629291 0.608955 2.000000 0.612500 0.608955 2.000000 0.619216 0.659701 2.000000 0.625933 0.662687 2.000000 0.614179 0.716418 2.000000 0.634328 0.710448 2.000000
0 0.24242538 0.5778358 0.07797761 0.25644776 0.080224 0.000000 0.000000 0.080224 0.000000 0.000000 0.080224 0.000000 0.000000 0.236381 0.465672 2.000000 0.080224 0.000000 0.000000 0.239739 0.501493 2.000000 0.251493 0.486567 2.000000 0.229664 0.534328 2.000000 0.080224 0.000000 0.000000 0.211194 0.555224 2.000000 0.080224 0.000000 0.000000 0.251493 0.576119 2.000000 0.254851 0.576119 2.000000 0.256530 0.629851 2.000000 0.239739 0.626866 2.000000 0.268284 0.686567 2.000000 0.221269 0.671642 2.000000
0 0.3728666 0.5927015 0.050222017 0.24797016 0.080224 0.000000 0.000000 0.080224 0.000000 0.000000 0.080224 0.000000 0.000000 0.363993 0.498507 2.000000 0.377425 0.498507 2.000000 0.355597 0.525373 2.000000 0.382463 0.525373 2.000000 0.352239 0.561194 2.000000 0.390858 0.567164 2.000000 0.352239 0.591045 2.000000 0.080224 0.000000 0.000000 0.362313 0.597015 2.000000 0.380784 0.594030 2.000000 0.363993 0.644776 2.000000 0.377425 0.644776 2.000000 0.367351 0.689552 1.000000 0.374067 0.686567 2.000000
0 0.8480027 0.5604029 0.027957087 0.16522388 0.080224 0.000000 0.000000 0.080224 0.000000 0.000000 0.080224 0.000000 0.000000 0.080224 0.000000 0.000000 0.080224 0.000000 0.000000 0.080224 0.000000 0.000000 0.080224 0.000000 0.000000 0.080224 0.000000 0.000000 0.080224 0.000000 0.000000 0.080224 0.000000 0.000000 0.080224 0.000000 0.000000 0.080224 0.000000 0.000000 0.080224 0.000000 0.000000 0.080224 0.000000 0.000000 0.080224 0.000000 0.000000 0.080224 0.000000 0.000000 0.080224 0.000000 0.000000
0 0.80523604 0.55359703 0.016035447 0.11758209 0.080224 0.000000 0.000000 0.080224 0.000000 0.000000 0.080224 0.000000 0.000000 0.080224 0.000000 0.000000 0.080224 0.000000 0.000000 0.080224 0.000000 0.000000 0.080224 0.000000 0.000000 0.080224 0.000000 0.000000 0.080224 0.000000 0.000000 0.080224 0.000000 0.000000 0.080224 0.000000 0.000000 0.080224 0.000000 0.000000 0.080224 0.000000 0.000000 0.080224 0.000000 0.000000 0.080224 0.000000 0.000000 0.080224 0.000000 0.000000 0.080224 0.000000 0.000000
0 0.7731148 0.5472388 0.021408582 0.13292538 0.080224 0.000000 0.000000 0.080224 0.000000 0.000000 0.080224 0.000000 0.000000 0.080224 0.000000 0.000000 0.080224 0.000000 0.000000 0.080224 0.000000 0.000000 0.080224 0.000000 0.000000 0.080224 0.000000 0.000000 0.080224 0.000000 0.000000 0.080224 0.000000 0.000000 0.080224 0.000000 0.000000 0.080224 0.000000 0.000000 0.080224 0.000000 0.000000 0.080224 0.000000 0.000000 0.080224 0.000000 0.000000 0.080224 0.000000 0.000000 0.080224 0.000000 0.000000
0 0.35249063 0.5413283 0.026227612 0.19656715 0.080224 0.000000 0.000000 0.080224 0.000000 0.000000 0.080224 0.000000 0.000000 0.080224 0.000000 0.000000 0.080224 0.000000 0.000000 0.080224 0.000000 0.000000 0.080224 0.000000 0.000000 0.080224 0.000000 0.000000 0.080224 0.000000 0.000000 0.080224 0.000000 0.000000 0.080224 0.000000 0.000000 0.080224 0.000000 0.000000 0.080224 0.000000 0.000000 0.080224 0.000000 0.000000 0.080224 0.000000 0.000000 0.080224 0.000000 0.000000 0.080224 0.000000 0.000000
0 0.89645326 0.5832985 0.019880597 0.13143282 0.080224 0.000000 0.000000 0.080224 0.000000 0.000000 0.080224 0.000000 0.000000 0.080224 0.000000 0.000000 0.080224 0.000000 0.000000 0.080224 0.000000 0.000000 0.080224 0.000000 0.000000 0.080224 0.000000 0.000000 0.080224 0.000000 0.000000 0.080224 0.000000 0.000000 0.080224 0.000000 0.000000 0.080224 0.000000 0.000000 0.080224 0.000000 0.000000 0.080224 0.000000 0.000000 0.080224 0.000000 0.000000 0.080224 0.000000 0.000000 0.080224 0.000000 0.000000
0 0.6449906 0.5182089 0.016522387 0.073074624 0.080224 0.000000 0.000000 0.080224 0.000000 0.000000 0.080224 0.000000 0.000000 0.080224 0.000000 0.000000 0.080224 0.000000 0.000000 0.080224 0.000000 0.000000 0.080224 0.000000 0.000000 0.080224 0.000000 0.000000 0.080224 0.000000 0.000000 0.080224 0.000000 0.000000 0.080224 0.000000 0.000000 0.080224 0.000000 0.000000 0.080224 0.000000 0.000000 0.080224 0.000000 0.000000 0.080224 0.000000 0.000000 0.080224 0.000000 0.000000 0.080224 0.000000 0.000000
0 0.87505317 0.55986565 0.018117538 0.14898506 0.080224 0.000000 0.000000 0.080224 0.000000 0.000000 0.080224 0.000000 0.000000 0.080224 0.000000 0.000000 0.080224 0.000000 0.000000 0.080224 0.000000 0.000000 0.080224 0.000000 0.000000 0.080224 0.000000 0.000000 0.080224 0.000000 0.000000 0.080224 0.000000 0.000000 0.080224 0.000000 0.000000 0.080224 0.000000 0.000000 0.080224 0.000000 0.000000 0.080224 0.000000 0.000000 0.080224 0.000000 0.000000 0.080224 0.000000 0.000000 0.080224 0.000000 0.000000
0 0.6726287 0.5312537 0.021626865 0.08931343 0.080224 0.000000 0.000000 0.080224 0.000000 0.000000 0.080224 0.000000 0.000000 0.080224 0.000000 0.000000 0.080224 0.000000 0.000000 0.080224 0.000000 0.000000 0.080224 0.000000 0.000000 0.080224 0.000000 0.000000 0.080224 0.000000 0.000000 0.080224 0.000000 0.000000 0.080224 0.000000 0.000000 0.080224 0.000000 0.000000 0.080224 0.000000 0.000000 0.080224 0.000000 0.000000 0.080224 0.000000 0.000000 0.080224 0.000000 0.000000 0.080224 0.000000 0.000000
0 0.3913871 0.52474624 0.030475745 0.14501493 0.080224 0.000000 0.000000 0.080224 0.000000 0.000000 0.080224 0.000000 0.000000 0.080224 0.000000 0.000000 0.080224 0.000000 0.000000 0.080224 0.000000 0.000000 0.080224 0.000000 0.000000 0.080224 0.000000 0.000000 0.080224 0.000000 0.000000 0.080224 0.000000 0.000000 0.080224 0.000000 0.000000 0.080224 0.000000 0.000000 0.080224 0.000000 0.000000 0.080224 0.000000 0.000000 0.080224 0.000000 0.000000 0.080224 0.000000 0.000000 0.080224 0.000000 0.000000
0 0.59151113 0.54477614 0.40466416 0.2119403 0.080224 0.000000 0.000000 0.080224 0.000000 0.000000 0.080224 0.000000 0.000000 0.080224 0.000000 0.000000 0.080224 0.000000 0.000000 0.080224 0.000000 0.000000 0.080224 0.000000 0.000000 0.080224 0.000000 0.000000 0.080224 0.000000 0.000000 0.080224 0.000000 0.000000 0.080224 0.000000 0.000000 0.080224 0.000000 0.000000 0.080224 0.000000 0.000000 0.080224 0.000000 0.000000 0.080224 0.000000 0.000000 0.080224 0.000000 0.000000 0.080224 0.000000 0.000000