0 0.34672865 0.5458314 0.1337617 0.31016394 0.395931 0.423888 2.000000 0.399883 0.416862 2.000000 0.393296 0.416862 2.000000 0.078454 0.000000 0.000000 0.388027 0.416862 2.000000 0.399883 0.447307 2.000000 0.376171 0.440281 2.000000 0.378806 0.454333 2.000000 0.361680 0.477752 2.000000 0.345872 0.442623 2.000000 0.349824 0.459016 2.000000 0.388027 0.548009 2.000000 0.369584 0.540984 2.000000 0.393296 0.618267 2.000000 0.357728 0.592506 2.000000 0.391979 0.641686 2.000000 0.357728 0.669789 2.000000
0 0.5299429 0.5387354 0.099405736 0.19358315 0.510539 0.477752 2.000000 0.513173 0.470726 2.000000 0.506587 0.473068 2.000000 0.521077 0.470726 2.000000 0.078454 0.000000 0.000000 0.532933 0.484777 2.000000 0.502635 0.503513 2.000000 0.535568 0.510539 2.000000 0.078454 0.000000 0.000000 0.505269 0.510539 2.000000 0.078454 0.000000 0.000000 0.547424 0.562061 2.000000 0.522395 0.566745 2.000000 0.528981 0.611241 2.000000 0.494731 0.533958 2.000000 0.556645 0.599532 2.000000 0.509221 0.599532 2.000000
0 0.35506734 0.19371195 0.04391979 0.10002342 0.078454 0.000000 0.000000 0.078454 0.000000 0.000000 0.078454 0.000000 0.000000 0.078454 0.000000 0.000000 0.078454 0.000000 0.000000 0.078454 0.000000 0.000000 0.078454 0.000000 0.000000 0.078454 0.000000 0.000000 0.078454 0.000000 0.000000 0.078454 0.000000 0.000000 0.078454 0.000000 0.000000 0.078454 0.000000 0.000000 0.078454 0.000000 0.000000 0.078454 0.000000 0.000000 0.078454 0.000000 0.000000 0.078454 0.000000 0.000000 0.078454 0.000000 0.000000
0 0.51683545 0.17202576 0.04415691 0.06555035 0.078454 0.000000 0.000000 0.078454 0.000000 0.000000 0.078454 0.000000 0.000000 0.078454 0.000000 0.000000 0.078454 0.000000 0.000000 0.078454 0.000000 0.000000 0.078454 0.000000 0.000000 0.078454 0.000000 0.000000 0.078454 0.000000 0.000000 0.078454 0.000000 0.000000 0.078454 0.000000 0.000000 0.078454 0.000000 0.000000 0.078454 0.000000 0.000000 0.078454 0.000000 0.000000 0.078454 0.000000 0.000000 0.078454 0.000000 0.000000 0.078454 0.000000 0.000000
0 0.44023934 0.18977751 0.05963554 0.07323185 0.078454 0.000000 0.000000 0.078454 0.000000 0.000000 0.078454 0.000000 0.000000 0.078454 0.000000 0.000000 0.078454 0.000000 0.000000 0.078454 0.000000 0.000000 0.078454 0.000000 0.000000 0.078454 0.000000 0.000000 0.078454 0.000000 0.000000 0.078454 0.000000 0.000000 0.078454 0.000000 0.000000 0.078454 0.000000 0.000000 0.078454 0.000000 0.000000 0.078454 0.000000 0.000000 0.078454 0.000000 0.000000 0.078454 0.000000 0.000000 0.078454 0.000000 0.000000
0 0.39678717 0.18112412 0.04276054 0.09194379 0.078454 0.000000 0.000000 0.078454 0.000000 0.000000 0.078454 0.000000 0.000000 0.078454 0.000000 0.000000 0.078454 0.000000 0.000000 0.078454 0.000000 0.000000 0.078454 0.000000 0.000000 0.078454 0.000000 0.000000 0.078454 0.000000 0.000000 0.078454 0.000000 0.000000 0.078454 0.000000 0.000000 0.078454 0.000000 0.000000 0.078454 0.000000 0.000000 0.078454 0.000000 0.000000 0.078454 0.000000 0.000000 0.078454 0.000000 0.000000 0.078454 0.000000 0.000000
0 0.2721941 0.20400469 0.05759368 0.11222482 0.261563 0.177986 2.000000 0.262881 0.170960 2.000000 0.258929 0.170960 2.000000 0.268150 0.168618 2.000000 0.254977 0.175644 2.000000 0.280006 0.192037 2.000000 0.251025 0.199063 2.000000 0.293179 0.238876 2.000000 0.249707 0.238876 2.000000 0.274737 0.245902 1.000000 0.268150 0.255269 1.000000 0.278689 0.262295 1.000000 0.258929 0.266979 1.000000 0.078454 0.000000 0.000000 0.078454 0.000000 0.000000 0.078454 0.000000 0.000000 0.078454 0.000000 0.000000
0 0.22201039 0.21007027 0.050572302 0.10641686 0.219409 0.187354 2.000000 0.222043 0.177986 2.000000 0.215457 0.180328 2.000000 0.224678 0.177986 2.000000 0.211505 0.182670 2.000000 0.237851 0.208431 2.000000 0.202283 0.215457 2.000000 0.241803 0.243560 2.000000 0.203601 0.248244 1.000000 0.078454 0.000000 0.000000 0.078454 0.000000 0.000000 0.078454 0.000000 0.000000 0.078454 0.000000 0.000000 0.078454 0.000000 0.000000 0.078454 0.000000 0.000000 0.078454 0.000000 0.000000 0.078454 0.000000 0.000000
0 0.80475116 0.098735355 0.058700237 0.10103044 0.821429 0.084309 2.000000 0.078454 0.000000 0.000000 0.821429 0.079625 2.000000 0.078454 0.000000 0.000000 0.812207 0.072600 2.000000 0.822746 0.086651 2.000000 0.788495 0.077283 2.000000 0.829333 0.117096 2.000000 0.783226 0.112412 2.000000 0.829333 0.152225 1.000000 0.796399 0.126464 2.000000 0.805621 0.121780 1.000000 0.787178 0.121780 2.000000 0.078454 0.000000 0.000000 0.078454 0.000000 0.000000 0.078454 0.000000 0.000000 0.078454 0.000000 0.000000
0 0.6093713 0.15230678 0.044565283 0.062599525 0.078454 0.000000 0.000000 0.078454 0.000000 0.000000 0.078454 0.000000 0.000000 0.078454 0.000000 0.000000 0.078454 0.000000 0.000000 0.078454 0.000000 0.000000 0.078454 0.000000 0.000000 0.078454 0.000000 0.000000 0.078454 0.000000 0.000000 0.078454 0.000000 0.000000 0.078454 0.000000 0.000000 0.078454 0.000000 0.000000 0.078454 0.000000 0.000000 0.078454 0.000000 0.000000 0.078454 0.000000 0.000000 0.078454 0.000000 0.000000 0.078454 0.000000 0.000000
0 0.5551698 0.1640281 0.027242389 0.062435593 0.078454 0.000000 0.000000 0.078454 0.000000 0.000000 0.078454 0.000000 0.000000 0.078454 0.000000 0.000000 0.078454 0.000000 0.000000 0.078454 0.000000 0.000000 0.078454 0.000000 0.000000 0.078454 0.000000 0.000000 0.078454 0.000000 0.000000 0.078454 0.000000 0.000000 0.078454 0.000000 0.000000 0.078454 0.000000 0.000000 0.078454 0.000000 0.000000 0.078454 0.000000 0.000000 0.078454 0.000000 0.000000 0.078454 0.000000 0.000000 0.078454 0.000000 0.000000
0 0.4797131 0.16402811 0.03896663 0.102857135 0.078454 0.000000 0.000000 0.078454 0.000000 0.000000 0.078454 0.000000 0.000000 0.078454 0.000000 0.000000 0.078454 0.000000 0.000000 0.078454 0.000000 0.000000 0.078454 0.000000 0.000000 0.078454 0.000000 0.000000 0.078454 0.000000 0.000000 0.078454 0.000000 0.000000 0.078454 0.000000 0.000000 0.078454 0.000000 0.000000 0.078454 0.000000 0.000000 0.078454 0.000000 0.000000 0.078454 0.000000 0.000000 0.078454 0.000000 0.000000 0.078454 0.000000 0.000000
0 0.5298441 0.48577282 0.101105094 0.23196723 0.509221 0.409836 2.000000 0.513173 0.402810 2.000000 0.506587 0.402810 2.000000 0.078454 0.000000 0.000000 0.078454 0.000000 0.000000 0.531616 0.421546 2.000000 0.500000 0.426230 2.000000 0.544789 0.456674 2.000000 0.498683 0.463700 1.000000 0.532933 0.491803 1.000000 0.494731 0.505855 2.000000 0.538203 0.480094 1.000000 0.521077 0.484777 1.000000 0.561915 0.515222 2.000000 0.490779 0.517564 1.000000 0.571136 0.571429 2.000000 0.494731 0.578454 2.000000
0 0.7107728 0.13583139 0.08167447 0.06557377 0.078454 0.000000 0.000000 0.078454 0.000000 0.000000 0.078454 0.000000 0.000000 0.078454 0.000000 0.000000 0.078454 0.000000 0.000000 0.078454 0.000000 0.000000 0.078454 0.000000 0.000000 0.078454 0.000000 0.000000 0.078454 0.000000 0.000000 0.078454 0.000000 0.000000 0.078454 0.000000 0.000000 0.078454 0.000000 0.000000 0.078454 0.000000 0.000000 0.078454 0.000000 0.000000 0.078454 0.000000 0.000000 0.078454 0.000000 0.000000 0.078454 0.000000 0.000000