0 0.5977519 0.67415625 0.106183596 0.41797918 0.125000 0.000000 0.000000 0.125000 0.000000 0.000000 0.125000 0.000000 0.000000 0.125000 0.000000 0.000000 0.610156 0.497917 1.000000 0.580859 0.545833 2.000000 0.616016 0.543750 2.000000 0.569141 0.614583 2.000000 0.631250 0.614583 2.000000 0.555078 0.608333 2.000000 0.640625 0.589583 2.000000 0.584375 0.656250 2.000000 0.610156 0.652083 2.000000 0.579687 0.745833 2.000000 0.601953 0.758333 2.000000 0.575000 0.814583 2.000000 0.593750 0.839583 2.000000
0 0.4214492 0.48873958 0.04814063 0.25452083 0.125000 0.000000 0.000000 0.125000 0.000000 0.000000 0.125000 0.000000 0.000000 0.125000 0.000000 0.000000 0.125000 0.000000 0.000000 0.422656 0.404167 2.000000 0.435547 0.402083 2.000000 0.408594 0.437500 2.000000 0.125000 0.000000 0.000000 0.402734 0.412500 2.000000 0.125000 0.000000 0.000000 0.427344 0.479167 2.000000 0.437891 0.477083 2.000000 0.426172 0.543750 2.000000 0.423828 0.531250 2.000000 0.435547 0.591667 2.000000 0.425000 0.583333 2.000000
0 0.48265037 0.5855313 0.06397266 0.21364583 0.125000 0.000000 0.000000 0.125000 0.000000 0.000000 0.496484 0.504167 2.000000 0.125000 0.000000 0.000000 0.487109 0.504167 2.000000 0.470703 0.533333 2.000000 0.494141 0.531250 2.000000 0.462500 0.545833 2.000000 0.505859 0.545833 2.000000 0.455469 0.564583 2.000000 0.125000 0.000000 0.000000 0.475391 0.602083 2.000000 0.492969 0.602083 2.000000 0.476562 0.616667 2.000000 0.492969 0.622917 2.000000 0.474219 0.658333 2.000000 0.490625 0.672917 2.000000
0 0.54069334 0.51971877 0.08708203 0.32560417 0.125000 0.000000 0.000000 0.125000 0.000000 0.000000 0.125000 0.000000 0.000000 0.526953 0.391667 2.000000 0.541016 0.391667 2.000000 0.521094 0.433333 2.000000 0.557422 0.431250 2.000000 0.510547 0.483333 2.000000 0.576172 0.443750 2.000000 0.502344 0.514583 2.000000 0.125000 0.000000 0.000000 0.525781 0.529167 2.000000 0.551562 0.527083 2.000000 0.525781 0.583333 2.000000 0.548047 0.593750 1.000000 0.528125 0.647917 2.000000 0.544531 0.654167 2.000000
0 0.45722657 0.44533333 0.02334375 0.12783334 0.125000 0.000000 0.000000 0.125000 0.000000 0.000000 0.125000 0.000000 0.000000 0.125000 0.000000 0.000000 0.125000 0.000000 0.000000 0.125000 0.000000 0.000000 0.125000 0.000000 0.000000 0.125000 0.000000 0.000000 0.125000 0.000000 0.000000 0.125000 0.000000 0.000000 0.125000 0.000000 0.000000 0.125000 0.000000 0.000000 0.125000 0.000000 0.000000 0.125000 0.000000 0.000000 0.125000 0.000000 0.000000 0.125000 0.000000 0.000000 0.125000 0.000000 0.000000
0 0.3383164 0.44638538 0.038085938 0.13093749 0.125000 0.000000 0.000000 0.125000 0.000000 0.000000 0.125000 0.000000 0.000000 0.125000 0.000000 0.000000 0.125000 0.000000 0.000000 0.333594 0.400000 1.000000 0.351172 0.402083 2.000000 0.330078 0.422917 1.000000 0.125000 0.000000 0.000000 0.326562 0.412500 1.000000 0.125000 0.000000 0.000000 0.337109 0.450000 2.000000 0.348828 0.450000 2.000000 0.334766 0.472917 2.000000 0.346484 0.472917 2.000000 0.334766 0.502083 2.000000 0.342969 0.500000 2.000000
0 0.259209 0.4355313 0.023472657 0.15918751 0.125000 0.000000 0.000000 0.125000 0.000000 0.000000 0.125000 0.000000 0.000000 0.125000 0.000000 0.000000 0.262109 0.372917 2.000000 0.250391 0.391667 2.000000 0.260938 0.389583 2.000000 0.125000 0.000000 0.000000 0.262109 0.410417 2.000000 0.125000 0.000000 0.000000 0.267969 0.433333 1.000000 0.253906 0.429167 2.000000 0.259766 0.427083 2.000000 0.258594 0.466667 2.000000 0.264453 0.466667 2.000000 0.255078 0.493750 2.000000 0.260938 0.493750 2.000000
0 0.31454495 0.4384896 0.019863281 0.1304375 0.125000 0.000000 0.000000 0.125000 0.000000 0.000000 0.125000 0.000000 0.000000 0.125000 0.000000 0.000000 0.125000 0.000000 0.000000 0.125000 0.000000 0.000000 0.125000 0.000000 0.000000 0.125000 0.000000 0.000000 0.125000 0.000000 0.000000 0.125000 0.000000 0.000000 0.125000 0.000000 0.000000 0.125000 0.000000 0.000000 0.125000 0.000000 0.000000 0.125000 0.000000 0.000000 0.125000 0.000000 0.000000 0.125000 0.000000 0.000000 0.125000 0.000000 0.000000
0 0.71396095 0.45984375 0.030679686 0.13514584 0.125000 0.000000 0.000000 0.125000 0.000000 0.000000 0.125000 0.000000 0.000000 0.125000 0.000000 0.000000 0.125000 0.000000 0.000000 0.125000 0.000000 0.000000 0.125000 0.000000 0.000000 0.125000 0.000000 0.000000 0.125000 0.000000 0.000000 0.125000 0.000000 0.000000 0.125000 0.000000 0.000000 0.125000 0.000000 0.000000 0.125000 0.000000 0.000000 0.125000 0.000000 0.000000 0.125000 0.000000 0.000000 0.125000 0.000000 0.000000 0.125000 0.000000 0.000000
0 0.6780195 0.46591666 0.054351564 0.27641663 0.666406 0.368750 2.000000 0.668750 0.364583 2.000000 0.125000 0.000000 0.000000 0.675781 0.360417 2.000000 0.125000 0.000000 0.000000 0.685156 0.387500 2.000000 0.125000 0.000000 0.000000 0.679297 0.406250 2.000000 0.125000 0.000000 0.000000 0.667578 0.397917 2.000000 0.125000 0.000000 0.000000 0.671094 0.466667 2.000000 0.669922 0.466667 2.000000 0.666406 0.525000 2.000000 0.669922 0.525000 2.000000 0.671094 0.581250 2.000000 0.674609 0.570833 2.000000
0 0.28999415 0.4430521 0.026777346 0.1464375 0.125000 0.000000 0.000000 0.125000 0.000000 0.000000 0.125000 0.000000 0.000000 0.125000 0.000000 0.000000 0.125000 0.000000 0.000000 0.278516 0.402083 2.000000 0.293750 0.400000 2.000000 0.125000 0.000000 0.000000 0.297266 0.422917 2.000000 0.125000 0.000000 0.000000 0.125000 0.000000 0.000000 0.282031 0.445833 2.000000 0.290234 0.443750 2.000000 0.286719 0.475000 2.000000 0.292578 0.477083 2.000000 0.282031 0.500000 2.000000 0.289062 0.502083 2.000000
0 0.5 0.45208332 0.7476562 0.22083333 0.125000 0.000000 0.000000 0.125000 0.000000 0.000000 0.125000 0.000000 0.000000 0.125000 0.000000 0.000000 0.125000 0.000000 0.000000 0.125000 0.000000 0.000000 0.125000 0.000000 0.000000 0.125000 0.000000 0.000000 0.125000 0.000000 0.000000 0.125000 0.000000 0.000000 0.125000 0.000000 0.000000 0.125000 0.000000 0.000000 0.125000 0.000000 0.000000 0.125000 0.000000 0.000000 0.125000 0.000000 0.000000 0.125000 0.000000 0.000000 0.125000 0.000000 0.000000