0 0.43875784 0.5550547 0.20983008 0.8224844 0.518896 0.225000 2.000000 0.312354 0.000000 0.000000 0.510986 0.214062 2.000000 0.312354 0.000000 0.000000 0.487256 0.225000 2.000000 0.519775 0.293750 2.000000 0.422217 0.290625 2.000000 0.502197 0.403125 2.000000 0.367725 0.379687 2.000000 0.457373 0.404687 2.000000 0.358057 0.353125 2.000000 0.485498 0.537500 2.000000 0.442432 0.525000 2.000000 0.496045 0.746875 2.000000 0.483740 0.704687 2.000000 0.395850 0.870313 2.000000 0.472314 0.926562 2.000000
0 0.516541 0.077437505 0.06350977 0.14528126 0.494287 0.020312 2.000000 0.497803 0.017188 2.000000 0.491650 0.017188 2.000000 0.505713 0.018750 2.000000 0.312354 0.000000 0.000000 0.511865 0.054688 2.000000 0.485498 0.056250 2.000000 0.521533 0.101562 2.000000 0.489893 0.114063 1.000000 0.312354 0.000000 0.000000 0.517139 0.121875 1.000000 0.516260 0.120312 2.000000 0.496924 0.121875 1.000000 0.542627 0.134375 2.000000 0.519775 0.142188 1.000000 0.312354 0.000000 0.000000 0.312354 0.000000 0.000000
0 0.45407715 0.06564844 0.06526758 0.13129687 0.458252 0.007812 2.000000 0.460010 0.001563 2.000000 0.455615 0.001563 2.000000 0.312354 0.000000 0.000000 0.443311 0.001563 1.000000 0.465283 0.037500 2.000000 0.432764 0.035937 2.000000 0.479346 0.089062 2.000000 0.442432 0.075000 2.000000 0.459131 0.087500 2.000000 0.465283 0.076563 2.000000 0.467041 0.120312 1.000000 0.445068 0.120312 1.000000 0.312354 0.000000 0.000000 0.312354 0.000000 0.000000 0.312354 0.000000 0.000000 0.312354 0.000000 0.000000
0 0.4081411 0.16990624 0.047575194 0.20103125 0.414307 0.104687 2.000000 0.416064 0.098438 2.000000 0.409912 0.098438 2.000000 0.312354 0.000000 0.000000 0.398486 0.103125 2.000000 0.426611 0.142188 2.000000 0.387939 0.145313 2.000000 0.428369 0.198437 2.000000 0.386182 0.201562 1.000000 0.423975 0.229687 2.000000 0.412549 0.240625 2.000000 0.422217 0.235938 2.000000 0.399365 0.237500 2.000000 0.312354 0.000000 0.000000 0.312354 0.000000 0.000000 0.312354 0.000000 0.000000 0.312354 0.000000 0.000000
0 0.35264257 0.15619531 0.06475781 0.16151562 0.364209 0.109375 2.000000 0.365088 0.103125 2.000000 0.359814 0.103125 2.000000 0.312354 0.000000 0.000000 0.347510 0.110937 2.000000 0.372998 0.145313 2.000000 0.335205 0.146875 2.000000 0.312354 0.000000 0.000000 0.343115 0.203125 2.000000 0.312354 0.000000 0.000000 0.361572 0.234375 1.000000 0.370361 0.235938 1.000000 0.343115 0.239063 1.000000 0.312354 0.000000 0.000000 0.312354 0.000000 0.000000 0.312354 0.000000 0.000000 0.312354 0.000000 0.000000
0 0.33413723 0.2711641 0.042424805 0.14157812 0.342236 0.229687 2.000000 0.343994 0.225000 2.000000 0.336084 0.226562 2.000000 0.312354 0.000000 0.000000 0.324658 0.231250 2.000000 0.351025 0.271875 2.000000 0.312354 0.000000 0.000000 0.312354 0.000000 0.000000 0.312354 0.000000 0.000000 0.312354 0.000000 0.000000 0.312354 0.000000 0.000000 0.312354 0.000000 0.000000 0.312354 0.000000 0.000000 0.312354 0.000000 0.000000 0.312354 0.000000 0.000000 0.312354 0.000000 0.000000 0.312354 0.000000 0.000000
0 0.54702586 0.06564844 0.059721675 0.12601563 0.312354 0.000000 0.000000 0.312354 0.000000 0.000000 0.312354 0.000000 0.000000 0.312354 0.000000 0.000000 0.312354 0.000000 0.000000 0.565479 0.034375 2.000000 0.525928 0.035937 2.000000 0.569873 0.084375 1.000000 0.527686 0.084375 2.000000 0.568994 0.115625 1.000000 0.553174 0.117188 2.000000 0.561084 0.109375 1.000000 0.539111 0.107813 2.000000 0.312354 0.000000 0.000000 0.312354 0.000000 0.000000 0.312354 0.000000 0.000000 0.312354 0.000000 0.000000
0 0.55508107 0.27124217 0.061417963 0.17842188 0.549658 0.221875 2.000000 0.552295 0.214062 2.000000 0.545264 0.215625 2.000000 0.312354 0.000000 0.000000 0.534717 0.223438 2.000000 0.569873 0.248437 2.000000 0.529443 0.257812 2.000000 0.578662 0.285937 2.000000 0.543506 0.298438 2.000000 0.547900 0.301562 2.000000 0.572510 0.303125 2.000000 0.570752 0.342187 2.000000 0.539990 0.346875 1.000000 0.312354 0.000000 0.000000 0.312354 0.000000 0.000000 0.312354 0.000000 0.000000 0.312354 0.000000 0.000000
0 0.61219233 0.28066406 0.06936327 0.16560937 0.605029 0.226562 2.000000 0.606787 0.221875 2.000000 0.600635 0.223438 2.000000 0.312354 0.000000 0.000000 0.590088 0.229687 2.000000 0.619092 0.262500 2.000000 0.580420 0.268750 1.000000 0.631396 0.310937 2.000000 0.583057 0.321875 2.000000 0.627002 0.329688 2.000000 0.612061 0.329688 1.000000 0.624365 0.331250 1.000000 0.597119 0.337500 1.000000 0.641064 0.345313 2.000000 0.312354 0.000000 0.000000 0.312354 0.000000 0.000000 0.312354 0.000000 0.000000
0 0.55821 0.3325859 0.044244144 0.07192187 0.561963 0.335938 2.000000 0.562842 0.326562 2.000000 0.556689 0.328125 2.000000 0.312354 0.000000 0.000000 0.543506 0.329688 2.000000 0.569873 0.364062 2.000000 0.532080 0.364062 1.000000 0.312354 0.000000 0.000000 0.312354 0.000000 0.000000 0.312354 0.000000 0.000000 0.312354 0.000000 0.000000 0.312354 0.000000 0.000000 0.312354 0.000000 0.000000 0.312354 0.000000 0.000000 0.312354 0.000000 0.000000 0.312354 0.000000 0.000000 0.312354 0.000000 0.000000
0 0.33177295 0.34447658 0.038838867 0.07389063 0.332568 0.345313 2.000000 0.333447 0.334375 2.000000 0.327295 0.334375 2.000000 0.312354 0.000000 0.000000 0.315869 0.340625 2.000000 0.343994 0.375000 2.000000 0.312354 0.000000 0.000000 0.312354 0.000000 0.000000 0.312354 0.000000 0.000000 0.312354 0.000000 0.000000 0.312354 0.000000 0.000000 0.312354 0.000000 0.000000 0.312354 0.000000 0.000000 0.312354 0.000000 0.000000 0.312354 0.000000 0.000000 0.312354 0.000000 0.000000 0.312354 0.000000 0.000000
0 0.6072837 0.32835937 0.056803707 0.07878125 0.618213 0.326562 2.000000 0.620850 0.320312 2.000000 0.614697 0.320312 2.000000 0.312354 0.000000 0.000000 0.601514 0.326562 2.000000 0.628760 0.356250 2.000000 0.593603 0.354688 2.000000 0.312354 0.000000 0.000000 0.312354 0.000000 0.000000 0.312354 0.000000 0.000000 0.312354 0.000000 0.000000 0.312354 0.000000 0.000000 0.312354 0.000000 0.000000 0.312354 0.000000 0.000000 0.312354 0.000000 0.000000 0.312354 0.000000 0.000000 0.312354 0.000000 0.000000
0 0.6002876 0.13785937 0.040983398 0.10984375 0.607666 0.106250 2.000000 0.609424 0.103125 2.000000 0.604150 0.104687 2.000000 0.312354 0.000000 0.000000 0.592725 0.109375 2.000000 0.613818 0.139062 2.000000 0.588330 0.131250 2.000000 0.312354 0.000000 0.000000 0.584814 0.189063 1.000000 0.312354 0.000000 0.000000 0.603271 0.151562 2.000000 0.312354 0.000000 0.000000 0.312354 0.000000 0.000000 0.312354 0.000000 0.000000 0.312354 0.000000 0.000000 0.312354 0.000000 0.000000 0.312354 0.000000 0.000000
0 0.504834 0.153125 0.35859376 0.30625 0.312354 0.000000 0.000000 0.312354 0.000000 0.000000 0.312354 0.000000 0.000000 0.312354 0.000000 0.000000 0.312354 0.000000 0.000000 0.312354 0.000000 0.000000 0.312354 0.000000 0.000000 0.312354 0.000000 0.000000 0.312354 0.000000 0.000000 0.312354 0.000000 0.000000 0.312354 0.000000 0.000000 0.312354 0.000000 0.000000 0.312354 0.000000 0.000000 0.312354 0.000000 0.000000 0.312354 0.000000 0.000000 0.312354 0.000000 0.000000 0.312354 0.000000 0.000000