0 0.5831926 0.5472973 0.14442568 0.42564568 0.626689 0.417417 2.000000 0.628378 0.402402 2.000000 0.614865 0.402402 2.000000 0.077703 0.000000 0.000000 0.589527 0.399399 2.000000 0.631757 0.489489 2.000000 0.564189 0.495495 2.000000 0.636824 0.573574 2.000000 0.511824 0.594595 1.000000 0.643581 0.624625 2.000000 0.077703 0.000000 0.000000 0.618243 0.717718 2.000000 0.567568 0.714715 1.000000 0.616554 0.873874 1.000000 0.077703 0.000000 0.000000 0.077703 0.000000 0.000000 0.077703 0.000000 0.000000
0 0.52833617 0.7662913 0.22373311 0.44495493 0.548986 0.651652 2.000000 0.554054 0.636637 2.000000 0.535473 0.642643 2.000000 0.077703 0.000000 0.000000 0.506757 0.654655 2.000000 0.586149 0.738739 2.000000 0.464527 0.795796 2.000000 0.619932 0.831832 1.000000 0.437500 0.894895 2.000000 0.609797 0.873874 2.000000 0.077703 0.000000 0.000000 0.582770 0.984985 1.000000 0.488176 0.975976 2.000000 0.077703 0.000000 0.000000 0.077703 0.000000 0.000000 0.077703 0.000000 0.000000 0.077703 0.000000 0.000000
0 0.66938347 0.37792793 0.048429053 0.31783783 0.652027 0.252252 2.000000 0.657095 0.246246 2.000000 0.648649 0.246246 2.000000 0.668919 0.258258 2.000000 0.077703 0.000000 0.000000 0.675676 0.309309 2.000000 0.077703 0.000000 0.000000 0.077703 0.000000 0.000000 0.077703 0.000000 0.000000 0.077703 0.000000 0.000000 0.077703 0.000000 0.000000 0.670608 0.441441 2.000000 0.077703 0.000000 0.000000 0.670608 0.537538 1.000000 0.077703 0.000000 0.000000 0.077703 0.000000 0.000000 0.077703 0.000000 0.000000
0 0.21061656 0.78885883 0.25383446 0.42228228 0.238176 0.702703 2.000000 0.250000 0.681682 2.000000 0.224662 0.684685 2.000000 0.260135 0.669670 2.000000 0.201014 0.690691 2.000000 0.282095 0.768769 2.000000 0.163851 0.795796 2.000000 0.326014 0.891892 2.000000 0.109797 0.915916 2.000000 0.322635 0.960961 2.000000 0.077703 0.000000 0.000000 0.077703 0.000000 0.000000 0.077703 0.000000 0.000000 0.077703 0.000000 0.000000 0.077703 0.000000 0.000000 0.077703 0.000000 0.000000 0.077703 0.000000 0.000000
0 0.79489017 0.78126127 0.15633446 0.43195194 0.836149 0.651652 2.000000 0.841216 0.636637 2.000000 0.822635 0.639640 2.000000 0.077703 0.000000 0.000000 0.792230 0.648649 2.000000 0.844595 0.702703 2.000000 0.761824 0.732733 2.000000 0.841216 0.831832 2.000000 0.728041 0.876877 2.000000 0.856419 0.876877 2.000000 0.814189 0.909910 2.000000 0.831081 0.975976 2.000000 0.773649 0.987988 2.000000 0.077703 0.000000 0.000000 0.077703 0.000000 0.000000 0.077703 0.000000 0.000000 0.077703 0.000000 0.000000
0 0.46565035 0.6324925 0.094375 0.4079279 0.493243 0.483483 2.000000 0.498311 0.471471 2.000000 0.488176 0.471471 2.000000 0.077703 0.000000 0.000000 0.464527 0.480480 2.000000 0.488176 0.543544 2.000000 0.434122 0.552553 2.000000 0.518581 0.612613 1.000000 0.422297 0.654655 1.000000 0.505068 0.543544 2.000000 0.439189 0.744745 2.000000 0.500000 0.741742 1.000000 0.459459 0.756757 1.000000 0.077703 0.000000 0.000000 0.459459 0.879880 1.000000 0.077703 0.000000 0.000000 0.423986 0.957958 1.000000
0 0.8874747 0.08082583 0.047179054 0.10453454 0.077703 0.000000 0.000000 0.077703 0.000000 0.000000 0.077703 0.000000 0.000000 0.077703 0.000000 0.000000 0.077703 0.000000 0.000000 0.077703 0.000000 0.000000 0.077703 0.000000 0.000000 0.077703 0.000000 0.000000 0.077703 0.000000 0.000000 0.077703 0.000000 0.000000 0.077703 0.000000 0.000000 0.077703 0.000000 0.000000 0.077703 0.000000 0.000000 0.077703 0.000000 0.000000 0.077703 0.000000 0.000000 0.077703 0.000000 0.000000 0.077703 0.000000 0.000000
0 0.2945017 0.27537537 0.047347974 0.2598198 0.077703 0.000000 0.000000 0.077703 0.000000 0.000000 0.077703 0.000000 0.000000 0.077703 0.000000 0.000000 0.077703 0.000000 0.000000 0.077703 0.000000 0.000000 0.077703 0.000000 0.000000 0.077703 0.000000 0.000000 0.077703 0.000000 0.000000 0.077703 0.000000 0.000000 0.077703 0.000000 0.000000 0.077703 0.000000 0.000000 0.077703 0.000000 0.000000 0.077703 0.000000 0.000000 0.077703 0.000000 0.000000 0.077703 0.000000 0.000000 0.077703 0.000000 0.000000
0 0.3383868 0.74647146 0.14991553 0.48585585 0.298986 0.582583 2.000000 0.309122 0.570571 2.000000 0.297297 0.570571 2.000000 0.332770 0.579580 2.000000 0.077703 0.000000 0.000000 0.361486 0.654655 2.000000 0.285473 0.666667 2.000000 0.383446 0.783784 2.000000 0.280405 0.795796 1.000000 0.393581 0.939940 2.000000 0.077703 0.000000 0.000000 0.363176 0.882883 2.000000 0.307432 0.903904 1.000000 0.077703 0.000000 0.000000 0.077703 0.000000 0.000000 0.077703 0.000000 0.000000 0.077703 0.000000 0.000000
0 0.20402028 0.48244748 0.06395271 0.11612612 0.180743 0.507508 2.000000 0.192568 0.492492 2.000000 0.179054 0.489489 2.000000 0.221284 0.504505 2.000000 0.077703 0.000000 0.000000 0.077703 0.000000 0.000000 0.077703 0.000000 0.000000 0.077703 0.000000 0.000000 0.077703 0.000000 0.000000 0.077703 0.000000 0.000000 0.077703 0.000000 0.000000 0.077703 0.000000 0.000000 0.077703 0.000000 0.000000 0.077703 0.000000 0.000000 0.077703 0.000000 0.000000 0.077703 0.000000 0.000000 0.077703 0.000000 0.000000
0 0.121309124 0.58566064 0.06201013 0.5326426 0.113176 0.372372 2.000000 0.119932 0.360360 2.000000 0.108108 0.360360 2.000000 0.131757 0.369369 2.000000 0.077703 0.000000 0.000000 0.143581 0.426426 1.000000 0.097973 0.432432 1.000000 0.163851 0.492492 1.000000 0.086149 0.504505 1.000000 0.165541 0.504505 1.000000 0.081081 0.546547 1.000000 0.143581 0.597598 1.000000 0.109797 0.600601 1.000000 0.141892 0.726727 1.000000 0.114865 0.726727 1.000000 0.141892 0.849850 1.000000 0.116554 0.852853 1.000000
0 0.17772803 0.21606606 0.045557432 0.07069069 0.077703 0.000000 0.000000 0.077703 0.000000 0.000000 0.077703 0.000000 0.000000 0.077703 0.000000 0.000000 0.077703 0.000000 0.000000 0.077703 0.000000 0.000000 0.077703 0.000000 0.000000 0.077703 0.000000 0.000000 0.077703 0.000000 0.000000 0.077703 0.000000 0.000000 0.077703 0.000000 0.000000 0.077703 0.000000 0.000000 0.077703 0.000000 0.000000 0.077703 0.000000 0.000000 0.077703 0.000000 0.000000 0.077703 0.000000 0.000000 0.077703 0.000000 0.000000
0 0.22324324 0.3957207 0.0958446 0.2890991 0.239865 0.321321 2.000000 0.077703 0.000000 0.000000 0.236486 0.318318 2.000000 0.077703 0.000000 0.000000 0.217905 0.324324 2.000000 0.243243 0.363363 2.000000 0.197635 0.363363 2.000000 0.248311 0.423423 2.000000 0.179054 0.417417 1.000000 0.260135 0.414414 2.000000 0.204392 0.438438 1.000000 0.233108 0.495495 2.000000 0.204392 0.495495 1.000000 0.077703 0.000000 0.000000 0.077703 0.000000 0.000000 0.077703 0.000000 0.000000 0.077703 0.000000 0.000000
0 0.5025338 0.5 0.8361486 0.99399406 0.077703 0.000000 0.000000 0.077703 0.000000 0.000000 0.077703 0.000000 0.000000 0.077703 0.000000 0.000000 0.077703 0.000000 0.000000 0.077703 0.000000 0.000000 0.077703 0.000000 0.000000 0.077703 0.000000 0.000000 0.077703 0.000000 0.000000 0.077703 0.000000 0.000000 0.077703 0.000000 0.000000 0.077703 0.000000 0.000000 0.077703 0.000000 0.000000 0.077703 0.000000 0.000000 0.077703 0.000000 0.000000 0.077703 0.000000 0.000000 0.077703 0.000000 0.000000