0 0.14308281 0.7867391 0.066998 0.31910756 0.153747 0.654462 1.000000 0.151173 0.647597 2.000000 0.088101 0.000000 0.000000 0.143450 0.654462 2.000000 0.088101 0.000000 0.000000 0.146024 0.675057 2.000000 0.126716 0.693364 2.000000 0.088101 0.000000 0.000000 0.120280 0.752860 2.000000 0.088101 0.000000 0.000000 0.121568 0.812357 2.000000 0.153747 0.771167 2.000000 0.139588 0.794050 2.000000 0.153747 0.864989 2.000000 0.139588 0.869565 2.000000 0.155034 0.913043 2.000000 0.138301 0.931350 2.000000
0 0.17482479 0.6095767 0.07317649 0.18290618 0.088101 0.000000 0.000000 0.088101 0.000000 0.000000 0.088101 0.000000 0.000000 0.088101 0.000000 0.000000 0.088101 0.000000 0.000000 0.088101 0.000000 0.000000 0.088101 0.000000 0.000000 0.088101 0.000000 0.000000 0.088101 0.000000 0.000000 0.088101 0.000000 0.000000 0.088101 0.000000 0.000000 0.088101 0.000000 0.000000 0.088101 0.000000 0.000000 0.088101 0.000000 0.000000 0.088101 0.000000 0.000000 0.088101 0.000000 0.000000 0.088101 0.000000 0.000000
0 0.18509655 0.57751715 0.059738275 0.17297482 0.175629 0.514874 2.000000 0.088101 0.000000 0.000000 0.173055 0.510297 2.000000 0.088101 0.000000 0.000000 0.164045 0.514874 2.000000 0.176916 0.533181 1.000000 0.160183 0.544622 2.000000 0.188501 0.565217 2.000000 0.170481 0.583524 2.000000 0.203947 0.576659 2.000000 0.191076 0.578947 2.000000 0.179491 0.599542 2.000000 0.167906 0.608696 1.000000 0.192363 0.620137 2.000000 0.187214 0.640732 1.000000 0.088101 0.000000 0.000000 0.196224 0.686499 1.000000
0 0.24510512 0.55295193 0.04364846 0.24874143 0.243850 0.457666 2.000000 0.088101 0.000000 0.000000 0.239989 0.455378 2.000000 0.088101 0.000000 0.000000 0.230978 0.455378 2.000000 0.248999 0.478261 2.000000 0.228404 0.491991 1.000000 0.256722 0.503433 2.000000 0.088101 0.000000 0.000000 0.256722 0.530892 2.000000 0.245137 0.540046 1.000000 0.254148 0.553776 2.000000 0.238701 0.560641 1.000000 0.255435 0.608696 2.000000 0.243850 0.613272 1.000000 0.251573 0.649886 2.000000 0.088101 0.000000 0.000000
0 0.31412402 0.39274603 0.0273012 0.15826088 0.088101 0.000000 0.000000 0.088101 0.000000 0.000000 0.088101 0.000000 0.000000 0.088101 0.000000 0.000000 0.088101 0.000000 0.000000 0.088101 0.000000 0.000000 0.088101 0.000000 0.000000 0.088101 0.000000 0.000000 0.088101 0.000000 0.000000 0.088101 0.000000 0.000000 0.088101 0.000000 0.000000 0.088101 0.000000 0.000000 0.088101 0.000000 0.000000 0.088101 0.000000 0.000000 0.088101 0.000000 0.000000 0.088101 0.000000 0.000000 0.088101 0.000000 0.000000
0 0.36985272 0.3925973 0.037276886 0.188627 0.368707 0.322654 2.000000 0.369994 0.318078 2.000000 0.366133 0.318078 2.000000 0.373856 0.315789 2.000000 0.088101 0.000000 0.000000 0.382866 0.336384 2.000000 0.362271 0.338673 2.000000 0.088101 0.000000 0.000000 0.357122 0.356979 2.000000 0.088101 0.000000 0.000000 0.355835 0.368421 2.000000 0.376430 0.384439 2.000000 0.364846 0.382151 2.000000 0.371281 0.425629 2.000000 0.088101 0.000000 0.000000 0.373856 0.450801 2.000000 0.088101 0.000000 0.000000
0 0.23613986 0.54466826 0.03187071 0.10915332 0.088101 0.000000 0.000000 0.088101 0.000000 0.000000 0.088101 0.000000 0.000000 0.088101 0.000000 0.000000 0.088101 0.000000 0.000000 0.088101 0.000000 0.000000 0.088101 0.000000 0.000000 0.088101 0.000000 0.000000 0.088101 0.000000 0.000000 0.088101 0.000000 0.000000 0.088101 0.000000 0.000000 0.088101 0.000000 0.000000 0.088101 0.000000 0.000000 0.088101 0.000000 0.000000 0.088101 0.000000 0.000000 0.088101 0.000000 0.000000 0.088101 0.000000 0.000000
0 0.15847754 0.6334554 0.086331524 0.18036613 0.142162 0.558352 2.000000 0.088101 0.000000 0.000000 0.139588 0.558352 2.000000 0.088101 0.000000 0.000000 0.133152 0.562929 2.000000 0.143450 0.572082 2.000000 0.122855 0.594966 2.000000 0.162757 0.588101 1.000000 0.128003 0.631579 2.000000 0.156322 0.592677 2.000000 0.144737 0.608696 2.000000 0.155034 0.617849 2.000000 0.140875 0.629291 1.000000 0.173055 0.636156 2.000000 0.173055 0.649886 2.000000 0.178204 0.686499 2.000000 0.179491 0.707094 2.000000
0 0.34549916 0.401373 0.027391307 0.12832953 0.088101 0.000000 0.000000 0.088101 0.000000 0.000000 0.088101 0.000000 0.000000 0.088101 0.000000 0.000000 0.088101 0.000000 0.000000 0.088101 0.000000 0.000000 0.088101 0.000000 0.000000 0.088101 0.000000 0.000000 0.088101 0.000000 0.000000 0.088101 0.000000 0.000000 0.088101 0.000000 0.000000 0.088101 0.000000 0.000000 0.088101 0.000000 0.000000 0.088101 0.000000 0.000000 0.088101 0.000000 0.000000 0.088101 0.000000 0.000000 0.088101 0.000000 0.000000
0 0.55950654 0.453341 0.04108696 0.07363845 0.088101 0.000000 0.000000 0.088101 0.000000 0.000000 0.088101 0.000000 0.000000 0.088101 0.000000 0.000000 0.088101 0.000000 0.000000 0.088101 0.000000 0.000000 0.088101 0.000000 0.000000 0.088101 0.000000 0.000000 0.088101 0.000000 0.000000 0.088101 0.000000 0.000000 0.088101 0.000000 0.000000 0.088101 0.000000 0.000000 0.088101 0.000000 0.000000 0.088101 0.000000 0.000000 0.088101 0.000000 0.000000 0.088101 0.000000 0.000000 0.088101 0.000000 0.000000
0 0.2366998 0.6609497 0.047252577 0.26652175 0.237414 0.544622 1.000000 0.088101 0.000000 0.000000 0.234840 0.542334 2.000000 0.088101 0.000000 0.000000 0.230978 0.553776 2.000000 0.215532 0.574371 2.000000 0.232265 0.585812 2.000000 0.088101 0.000000 0.000000 0.250286 0.615561 2.000000 0.088101 0.000000 0.000000 0.088101 0.000000 0.000000 0.224542 0.665904 2.000000 0.236127 0.672769 2.000000 0.241276 0.711670 2.000000 0.232265 0.716247 2.000000 0.245137 0.762014 2.000000 0.232265 0.775744 2.000000