0 0.47149268 0.71817183 0.036887698 0.1591875 0.489453 0.664062 2.000000 0.312793 0.000000 0.000000 0.488574 0.659375 2.000000 0.312793 0.000000 0.000000 0.482422 0.662500 2.000000 0.467480 0.684375 2.000000 0.480664 0.690625 2.000000 0.464844 0.723437 2.000000 0.476270 0.731250 2.000000 0.462207 0.762500 2.000000 0.476270 0.775000 2.000000 0.469238 0.757812 2.000000 0.478906 0.762500 2.000000 0.312793 0.000000 0.000000 0.312793 0.000000 0.000000 0.312793 0.000000 0.000000 0.312793 0.000000 0.000000
0 0.6433935 0.7521016 0.06423047 0.32010937 0.646777 0.621875 2.000000 0.645898 0.615625 2.000000 0.643262 0.617188 2.000000 0.312793 0.000000 0.000000 0.631836 0.618750 2.000000 0.645020 0.653125 2.000000 0.627441 0.654688 2.000000 0.649414 0.693750 2.000000 0.622168 0.696875 2.000000 0.655566 0.710938 2.000000 0.634473 0.721875 2.000000 0.649414 0.732813 2.000000 0.633594 0.732813 2.000000 0.654688 0.801562 2.000000 0.628320 0.792188 2.000000 0.661719 0.887500 2.000000 0.618652 0.853125 2.000000
0 0.3647803 0.65558594 0.014484375 0.055078126 0.312793 0.000000 0.000000 0.312793 0.000000 0.000000 0.312793 0.000000 0.000000 0.312793 0.000000 0.000000 0.312793 0.000000 0.000000 0.312793 0.000000 0.000000 0.312793 0.000000 0.000000 0.312793 0.000000 0.000000 0.312793 0.000000 0.000000 0.312793 0.000000 0.000000 0.312793 0.000000 0.000000 0.312793 0.000000 0.000000 0.312793 0.000000 0.000000 0.312793 0.000000 0.000000 0.312793 0.000000 0.000000 0.312793 0.000000 0.000000 0.312793 0.000000 0.000000
0 0.38105762 0.65735936 0.008595703 0.035375 0.312793 0.000000 0.000000 0.312793 0.000000 0.000000 0.312793 0.000000 0.000000 0.312793 0.000000 0.000000 0.312793 0.000000 0.000000 0.312793 0.000000 0.000000 0.312793 0.000000 0.000000 0.312793 0.000000 0.000000 0.312793 0.000000 0.000000 0.312793 0.000000 0.000000 0.312793 0.000000 0.000000 0.312793 0.000000 0.000000 0.312793 0.000000 0.000000 0.312793 0.000000 0.000000 0.312793 0.000000 0.000000 0.312793 0.000000 0.000000 0.312793 0.000000 0.000000
0 0.510459 0.64480466 0.009474609 0.019984374 0.312793 0.000000 0.000000 0.312793 0.000000 0.000000 0.312793 0.000000 0.000000 0.312793 0.000000 0.000000 0.312793 0.000000 0.000000 0.312793 0.000000 0.000000 0.312793 0.000000 0.000000 0.312793 0.000000 0.000000 0.312793 0.000000 0.000000 0.312793 0.000000 0.000000 0.312793 0.000000 0.000000 0.312793 0.000000 0.000000 0.312793 0.000000 0.000000 0.312793 0.000000 0.000000 0.312793 0.000000 0.000000 0.312793 0.000000 0.000000 0.312793 0.000000 0.000000
0 0.3521196 0.6549688 0.008182618 0.034562502 0.312793 0.000000 0.000000 0.312793 0.000000 0.000000 0.312793 0.000000 0.000000 0.312793 0.000000 0.000000 0.312793 0.000000 0.000000 0.312793 0.000000 0.000000 0.312793 0.000000 0.000000 0.312793 0.000000 0.000000 0.312793 0.000000 0.000000 0.312793 0.000000 0.000000 0.312793 0.000000 0.000000 0.312793 0.000000 0.000000 0.312793 0.000000 0.000000 0.312793 0.000000 0.000000 0.312793 0.000000 0.000000 0.312793 0.000000 0.000000 0.312793 0.000000 0.000000
0 0.4026084 0.63599217 0.007716797 0.022984376 0.312793 0.000000 0.000000 0.312793 0.000000 0.000000 0.312793 0.000000 0.000000 0.312793 0.000000 0.000000 0.312793 0.000000 0.000000 0.312793 0.000000 0.000000 0.312793 0.000000 0.000000 0.312793 0.000000 0.000000 0.312793 0.000000 0.000000 0.312793 0.000000 0.000000 0.312793 0.000000 0.000000 0.312793 0.000000 0.000000 0.312793 0.000000 0.000000 0.312793 0.000000 0.000000 0.312793 0.000000 0.000000 0.312793 0.000000 0.000000 0.312793 0.000000 0.000000
0 0.41050538 0.63842964 0.007901367 0.014890625 0.312793 0.000000 0.000000 0.312793 0.000000 0.000000 0.312793 0.000000 0.000000 0.312793 0.000000 0.000000 0.312793 0.000000 0.000000 0.312793 0.000000 0.000000 0.312793 0.000000 0.000000 0.312793 0.000000 0.000000 0.312793 0.000000 0.000000 0.312793 0.000000 0.000000 0.312793 0.000000 0.000000 0.312793 0.000000 0.000000 0.312793 0.000000 0.000000 0.312793 0.000000 0.000000 0.312793 0.000000 0.000000 0.312793 0.000000 0.000000 0.312793 0.000000 0.000000
0 0.43621778 0.6354375 0.0073652347 0.0153125 0.312793 0.000000 0.000000 0.312793 0.000000 0.000000 0.312793 0.000000 0.000000 0.312793 0.000000 0.000000 0.312793 0.000000 0.000000 0.312793 0.000000 0.000000 0.312793 0.000000 0.000000 0.312793 0.000000 0.000000 0.312793 0.000000 0.000000 0.312793 0.000000 0.000000 0.312793 0.000000 0.000000 0.312793 0.000000 0.000000 0.312793 0.000000 0.000000 0.312793 0.000000 0.000000 0.312793 0.000000 0.000000 0.312793 0.000000 0.000000 0.312793 0.000000 0.000000
0 0.40854982 0.6691719 0.023835938 0.044062503 0.312793 0.000000 0.000000 0.312793 0.000000 0.000000 0.312793 0.000000 0.000000 0.312793 0.000000 0.000000 0.312793 0.000000 0.000000 0.312793 0.000000 0.000000 0.312793 0.000000 0.000000 0.312793 0.000000 0.000000 0.312793 0.000000 0.000000 0.312793 0.000000 0.000000 0.312793 0.000000 0.000000 0.312793 0.000000 0.000000 0.312793 0.000000 0.000000 0.312793 0.000000 0.000000 0.312793 0.000000 0.000000 0.312793 0.000000 0.000000 0.312793 0.000000 0.000000
0 0.519938 0.77123433 0.09011426 0.24553123 0.521094 0.676562 2.000000 0.524609 0.673437 2.000000 0.518457 0.670313 2.000000 0.312793 0.000000 0.000000 0.510547 0.668750 2.000000 0.496484 0.689062 2.000000 0.510547 0.704687 2.000000 0.312793 0.000000 0.000000 0.521094 0.756250 2.000000 0.312793 0.000000 0.000000 0.312793 0.000000 0.000000 0.503516 0.764063 2.000000 0.509668 0.779688 2.000000 0.536914 0.768750 2.000000 0.544824 0.785937 2.000000 0.532520 0.823438 1.000000 0.551855 0.865625 2.000000
0 0.39330956 0.6545078 0.0078046876 0.041515626 0.312793 0.000000 0.000000 0.312793 0.000000 0.000000 0.312793 0.000000 0.000000 0.312793 0.000000 0.000000 0.312793 0.000000 0.000000 0.312793 0.000000 0.000000 0.312793 0.000000 0.000000 0.312793 0.000000 0.000000 0.312793 0.000000 0.000000 0.312793 0.000000 0.000000 0.312793 0.000000 0.000000 0.312793 0.000000 0.000000 0.312793 0.000000 0.000000 0.312793 0.000000 0.000000 0.312793 0.000000 0.000000 0.312793 0.000000 0.000000 0.312793 0.000000 0.000000
0 0.4184199 0.63595307 0.006310547 0.01321875 0.312793 0.000000 0.000000 0.312793 0.000000 0.000000 0.312793 0.000000 0.000000 0.312793 0.000000 0.000000 0.312793 0.000000 0.000000 0.312793 0.000000 0.000000 0.312793 0.000000 0.000000 0.312793 0.000000 0.000000 0.312793 0.000000 0.000000 0.312793 0.000000 0.000000 0.312793 0.000000 0.000000 0.312793 0.000000 0.000000 0.312793 0.000000 0.000000 0.312793 0.000000 0.000000 0.312793 0.000000 0.000000 0.312793 0.000000 0.000000 0.312793 0.000000 0.000000
0 0.5197754 0.64921874 0.30146486 0.0671875 0.312793 0.000000 0.000000 0.312793 0.000000 0.000000 0.312793 0.000000 0.000000 0.312793 0.000000 0.000000 0.312793 0.000000 0.000000 0.312793 0.000000 0.000000 0.312793 0.000000 0.000000 0.312793 0.000000 0.000000 0.312793 0.000000 0.000000 0.312793 0.000000 0.000000 0.312793 0.000000 0.000000 0.312793 0.000000 0.000000 0.312793 0.000000 0.000000 0.312793 0.000000 0.000000 0.312793 0.000000 0.000000 0.312793 0.000000 0.000000 0.312793 0.000000 0.000000