0 0.37188423 0.55850005 0.0604304 0.25645456 0.378551 0.463636 2.000000 0.382386 0.459091 2.000000 0.375994 0.459091 2.000000 0.090909 0.000000 0.000000 0.369602 0.459091 2.000000 0.387500 0.488636 2.000000 0.359375 0.488636 2.000000 0.395170 0.525000 2.000000 0.351705 0.534091 2.000000 0.090909 0.000000 0.000000 0.367045 0.561364 2.000000 0.390057 0.565909 1.000000 0.367045 0.565909 2.000000 0.402841 0.579545 1.000000 0.374716 0.584091 2.000000 0.090909 0.000000 0.000000 0.381108 0.661364 2.000000
0 0.51619744 0.46813637 0.046943184 0.12477273 0.090909 0.000000 0.000000 0.090909 0.000000 0.000000 0.090909 0.000000 0.000000 0.090909 0.000000 0.000000 0.090909 0.000000 0.000000 0.090909 0.000000 0.000000 0.090909 0.000000 0.000000 0.090909 0.000000 0.000000 0.090909 0.000000 0.000000 0.090909 0.000000 0.000000 0.090909 0.000000 0.000000 0.090909 0.000000 0.000000 0.090909 0.000000 0.000000 0.090909 0.000000 0.000000 0.090909 0.000000 0.000000 0.090909 0.000000 0.000000 0.090909 0.000000 0.000000
0 0.20972443 0.52247727 0.041164774 0.15077272 0.090909 0.000000 0.000000 0.090909 0.000000 0.000000 0.090909 0.000000 0.000000 0.090909 0.000000 0.000000 0.090909 0.000000 0.000000 0.090909 0.000000 0.000000 0.090909 0.000000 0.000000 0.090909 0.000000 0.000000 0.090909 0.000000 0.000000 0.090909 0.000000 0.000000 0.090909 0.000000 0.000000 0.090909 0.000000 0.000000 0.090909 0.000000 0.000000 0.090909 0.000000 0.000000 0.090909 0.000000 0.000000 0.090909 0.000000 0.000000 0.090909 0.000000 0.000000
0 0.24920171 0.5121477 0.016363638 0.13479546 0.090909 0.000000 0.000000 0.090909 0.000000 0.000000 0.090909 0.000000 0.000000 0.090909 0.000000 0.000000 0.090909 0.000000 0.000000 0.090909 0.000000 0.000000 0.090909 0.000000 0.000000 0.090909 0.000000 0.000000 0.090909 0.000000 0.000000 0.090909 0.000000 0.000000 0.090909 0.000000 0.000000 0.090909 0.000000 0.000000 0.090909 0.000000 0.000000 0.090909 0.000000 0.000000 0.090909 0.000000 0.000000 0.090909 0.000000 0.000000 0.090909 0.000000 0.000000
0 0.26081607 0.5072387 0.029671874 0.15547729 0.090909 0.000000 0.000000 0.090909 0.000000 0.000000 0.090909 0.000000 0.000000 0.090909 0.000000 0.000000 0.090909 0.000000 0.000000 0.090909 0.000000 0.000000 0.090909 0.000000 0.000000 0.090909 0.000000 0.000000 0.090909 0.000000 0.000000 0.090909 0.000000 0.000000 0.090909 0.000000 0.000000 0.090909 0.000000 0.000000 0.090909 0.000000 0.000000 0.090909 0.000000 0.000000 0.090909 0.000000 0.000000 0.090909 0.000000 0.000000 0.090909 0.000000 0.000000
0 0.14961363 0.52680683 0.019585228 0.14043182 0.090909 0.000000 0.000000 0.090909 0.000000 0.000000 0.090909 0.000000 0.000000 0.090909 0.000000 0.000000 0.090909 0.000000 0.000000 0.090909 0.000000 0.000000 0.090909 0.000000 0.000000 0.090909 0.000000 0.000000 0.090909 0.000000 0.000000 0.090909 0.000000 0.000000 0.090909 0.000000 0.000000 0.090909 0.000000 0.000000 0.090909 0.000000 0.000000 0.090909 0.000000 0.000000 0.090909 0.000000 0.000000 0.090909 0.000000 0.000000 0.090909 0.000000 0.000000
0 0.29732743 0.47471592 0.013538352 0.04952273 0.090909 0.000000 0.000000 0.090909 0.000000 0.000000 0.090909 0.000000 0.000000 0.090909 0.000000 0.000000 0.090909 0.000000 0.000000 0.090909 0.000000 0.000000 0.090909 0.000000 0.000000 0.090909 0.000000 0.000000 0.090909 0.000000 0.000000 0.090909 0.000000 0.000000 0.090909 0.000000 0.000000 0.090909 0.000000 0.000000 0.090909 0.000000 0.000000 0.090909 0.000000 0.000000 0.090909 0.000000 0.000000 0.090909 0.000000 0.000000 0.090909 0.000000 0.000000
0 0.18503195 0.5295682 0.01778267 0.124545455 0.090909 0.000000 0.000000 0.090909 0.000000 0.000000 0.090909 0.000000 0.000000 0.090909 0.000000 0.000000 0.090909 0.000000 0.000000 0.090909 0.000000 0.000000 0.090909 0.000000 0.000000 0.090909 0.000000 0.000000 0.090909 0.000000 0.000000 0.090909 0.000000 0.000000 0.090909 0.000000 0.000000 0.090909 0.000000 0.000000 0.090909 0.000000 0.000000 0.090909 0.000000 0.000000 0.090909 0.000000 0.000000 0.090909 0.000000 0.000000 0.090909 0.000000 0.000000
0 0.115818895 0.55195457 0.028700287 0.092818186 0.090909 0.000000 0.000000 0.090909 0.000000 0.000000 0.090909 0.000000 0.000000 0.090909 0.000000 0.000000 0.090909 0.000000 0.000000 0.090909 0.000000 0.000000 0.090909 0.000000 0.000000 0.090909 0.000000 0.000000 0.090909 0.000000 0.000000 0.090909 0.000000 0.000000 0.090909 0.000000 0.000000 0.090909 0.000000 0.000000 0.090909 0.000000 0.000000 0.090909 0.000000 0.000000 0.090909 0.000000 0.000000 0.090909 0.000000 0.000000 0.090909 0.000000 0.000000
0 0.44091836 0.47173864 0.023791194 0.054068185 0.090909 0.000000 0.000000 0.090909 0.000000 0.000000 0.090909 0.000000 0.000000 0.090909 0.000000 0.000000 0.090909 0.000000 0.000000 0.090909 0.000000 0.000000 0.090909 0.000000 0.000000 0.090909 0.000000 0.000000 0.090909 0.000000 0.000000 0.090909 0.000000 0.000000 0.090909 0.000000 0.000000 0.090909 0.000000 0.000000 0.090909 0.000000 0.000000 0.090909 0.000000 0.000000 0.090909 0.000000 0.000000 0.090909 0.000000 0.000000 0.090909 0.000000 0.000000
0 0.77910227 0.42127272 0.024673294 0.06777273 0.090909 0.000000 0.000000 0.090909 0.000000 0.000000 0.090909 0.000000 0.000000 0.090909 0.000000 0.000000 0.090909 0.000000 0.000000 0.090909 0.000000 0.000000 0.090909 0.000000 0.000000 0.090909 0.000000 0.000000 0.090909 0.000000 0.000000 0.090909 0.000000 0.000000 0.090909 0.000000 0.000000 0.090909 0.000000 0.000000 0.090909 0.000000 0.000000 0.090909 0.000000 0.000000 0.090909 0.000000 0.000000 0.090909 0.000000 0.000000 0.090909 0.000000 0.000000
0 0.2127287 0.52261364 0.026258525 0.123772725 0.090909 0.000000 0.000000 0.090909 0.000000 0.000000 0.090909 0.000000 0.000000 0.090909 0.000000 0.000000 0.090909 0.000000 0.000000 0.090909 0.000000 0.000000 0.090909 0.000000 0.000000 0.090909 0.000000 0.000000 0.090909 0.000000 0.000000 0.090909 0.000000 0.000000 0.090909 0.000000 0.000000 0.090909 0.000000 0.000000 0.090909 0.000000 0.000000 0.090909 0.000000 0.000000 0.090909 0.000000 0.000000 0.090909 0.000000 0.000000 0.090909 0.000000 0.000000
0 0.1070554 0.50940907 0.015647728 0.13390909 0.090909 0.000000 0.000000 0.090909 0.000000 0.000000 0.090909 0.000000 0.000000 0.090909 0.000000 0.000000 0.090909 0.000000 0.000000 0.090909 0.000000 0.000000 0.090909 0.000000 0.000000 0.090909 0.000000 0.000000 0.090909 0.000000 0.000000 0.090909 0.000000 0.000000 0.090909 0.000000 0.000000 0.090909 0.000000 0.000000 0.090909 0.000000 0.000000 0.090909 0.000000 0.000000 0.090909 0.000000 0.000000 0.090909 0.000000 0.000000 0.090909 0.000000 0.000000
0 0.5012784 0.5215909 0.7875 0.28863636 0.090909 0.000000 0.000000 0.090909 0.000000 0.000000 0.090909 0.000000 0.000000 0.090909 0.000000 0.000000 0.090909 0.000000 0.000000 0.090909 0.000000 0.000000 0.090909 0.000000 0.000000 0.090909 0.000000 0.000000 0.090909 0.000000 0.000000 0.090909 0.000000 0.000000 0.090909 0.000000 0.000000 0.090909 0.000000 0.000000 0.090909 0.000000 0.000000 0.090909 0.000000 0.000000 0.090909 0.000000 0.000000 0.090909 0.000000 0.000000 0.090909 0.000000 0.000000