0 0.45041564 0.6378 0.027686251 0.14316 0.468500 0.578000 1.000000 0.313250 0.000000 0.000000 0.467375 0.576000 1.000000 0.313250 0.000000 0.000000 0.465125 0.576000 1.000000 0.461750 0.590000 2.000000 0.456125 0.588000 2.000000 0.313250 0.000000 0.000000 0.449375 0.610000 2.000000 0.313250 0.000000 0.000000 0.446000 0.626000 2.000000 0.448250 0.618000 2.000000 0.441500 0.618000 2.000000 0.447125 0.654000 2.000000 0.443750 0.652000 2.000000 0.450500 0.684000 2.000000 0.447125 0.684000 2.000000
0 0.35097688 0.35234 0.02545875 0.06536 0.313250 0.000000 0.000000 0.313250 0.000000 0.000000 0.313250 0.000000 0.000000 0.313250 0.000000 0.000000 0.313250 0.000000 0.000000 0.313250 0.000000 0.000000 0.313250 0.000000 0.000000 0.313250 0.000000 0.000000 0.313250 0.000000 0.000000 0.313250 0.000000 0.000000 0.313250 0.000000 0.000000 0.313250 0.000000 0.000000 0.313250 0.000000 0.000000 0.313250 0.000000 0.000000 0.313250 0.000000 0.000000 0.313250 0.000000 0.000000 0.313250 0.000000 0.000000
0 0.36770564 0.38125 0.01612125 0.01926 0.313250 0.000000 0.000000 0.313250 0.000000 0.000000 0.313250 0.000000 0.000000 0.313250 0.000000 0.000000 0.313250 0.000000 0.000000 0.313250 0.000000 0.000000 0.313250 0.000000 0.000000 0.313250 0.000000 0.000000 0.313250 0.000000 0.000000 0.313250 0.000000 0.000000 0.313250 0.000000 0.000000 0.313250 0.000000 0.000000 0.313250 0.000000 0.000000 0.313250 0.000000 0.000000 0.313250 0.000000 0.000000 0.313250 0.000000 0.000000 0.313250 0.000000 0.000000
0 0.33031625 0.48812002 0.032782502 0.048919998 0.313250 0.000000 0.000000 0.313250 0.000000 0.000000 0.313250 0.000000 0.000000 0.313250 0.000000 0.000000 0.313250 0.000000 0.000000 0.313250 0.000000 0.000000 0.313250 0.000000 0.000000 0.313250 0.000000 0.000000 0.313250 0.000000 0.000000 0.313250 0.000000 0.000000 0.313250 0.000000 0.000000 0.313250 0.000000 0.000000 0.313250 0.000000 0.000000 0.313250 0.000000 0.000000 0.313250 0.000000 0.000000 0.313250 0.000000 0.000000 0.313250 0.000000 0.000000
0 0.46841002 0.38902 0.029677501 0.04168 0.313250 0.000000 0.000000 0.313250 0.000000 0.000000 0.313250 0.000000 0.000000 0.313250 0.000000 0.000000 0.313250 0.000000 0.000000 0.313250 0.000000 0.000000 0.313250 0.000000 0.000000 0.313250 0.000000 0.000000 0.313250 0.000000 0.000000 0.313250 0.000000 0.000000 0.313250 0.000000 0.000000 0.313250 0.000000 0.000000 0.313250 0.000000 0.000000 0.313250 0.000000 0.000000 0.313250 0.000000 0.000000 0.313250 0.000000 0.000000 0.313250 0.000000 0.000000
0 0.6536806 0.63285005 0.01974375 0.087620005 0.313250 0.000000 0.000000 0.313250 0.000000 0.000000 0.313250 0.000000 0.000000 0.313250 0.000000 0.000000 0.313250 0.000000 0.000000 0.313250 0.000000 0.000000 0.313250 0.000000 0.000000 0.313250 0.000000 0.000000 0.313250 0.000000 0.000000 0.313250 0.000000 0.000000 0.313250 0.000000 0.000000 0.313250 0.000000 0.000000 0.313250 0.000000 0.000000 0.313250 0.000000 0.000000 0.313250 0.000000 0.000000 0.313250 0.000000 0.000000 0.313250 0.000000 0.000000
0 0.31808752 0.48433003 0.0095850015 0.04726 0.313250 0.000000 0.000000 0.313250 0.000000 0.000000 0.313250 0.000000 0.000000 0.313250 0.000000 0.000000 0.313250 0.000000 0.000000 0.313250 0.000000 0.000000 0.313250 0.000000 0.000000 0.313250 0.000000 0.000000 0.313250 0.000000 0.000000 0.313250 0.000000 0.000000 0.313250 0.000000 0.000000 0.313250 0.000000 0.000000 0.313250 0.000000 0.000000 0.313250 0.000000 0.000000 0.313250 0.000000 0.000000 0.313250 0.000000 0.000000 0.313250 0.000000 0.000000
0 0.4107425 0.63241994 0.045337502 0.15476 0.428000 0.576000 2.000000 0.313250 0.000000 0.000000 0.425750 0.572000 2.000000 0.313250 0.000000 0.000000 0.421250 0.572000 2.000000 0.419000 0.592000 2.000000 0.412250 0.586000 2.000000 0.412250 0.612000 2.000000 0.404375 0.604000 2.000000 0.407750 0.632000 2.000000 0.403250 0.630000 2.000000 0.406625 0.622000 2.000000 0.399875 0.618000 2.000000 0.406625 0.658000 2.000000 0.399875 0.658000 2.000000 0.406625 0.694000 2.000000 0.398750 0.696000 2.000000
0 0.49298567 0.39432004 0.01981125 0.040200002 0.313250 0.000000 0.000000 0.313250 0.000000 0.000000 0.313250 0.000000 0.000000 0.313250 0.000000 0.000000 0.313250 0.000000 0.000000 0.313250 0.000000 0.000000 0.313250 0.000000 0.000000 0.313250 0.000000 0.000000 0.313250 0.000000 0.000000 0.313250 0.000000 0.000000 0.313250 0.000000 0.000000 0.313250 0.000000 0.000000 0.313250 0.000000 0.000000 0.313250 0.000000 0.000000 0.313250 0.000000 0.000000 0.313250 0.000000 0.000000 0.313250 0.000000 0.000000
0 0.46236876 0.39599004 0.0154575 0.02434 0.313250 0.000000 0.000000 0.313250 0.000000 0.000000 0.313250 0.000000 0.000000 0.313250 0.000000 0.000000 0.313250 0.000000 0.000000 0.313250 0.000000 0.000000 0.313250 0.000000 0.000000 0.313250 0.000000 0.000000 0.313250 0.000000 0.000000 0.313250 0.000000 0.000000 0.313250 0.000000 0.000000 0.313250 0.000000 0.000000 0.313250 0.000000 0.000000 0.313250 0.000000 0.000000 0.313250 0.000000 0.000000 0.313250 0.000000 0.000000 0.313250 0.000000 0.000000
0 0.44049314 0.40343 0.028541254 0.03934 0.313250 0.000000 0.000000 0.313250 0.000000 0.000000 0.313250 0.000000 0.000000 0.313250 0.000000 0.000000 0.313250 0.000000 0.000000 0.313250 0.000000 0.000000 0.313250 0.000000 0.000000 0.313250 0.000000 0.000000 0.313250 0.000000 0.000000 0.313250 0.000000 0.000000 0.313250 0.000000 0.000000 0.313250 0.000000 0.000000 0.313250 0.000000 0.000000 0.313250 0.000000 0.000000 0.313250 0.000000 0.000000 0.313250 0.000000 0.000000 0.313250 0.000000 0.000000
0 0.38897938 0.39188 0.02377125 0.04452 0.313250 0.000000 0.000000 0.313250 0.000000 0.000000 0.313250 0.000000 0.000000 0.313250 0.000000 0.000000 0.313250 0.000000 0.000000 0.313250 0.000000 0.000000 0.313250 0.000000 0.000000 0.313250 0.000000 0.000000 0.313250 0.000000 0.000000 0.313250 0.000000 0.000000 0.313250 0.000000 0.000000 0.313250 0.000000 0.000000 0.313250 0.000000 0.000000 0.313250 0.000000 0.000000 0.313250 0.000000 0.000000 0.313250 0.000000 0.000000 0.313250 0.000000 0.000000
0 0.5268706 0.59520996 0.09928126 0.53638 0.560750 0.480000 2.000000 0.313250 0.000000 0.000000 0.313250 0.000000 0.000000 0.313250 0.000000 0.000000 0.313250 0.000000 0.000000 0.539375 0.526000 2.000000 0.542750 0.480000 2.000000 0.525875 0.606000 2.000000 0.552875 0.428000 2.000000 0.555125 0.636000 1.000000 0.568625 0.362000 2.000000 0.510125 0.590000 2.000000 0.493250 0.574000 2.000000 0.509000 0.704000 2.000000 0.493250 0.684000 2.000000 0.510125 0.822000 2.000000 0.493250 0.792000 2.000000
0 0.39650002 0.425 0.15525001 0.202 0.313250 0.000000 0.000000 0.313250 0.000000 0.000000 0.313250 0.000000 0.000000 0.313250 0.000000 0.000000 0.313250 0.000000 0.000000 0.313250 0.000000 0.000000 0.313250 0.000000 0.000000 0.313250 0.000000 0.000000 0.313250 0.000000 0.000000 0.313250 0.000000 0.000000 0.313250 0.000000 0.000000 0.313250 0.000000 0.000000 0.313250 0.000000 0.000000 0.313250 0.000000 0.000000 0.313250 0.000000 0.000000 0.313250 0.000000 0.000000 0.313250 0.000000 0.000000