0 0.3928467 0.15753534 0.09582376 0.2843993 0.398631 0.093640 2.000000 0.405587 0.081272 2.000000 0.391674 0.081272 2.000000 0.414532 0.072438 2.000000 0.381736 0.068905 2.000000 0.427451 0.137809 2.000000 0.367822 0.132509 2.000000 0.431427 0.217314 2.000000 0.350928 0.203180 1.000000 0.181979 0.000000 0.000000 0.369810 0.249117 2.000000 0.414532 0.279152 1.000000 0.374779 0.273852 2.000000 0.181979 0.000000 0.000000 0.181979 0.000000 0.000000 0.181979 0.000000 0.000000 0.181979 0.000000 0.000000
0 0.3448802 0.2742138 0.019727252 0.0584629 0.181979 0.000000 0.000000 0.181979 0.000000 0.000000 0.181979 0.000000 0.000000 0.181979 0.000000 0.000000 0.181979 0.000000 0.000000 0.181979 0.000000 0.000000 0.181979 0.000000 0.000000 0.181979 0.000000 0.000000 0.181979 0.000000 0.000000 0.181979 0.000000 0.000000 0.181979 0.000000 0.000000 0.181979 0.000000 0.000000 0.181979 0.000000 0.000000 0.181979 0.000000 0.000000 0.181979 0.000000 0.000000 0.181979 0.000000 0.000000 0.181979 0.000000 0.000000
0 0.21971896 0.29094523 0.012253755 0.071007065 0.181979 0.000000 0.000000 0.181979 0.000000 0.000000 0.181979 0.000000 0.000000 0.181979 0.000000 0.000000 0.181979 0.000000 0.000000 0.181979 0.000000 0.000000 0.181979 0.000000 0.000000 0.181979 0.000000 0.000000 0.181979 0.000000 0.000000 0.181979 0.000000 0.000000 0.181979 0.000000 0.000000 0.181979 0.000000 0.000000 0.181979 0.000000 0.000000 0.181979 0.000000 0.000000 0.181979 0.000000 0.000000 0.181979 0.000000 0.000000 0.181979 0.000000 0.000000
0 0.27362856 0.27808303 0.019558305 0.04443463 0.181979 0.000000 0.000000 0.181979 0.000000 0.000000 0.181979 0.000000 0.000000 0.181979 0.000000 0.000000 0.181979 0.000000 0.000000 0.181979 0.000000 0.000000 0.181979 0.000000 0.000000 0.181979 0.000000 0.000000 0.181979 0.000000 0.000000 0.181979 0.000000 0.000000 0.181979 0.000000 0.000000 0.181979 0.000000 0.000000 0.181979 0.000000 0.000000 0.181979 0.000000 0.000000 0.181979 0.000000 0.000000 0.181979 0.000000 0.000000 0.181979 0.000000 0.000000
0 0.29222286 0.27159896 0.015205388 0.05015901 0.181979 0.000000 0.000000 0.181979 0.000000 0.000000 0.181979 0.000000 0.000000 0.181979 0.000000 0.000000 0.181979 0.000000 0.000000 0.181979 0.000000 0.000000 0.181979 0.000000 0.000000 0.181979 0.000000 0.000000 0.181979 0.000000 0.000000 0.181979 0.000000 0.000000 0.181979 0.000000 0.000000 0.181979 0.000000 0.000000 0.181979 0.000000 0.000000 0.181979 0.000000 0.000000 0.181979 0.000000 0.000000 0.181979 0.000000 0.000000 0.181979 0.000000 0.000000
0 0.79177946 0.29832155 0.014519655 0.021660779 0.181979 0.000000 0.000000 0.181979 0.000000 0.000000 0.181979 0.000000 0.000000 0.181979 0.000000 0.000000 0.181979 0.000000 0.000000 0.181979 0.000000 0.000000 0.181979 0.000000 0.000000 0.181979 0.000000 0.000000 0.181979 0.000000 0.000000 0.181979 0.000000 0.000000 0.181979 0.000000 0.000000 0.181979 0.000000 0.000000 0.181979 0.000000 0.000000 0.181979 0.000000 0.000000 0.181979 0.000000 0.000000 0.181979 0.000000 0.000000 0.181979 0.000000 0.000000
0 0.305376 0.2818993 0.01340658 0.030229682 0.181979 0.000000 0.000000 0.181979 0.000000 0.000000 0.181979 0.000000 0.000000 0.181979 0.000000 0.000000 0.181979 0.000000 0.000000 0.181979 0.000000 0.000000 0.181979 0.000000 0.000000 0.181979 0.000000 0.000000 0.181979 0.000000 0.000000 0.181979 0.000000 0.000000 0.181979 0.000000 0.000000 0.181979 0.000000 0.000000 0.181979 0.000000 0.000000 0.181979 0.000000 0.000000 0.181979 0.000000 0.000000 0.181979 0.000000 0.000000 0.181979 0.000000 0.000000
0 0.2519683 0.29016787 0.007702076 0.052279152 0.181979 0.000000 0.000000 0.181979 0.000000 0.000000 0.181979 0.000000 0.000000 0.181979 0.000000 0.000000 0.181979 0.000000 0.000000 0.181979 0.000000 0.000000 0.181979 0.000000 0.000000 0.181979 0.000000 0.000000 0.181979 0.000000 0.000000 0.181979 0.000000 0.000000 0.181979 0.000000 0.000000 0.181979 0.000000 0.000000 0.181979 0.000000 0.000000 0.181979 0.000000 0.000000 0.181979 0.000000 0.000000 0.181979 0.000000 0.000000 0.181979 0.000000 0.000000
0 0.33292457 0.28501767 0.008477253 0.03219081 0.181979 0.000000 0.000000 0.181979 0.000000 0.000000 0.181979 0.000000 0.000000 0.181979 0.000000 0.000000 0.181979 0.000000 0.000000 0.181979 0.000000 0.000000 0.181979 0.000000 0.000000 0.181979 0.000000 0.000000 0.181979 0.000000 0.000000 0.181979 0.000000 0.000000 0.181979 0.000000 0.000000 0.181979 0.000000 0.000000 0.181979 0.000000 0.000000 0.181979 0.000000 0.000000 0.181979 0.000000 0.000000 0.181979 0.000000 0.000000 0.181979 0.000000 0.000000
0 0.25775233 0.29723495 0.006092094 0.06425795 0.181979 0.000000 0.000000 0.181979 0.000000 0.000000 0.181979 0.000000 0.000000 0.181979 0.000000 0.000000 0.181979 0.000000 0.000000 0.181979 0.000000 0.000000 0.181979 0.000000 0.000000 0.181979 0.000000 0.000000 0.181979 0.000000 0.000000 0.181979 0.000000 0.000000 0.181979 0.000000 0.000000 0.181979 0.000000 0.000000 0.181979 0.000000 0.000000 0.181979 0.000000 0.000000 0.181979 0.000000 0.000000 0.181979 0.000000 0.000000 0.181979 0.000000 0.000000
0 0.35427672 0.2853622 0.010713339 0.043374557 0.181979 0.000000 0.000000 0.181979 0.000000 0.000000 0.181979 0.000000 0.000000 0.181979 0.000000 0.000000 0.181979 0.000000 0.000000 0.181979 0.000000 0.000000 0.181979 0.000000 0.000000 0.181979 0.000000 0.000000 0.181979 0.000000 0.000000 0.181979 0.000000 0.000000 0.181979 0.000000 0.000000 0.181979 0.000000 0.000000 0.181979 0.000000 0.000000 0.181979 0.000000 0.000000 0.181979 0.000000 0.000000 0.181979 0.000000 0.000000 0.181979 0.000000 0.000000
0 0.24729736 0.28598055 0.0066088783 0.030335687 0.181979 0.000000 0.000000 0.181979 0.000000 0.000000 0.181979 0.000000 0.000000 0.181979 0.000000 0.000000 0.181979 0.000000 0.000000 0.181979 0.000000 0.000000 0.181979 0.000000 0.000000 0.181979 0.000000 0.000000 0.181979 0.000000 0.000000 0.181979 0.000000 0.000000 0.181979 0.000000 0.000000 0.181979 0.000000 0.000000 0.181979 0.000000 0.000000 0.181979 0.000000 0.000000 0.181979 0.000000 0.000000 0.181979 0.000000 0.000000 0.181979 0.000000 0.000000
0 0.31864345 0.27232334 0.02795605 0.056095406 0.181979 0.000000 0.000000 0.181979 0.000000 0.000000 0.181979 0.000000 0.000000 0.181979 0.000000 0.000000 0.181979 0.000000 0.000000 0.181979 0.000000 0.000000 0.181979 0.000000 0.000000 0.181979 0.000000 0.000000 0.181979 0.000000 0.000000 0.181979 0.000000 0.000000 0.181979 0.000000 0.000000 0.181979 0.000000 0.000000 0.181979 0.000000 0.000000 0.181979 0.000000 0.000000 0.181979 0.000000 0.000000 0.181979 0.000000 0.000000 0.181979 0.000000 0.000000
0 0.3961462 0.3091873 0.4223719 0.08833922 0.181979 0.000000 0.000000 0.181979 0.000000 0.000000 0.181979 0.000000 0.000000 0.181979 0.000000 0.000000 0.181979 0.000000 0.000000 0.181979 0.000000 0.000000 0.181979 0.000000 0.000000 0.181979 0.000000 0.000000 0.181979 0.000000 0.000000 0.181979 0.000000 0.000000 0.181979 0.000000 0.000000 0.181979 0.000000 0.000000 0.181979 0.000000 0.000000 0.181979 0.000000 0.000000 0.181979 0.000000 0.000000 0.181979 0.000000 0.000000 0.181979 0.000000 0.000000