0 0.52131313 0.26226 0.15926626 0.32584 0.471312 0.172000 2.000000 0.472437 0.154000 2.000000 0.466813 0.162000 1.000000 0.490438 0.132000 2.000000 0.302563 0.000000 0.000000 0.514063 0.140000 2.000000 0.501687 0.212000 1.000000 0.525312 0.144000 2.000000 0.302563 0.000000 0.000000 0.528687 0.180000 2.000000 0.302563 0.000000 0.000000 0.570312 0.248000 2.000000 0.563563 0.320000 2.000000 0.506187 0.228000 2.000000 0.490438 0.240000 2.000000 0.517438 0.362000 2.000000 0.479188 0.358000 2.000000
0 0.34550938 0.83748 0.04181625 0.09888 0.302563 0.000000 0.000000 0.302563 0.000000 0.000000 0.302563 0.000000 0.000000 0.302563 0.000000 0.000000 0.302563 0.000000 0.000000 0.302563 0.000000 0.000000 0.302563 0.000000 0.000000 0.302563 0.000000 0.000000 0.302563 0.000000 0.000000 0.302563 0.000000 0.000000 0.302563 0.000000 0.000000 0.302563 0.000000 0.000000 0.302563 0.000000 0.000000 0.302563 0.000000 0.000000 0.302563 0.000000 0.000000 0.302563 0.000000 0.000000 0.302563 0.000000 0.000000
0 0.48117313 0.7319 0.047913752 0.07872 0.302563 0.000000 0.000000 0.302563 0.000000 0.000000 0.302563 0.000000 0.000000 0.302563 0.000000 0.000000 0.302563 0.000000 0.000000 0.302563 0.000000 0.000000 0.302563 0.000000 0.000000 0.302563 0.000000 0.000000 0.302563 0.000000 0.000000 0.302563 0.000000 0.000000 0.302563 0.000000 0.000000 0.302563 0.000000 0.000000 0.302563 0.000000 0.000000 0.302563 0.000000 0.000000 0.302563 0.000000 0.000000 0.302563 0.000000 0.000000 0.302563 0.000000 0.000000
0 0.57725936 0.6635 0.045371253 0.06324 0.302563 0.000000 0.000000 0.302563 0.000000 0.000000 0.302563 0.000000 0.000000 0.302563 0.000000 0.000000 0.302563 0.000000 0.000000 0.302563 0.000000 0.000000 0.302563 0.000000 0.000000 0.302563 0.000000 0.000000 0.302563 0.000000 0.000000 0.302563 0.000000 0.000000 0.302563 0.000000 0.000000 0.302563 0.000000 0.000000 0.302563 0.000000 0.000000 0.302563 0.000000 0.000000 0.302563 0.000000 0.000000 0.302563 0.000000 0.000000 0.302563 0.000000 0.000000
0 0.54225504 0.6805501 0.046800002 0.095180005 0.302563 0.000000 0.000000 0.302563 0.000000 0.000000 0.302563 0.000000 0.000000 0.302563 0.000000 0.000000 0.302563 0.000000 0.000000 0.302563 0.000000 0.000000 0.302563 0.000000 0.000000 0.302563 0.000000 0.000000 0.302563 0.000000 0.000000 0.302563 0.000000 0.000000 0.302563 0.000000 0.000000 0.302563 0.000000 0.000000 0.302563 0.000000 0.000000 0.302563 0.000000 0.000000 0.302563 0.000000 0.000000 0.302563 0.000000 0.000000 0.302563 0.000000 0.000000
0 0.32148498 0.86819 0.037845 0.110300004 0.316062 0.834000 2.000000 0.317187 0.828000 2.000000 0.311563 0.832000 2.000000 0.302563 0.000000 0.000000 0.307063 0.840000 2.000000 0.321688 0.848000 2.000000 0.302563 0.858000 1.000000 0.335187 0.884000 2.000000 0.316062 0.904000 2.000000 0.331812 0.892000 2.000000 0.332938 0.882000 2.000000 0.335187 0.940000 1.000000 0.328437 0.946000 1.000000 0.302563 0.000000 0.000000 0.302563 0.000000 0.000000 0.302563 0.000000 0.000000 0.302563 0.000000 0.000000
0 0.45233375 0.7373301 0.023850001 0.0873 0.302563 0.000000 0.000000 0.302563 0.000000 0.000000 0.302563 0.000000 0.000000 0.302563 0.000000 0.000000 0.302563 0.000000 0.000000 0.302563 0.000000 0.000000 0.302563 0.000000 0.000000 0.302563 0.000000 0.000000 0.302563 0.000000 0.000000 0.302563 0.000000 0.000000 0.302563 0.000000 0.000000 0.302563 0.000000 0.000000 0.302563 0.000000 0.000000 0.302563 0.000000 0.000000 0.302563 0.000000 0.000000 0.302563 0.000000 0.000000 0.302563 0.000000 0.000000
0 0.6850681 0.59441996 0.024738751 0.13864 0.302563 0.000000 0.000000 0.302563 0.000000 0.000000 0.302563 0.000000 0.000000 0.302563 0.000000 0.000000 0.302563 0.000000 0.000000 0.302563 0.000000 0.000000 0.302563 0.000000 0.000000 0.302563 0.000000 0.000000 0.302563 0.000000 0.000000 0.302563 0.000000 0.000000 0.302563 0.000000 0.000000 0.302563 0.000000 0.000000 0.302563 0.000000 0.000000 0.302563 0.000000 0.000000 0.302563 0.000000 0.000000 0.302563 0.000000 0.000000 0.302563 0.000000 0.000000
0 0.6150988 0.6273 0.0531 0.07496 0.302563 0.000000 0.000000 0.302563 0.000000 0.000000 0.302563 0.000000 0.000000 0.302563 0.000000 0.000000 0.302563 0.000000 0.000000 0.302563 0.000000 0.000000 0.302563 0.000000 0.000000 0.302563 0.000000 0.000000 0.302563 0.000000 0.000000 0.302563 0.000000 0.000000 0.302563 0.000000 0.000000 0.302563 0.000000 0.000000 0.302563 0.000000 0.000000 0.302563 0.000000 0.000000 0.302563 0.000000 0.000000 0.302563 0.000000 0.000000 0.302563 0.000000 0.000000
0 0.5924976 0.63832 0.03213 0.0784 0.302563 0.000000 0.000000 0.302563 0.000000 0.000000 0.302563 0.000000 0.000000 0.302563 0.000000 0.000000 0.302563 0.000000 0.000000 0.302563 0.000000 0.000000 0.302563 0.000000 0.000000 0.302563 0.000000 0.000000 0.302563 0.000000 0.000000 0.302563 0.000000 0.000000 0.302563 0.000000 0.000000 0.302563 0.000000 0.000000 0.302563 0.000000 0.000000 0.302563 0.000000 0.000000 0.302563 0.000000 0.000000 0.302563 0.000000 0.000000 0.302563 0.000000 0.000000
0 0.554855 0.6537601 0.0259425 0.04848 0.302563 0.000000 0.000000 0.302563 0.000000 0.000000 0.302563 0.000000 0.000000 0.302563 0.000000 0.000000 0.302563 0.000000 0.000000 0.302563 0.000000 0.000000 0.302563 0.000000 0.000000 0.302563 0.000000 0.000000 0.302563 0.000000 0.000000 0.302563 0.000000 0.000000 0.302563 0.000000 0.000000 0.302563 0.000000 0.000000 0.302563 0.000000 0.000000 0.302563 0.000000 0.000000 0.302563 0.000000 0.000000 0.302563 0.000000 0.000000 0.302563 0.000000 0.000000
0 0.43464878 0.76684004 0.027742501 0.06752 0.302563 0.000000 0.000000 0.302563 0.000000 0.000000 0.302563 0.000000 0.000000 0.302563 0.000000 0.000000 0.302563 0.000000 0.000000 0.302563 0.000000 0.000000 0.302563 0.000000 0.000000 0.302563 0.000000 0.000000 0.302563 0.000000 0.000000 0.302563 0.000000 0.000000 0.302563 0.000000 0.000000 0.302563 0.000000 0.000000 0.302563 0.000000 0.000000 0.302563 0.000000 0.000000 0.302563 0.000000 0.000000 0.302563 0.000000 0.000000 0.302563 0.000000 0.000000