0 0.32724804 0.6022396 0.15420702 0.7505625 0.125000 0.000000 0.000000 0.125000 0.000000 0.000000 0.125000 0.000000 0.000000 0.125000 0.000000 0.000000 0.125000 0.000000 0.000000 0.287891 0.366667 2.000000 0.357031 0.368750 2.000000 0.262109 0.487500 2.000000 0.374609 0.500000 2.000000 0.291406 0.481250 2.000000 0.387500 0.597917 2.000000 0.293750 0.604167 2.000000 0.346484 0.602083 2.000000 0.300781 0.783333 2.000000 0.342969 0.747917 2.000000 0.305469 0.929167 2.000000 0.333594 0.891667 2.000000
0 0.1957578 0.38539585 0.0425625 0.22766668 0.125000 0.000000 0.000000 0.125000 0.000000 0.000000 0.125000 0.000000 0.000000 0.191797 0.289583 1.000000 0.203516 0.293750 2.000000 0.182422 0.312500 2.000000 0.208203 0.316667 2.000000 0.176563 0.339583 1.000000 0.211719 0.347917 2.000000 0.125000 0.000000 0.000000 0.210547 0.381250 2.000000 0.189453 0.389583 2.000000 0.201172 0.385417 2.000000 0.189453 0.431250 2.000000 0.196484 0.441667 2.000000 0.194141 0.475000 2.000000 0.191797 0.483333 2.000000
0 0.25049022 0.4161563 0.04276172 0.30427086 0.125000 0.000000 0.000000 0.125000 0.000000 0.000000 0.125000 0.000000 0.000000 0.250391 0.291667 1.000000 0.269141 0.293750 2.000000 0.244531 0.331250 2.000000 0.275000 0.327083 1.000000 0.238672 0.375000 2.000000 0.125000 0.000000 0.000000 0.125000 0.000000 0.000000 0.125000 0.000000 0.000000 0.250391 0.408333 2.000000 0.272656 0.410417 1.000000 0.248047 0.481250 2.000000 0.125000 0.000000 0.000000 0.250391 0.550000 2.000000 0.125000 0.000000 0.000000
0 0.2712969 0.36616668 0.035273436 0.17645833 0.125000 0.000000 0.000000 0.125000 0.000000 0.000000 0.125000 0.000000 0.000000 0.125000 0.000000 0.000000 0.125000 0.000000 0.000000 0.125000 0.000000 0.000000 0.125000 0.000000 0.000000 0.125000 0.000000 0.000000 0.125000 0.000000 0.000000 0.125000 0.000000 0.000000 0.125000 0.000000 0.000000 0.125000 0.000000 0.000000 0.125000 0.000000 0.000000 0.125000 0.000000 0.000000 0.125000 0.000000 0.000000 0.125000 0.000000 0.000000 0.125000 0.000000 0.000000
0 0.4017031 0.41126043 0.024210937 0.34577084 0.125000 0.000000 0.000000 0.125000 0.000000 0.000000 0.125000 0.000000 0.000000 0.396875 0.268750 2.000000 0.125000 0.000000 0.000000 0.407422 0.304167 2.000000 0.398047 0.304167 1.000000 0.125000 0.000000 0.000000 0.125000 0.000000 0.000000 0.125000 0.000000 0.000000 0.125000 0.000000 0.000000 0.408594 0.400000 2.000000 0.399219 0.397917 2.000000 0.125000 0.000000 0.000000 0.125000 0.000000 0.000000 0.125000 0.000000 0.000000 0.125000 0.000000 0.000000
0 0.62935156 0.6966354 0.16685157 0.58427083 0.125000 0.000000 0.000000 0.125000 0.000000 0.000000 0.125000 0.000000 0.000000 0.125000 0.000000 0.000000 0.125000 0.000000 0.000000 0.689844 0.556250 2.000000 0.631250 0.541667 2.000000 0.678125 0.706250 2.000000 0.606641 0.681250 2.000000 0.626562 0.666667 2.000000 0.603125 0.618750 2.000000 0.645312 0.816667 1.000000 0.617188 0.777083 2.000000 0.563281 0.950000 2.000000 0.125000 0.000000 0.000000 0.125000 0.000000 0.000000 0.125000 0.000000 0.000000
0 0.22861719 0.37710416 0.026085937 0.16149999 0.125000 0.000000 0.000000 0.125000 0.000000 0.000000 0.125000 0.000000 0.000000 0.125000 0.000000 0.000000 0.125000 0.000000 0.000000 0.125000 0.000000 0.000000 0.125000 0.000000 0.000000 0.125000 0.000000 0.000000 0.125000 0.000000 0.000000 0.125000 0.000000 0.000000 0.125000 0.000000 0.000000 0.125000 0.000000 0.000000 0.125000 0.000000 0.000000 0.125000 0.000000 0.000000 0.125000 0.000000 0.000000 0.125000 0.000000 0.000000 0.125000 0.000000 0.000000
0 0.13146289 0.31848955 0.012808594 0.039270837 0.125000 0.000000 0.000000 0.125000 0.000000 0.000000 0.125000 0.000000 0.000000 0.125000 0.000000 0.000000 0.125000 0.000000 0.000000 0.125000 0.000000 0.000000 0.125000 0.000000 0.000000 0.125000 0.000000 0.000000 0.125000 0.000000 0.000000 0.125000 0.000000 0.000000 0.125000 0.000000 0.000000 0.125000 0.000000 0.000000 0.125000 0.000000 0.000000 0.125000 0.000000 0.000000 0.125000 0.000000 0.000000 0.125000 0.000000 0.000000 0.125000 0.000000 0.000000
0 0.8204434 0.5846979 0.10911328 0.5830625 0.125000 0.000000 0.000000 0.125000 0.000000 0.000000 0.125000 0.000000 0.000000 0.125000 0.000000 0.000000 0.125000 0.000000 0.000000 0.864453 0.537500 2.000000 0.811719 0.520833 2.000000 0.125000 0.000000 0.000000 0.822266 0.731250 2.000000 0.125000 0.000000 0.000000 0.866797 0.691667 2.000000 0.836328 0.750000 2.000000 0.801172 0.737500 2.000000 0.125000 0.000000 0.000000 0.125000 0.000000 0.000000 0.125000 0.000000 0.000000 0.125000 0.000000 0.000000
0 0.13342577 0.5642604 0.016851563 0.25572917 0.125000 0.000000 0.000000 0.125000 0.000000 0.000000 0.125000 0.000000 0.000000 0.125000 0.000000 0.000000 0.125000 0.000000 0.000000 0.125000 0.000000 0.000000 0.125000 0.000000 0.000000 0.125000 0.000000 0.000000 0.128516 0.543750 2.000000 0.125000 0.000000 0.000000 0.132031 0.639583 2.000000 0.125000 0.000000 0.000000 0.125000 0.000000 0.000000 0.125000 0.000000 0.000000 0.125000 0.000000 0.000000 0.125000 0.000000 0.000000 0.125000 0.000000 0.000000
0 0.15758985 0.42179167 0.051867187 0.325125 0.125000 0.000000 0.000000 0.148438 0.279167 2.000000 0.125000 0.000000 0.000000 0.154297 0.285417 2.000000 0.125000 0.000000 0.000000 0.151953 0.329167 2.000000 0.171875 0.329167 2.000000 0.141406 0.383333 2.000000 0.125000 0.000000 0.000000 0.134375 0.418750 1.000000 0.125000 0.000000 0.000000 0.147266 0.420833 2.000000 0.167187 0.422917 2.000000 0.146094 0.483333 2.000000 0.163672 0.489583 2.000000 0.151953 0.564583 2.000000 0.164844 0.547917 2.000000
0 0.38960353 0.4394375 0.029261718 0.18291667 0.125000 0.000000 0.000000 0.125000 0.000000 0.000000 0.395703 0.368750 2.000000 0.125000 0.000000 0.000000 0.391016 0.375000 2.000000 0.379297 0.402083 2.000000 0.394531 0.402083 2.000000 0.125000 0.000000 0.000000 0.125000 0.000000 0.000000 0.125000 0.000000 0.000000 0.125000 0.000000 0.000000 0.383984 0.472917 2.000000 0.395703 0.477083 2.000000 0.125000 0.000000 0.000000 0.125000 0.000000 0.000000 0.125000 0.000000 0.000000 0.125000 0.000000 0.000000
0 0.13808985 0.37782294 0.026179688 0.1994375 0.125000 0.000000 0.000000 0.125000 0.000000 0.000000 0.125000 0.000000 0.000000 0.125000 0.000000 0.000000 0.125000 0.000000 0.000000 0.125000 0.000000 0.000000 0.125000 0.000000 0.000000 0.125000 0.000000 0.000000 0.125000 0.000000 0.000000 0.125000 0.000000 0.000000 0.125000 0.000000 0.000000 0.125000 0.000000 0.000000 0.125000 0.000000 0.000000 0.125000 0.000000 0.000000 0.125000 0.000000 0.000000 0.125000 0.000000 0.000000 0.125000 0.000000 0.000000