0 0.524104 0.47294533 0.13156348 0.55776566 0.249072 0.000000 0.000000 0.249072 0.000000 0.000000 0.249072 0.000000 0.000000 0.249072 0.000000 0.000000 0.249072 0.000000 0.000000 0.535596 0.421875 2.000000 0.518018 0.346875 2.000000 0.519775 0.479688 2.000000 0.496924 0.293750 2.000000 0.483740 0.459375 2.000000 0.476709 0.229687 2.000000 0.538232 0.490625 2.000000 0.550537 0.443750 2.000000 0.530322 0.600000 2.000000 0.558447 0.573438 2.000000 0.549658 0.710938 2.000000 0.570752 0.687500 2.000000
0 0.33077976 0.1816875 0.06615527 0.15075001 0.337842 0.135937 2.000000 0.342236 0.132812 2.000000 0.337842 0.129688 2.000000 0.350146 0.140625 2.000000 0.249072 0.000000 0.000000 0.351025 0.164062 2.000000 0.325537 0.154687 2.000000 0.354541 0.193750 2.000000 0.300049 0.160938 2.000000 0.336963 0.151562 2.000000 0.312354 0.146875 2.000000 0.337842 0.248437 1.000000 0.318506 0.237500 1.000000 0.249072 0.000000 0.000000 0.249072 0.000000 0.000000 0.249072 0.000000 0.000000 0.249072 0.000000 0.000000
0 0.48940477 0.11738281 0.0433916 0.14517188 0.484619 0.075000 2.000000 0.487256 0.071875 2.000000 0.481982 0.070312 2.000000 0.495166 0.076563 2.000000 0.478467 0.070312 2.000000 0.497803 0.104687 2.000000 0.472314 0.103125 1.000000 0.505713 0.137500 2.000000 0.458252 0.156250 1.000000 0.503955 0.173438 2.000000 0.471436 0.168750 1.000000 0.493408 0.176563 1.000000 0.470557 0.175000 1.000000 0.249072 0.000000 0.000000 0.249072 0.000000 0.000000 0.249072 0.000000 0.000000 0.249072 0.000000 0.000000
0 0.6187841 0.08620312 0.04373437 0.17240624 0.616455 0.031250 2.000000 0.619971 0.023438 2.000000 0.614697 0.023438 2.000000 0.626123 0.025000 2.000000 0.249072 0.000000 0.000000 0.634033 0.057813 2.000000 0.603271 0.054688 2.000000 0.633154 0.096875 2.000000 0.604150 0.096875 2.000000 0.623486 0.120312 2.000000 0.612939 0.121875 2.000000 0.625244 0.120312 1.000000 0.611182 0.120312 2.000000 0.249072 0.000000 0.000000 0.606787 0.132812 1.000000 0.249072 0.000000 0.000000 0.249072 0.000000 0.000000
0 0.68127 0.24292187 0.044885743 0.0768125 0.674463 0.231250 2.000000 0.678857 0.226562 2.000000 0.674463 0.226562 2.000000 0.685010 0.232812 1.000000 0.670068 0.232812 1.000000 0.695557 0.259375 2.000000 0.664795 0.259375 2.000000 0.701709 0.307813 1.000000 0.662158 0.304688 1.000000 0.249072 0.000000 0.000000 0.249072 0.000000 0.000000 0.249072 0.000000 0.000000 0.249072 0.000000 0.000000 0.249072 0.000000 0.000000 0.249072 0.000000 0.000000 0.249072 0.000000 0.000000 0.249072 0.000000 0.000000
0 0.63021874 0.22910157 0.05324414 0.097234376 0.623486 0.210938 2.000000 0.627881 0.206250 2.000000 0.622607 0.206250 2.000000 0.637549 0.210938 2.000000 0.249072 0.000000 0.000000 0.647217 0.246875 2.000000 0.607666 0.242188 2.000000 0.249072 0.000000 0.000000 0.249072 0.000000 0.000000 0.249072 0.000000 0.000000 0.249072 0.000000 0.000000 0.249072 0.000000 0.000000 0.249072 0.000000 0.000000 0.249072 0.000000 0.000000 0.249072 0.000000 0.000000 0.249072 0.000000 0.000000 0.249072 0.000000 0.000000
0 0.5752564 0.21884376 0.052268557 0.107593745 0.568994 0.193750 2.000000 0.574268 0.189063 2.000000 0.566357 0.189063 2.000000 0.577783 0.189063 2.000000 0.564600 0.189063 2.000000 0.587451 0.228125 2.000000 0.556689 0.231250 2.000000 0.598877 0.259375 2.000000 0.552295 0.281250 1.000000 0.592725 0.290625 1.000000 0.249072 0.000000 0.000000 0.583936 0.298438 1.000000 0.561084 0.296875 1.000000 0.249072 0.000000 0.000000 0.249072 0.000000 0.000000 0.249072 0.000000 0.000000 0.249072 0.000000 0.000000
0 0.5263892 0.19175783 0.050282225 0.12870312 0.514502 0.160938 2.000000 0.518018 0.157813 2.000000 0.514502 0.156250 2.000000 0.527686 0.162500 2.000000 0.249072 0.000000 0.000000 0.539111 0.184375 2.000000 0.510986 0.187500 2.000000 0.542627 0.229687 2.000000 0.510107 0.232812 2.000000 0.249072 0.000000 0.000000 0.249072 0.000000 0.000000 0.535596 0.254687 1.000000 0.515381 0.253125 1.000000 0.249072 0.000000 0.000000 0.249072 0.000000 0.000000 0.249072 0.000000 0.000000 0.249072 0.000000 0.000000
0 0.48041356 0.18185157 0.05682129 0.13770312 0.474072 0.139062 2.000000 0.477588 0.135937 2.000000 0.472314 0.134375 2.000000 0.484619 0.139062 2.000000 0.249072 0.000000 0.000000 0.495166 0.176563 2.000000 0.461768 0.173438 2.000000 0.501318 0.220313 2.000000 0.458252 0.225000 2.000000 0.484619 0.242188 1.000000 0.471436 0.251563 1.000000 0.488135 0.253125 1.000000 0.466162 0.250000 1.000000 0.249072 0.000000 0.000000 0.249072 0.000000 0.000000 0.249072 0.000000 0.000000 0.249072 0.000000 0.000000
0 0.42523146 0.18689844 0.05484375 0.16135937 0.415186 0.135937 2.000000 0.419580 0.131250 2.000000 0.414307 0.129688 2.000000 0.430127 0.134375 2.000000 0.249072 0.000000 0.000000 0.443311 0.160938 2.000000 0.409912 0.160938 2.000000 0.445947 0.200000 2.000000 0.406396 0.189063 2.000000 0.418701 0.200000 2.000000 0.429248 0.168750 2.000000 0.435400 0.235938 2.000000 0.410791 0.234375 2.000000 0.249072 0.000000 0.000000 0.249072 0.000000 0.000000 0.249072 0.000000 0.000000 0.249072 0.000000 0.000000
0 0.27186233 0.17571874 0.045580078 0.12540625 0.266650 0.150000 2.000000 0.270166 0.146875 2.000000 0.264014 0.146875 2.000000 0.278076 0.146875 2.000000 0.249072 0.000000 0.000000 0.285986 0.173438 2.000000 0.259619 0.171875 2.000000 0.290381 0.218750 2.000000 0.252588 0.210938 2.000000 0.276318 0.226562 2.000000 0.258740 0.228125 2.000000 0.278076 0.243750 1.000000 0.263135 0.242188 1.000000 0.249072 0.000000 0.000000 0.249072 0.000000 0.000000 0.249072 0.000000 0.000000 0.249072 0.000000 0.000000
0 0.5300542 0.124843754 0.047487304 0.16246876 0.524170 0.085938 2.000000 0.527686 0.078125 2.000000 0.522412 0.076563 2.000000 0.532959 0.081250 2.000000 0.519775 0.076563 2.000000 0.542627 0.106250 2.000000 0.511865 0.104687 2.000000 0.547900 0.157813 2.000000 0.249072 0.000000 0.000000 0.249072 0.000000 0.000000 0.249072 0.000000 0.000000 0.534717 0.175000 1.000000 0.522412 0.173438 1.000000 0.249072 0.000000 0.000000 0.249072 0.000000 0.000000 0.249072 0.000000 0.000000 0.249072 0.000000 0.000000
0 0.3737583 0.18996094 0.051723633 0.15454687 0.387061 0.140625 2.000000 0.249072 0.000000 0.000000 0.384424 0.137500 2.000000 0.249072 0.000000 0.000000 0.373877 0.139062 2.000000 0.393213 0.176563 2.000000 0.361572 0.178125 2.000000 0.392334 0.229687 2.000000 0.358057 0.226562 2.000000 0.389697 0.218750 2.000000 0.249072 0.000000 0.000000 0.383545 0.246875 2.000000 0.364209 0.246875 2.000000 0.249072 0.000000 0.000000 0.249072 0.000000 0.000000 0.249072 0.000000 0.000000 0.249072 0.000000 0.000000
0 0.5325195 0.134375 0.3629883 0.26875 0.249072 0.000000 0.000000 0.249072 0.000000 0.000000 0.249072 0.000000 0.000000 0.249072 0.000000 0.000000 0.249072 0.000000 0.000000 0.249072 0.000000 0.000000 0.249072 0.000000 0.000000 0.249072 0.000000 0.000000 0.249072 0.000000 0.000000 0.249072 0.000000 0.000000 0.249072 0.000000 0.000000 0.249072 0.000000 0.000000 0.249072 0.000000 0.000000 0.249072 0.000000 0.000000 0.249072 0.000000 0.000000 0.249072 0.000000 0.000000 0.249072 0.000000 0.000000