0 0.47358608 0.1602463 0.046676412 0.10004926 0.056650 0.000000 0.000000 0.056650 0.000000 0.000000 0.056650 0.000000 0.000000 0.056650 0.000000 0.000000 0.056650 0.000000 0.000000 0.056650 0.000000 0.000000 0.056650 0.000000 0.000000 0.056650 0.000000 0.000000 0.056650 0.000000 0.000000 0.056650 0.000000 0.000000 0.056650 0.000000 0.000000 0.056650 0.000000 0.000000 0.056650 0.000000 0.000000 0.056650 0.000000 0.000000 0.056650 0.000000 0.000000 0.056650 0.000000 0.000000 0.056650 0.000000 0.000000
0 0.1800331 0.6375123 0.0072737066 0.03369458 0.056650 0.000000 0.000000 0.056650 0.000000 0.000000 0.056650 0.000000 0.000000 0.056650 0.000000 0.000000 0.056650 0.000000 0.000000 0.056650 0.000000 0.000000 0.056650 0.000000 0.000000 0.056650 0.000000 0.000000 0.056650 0.000000 0.000000 0.056650 0.000000 0.000000 0.056650 0.000000 0.000000 0.056650 0.000000 0.000000 0.056650 0.000000 0.000000 0.056650 0.000000 0.000000 0.056650 0.000000 0.000000 0.056650 0.000000 0.000000 0.056650 0.000000 0.000000
0 0.60717976 0.06919951 0.056527093 0.08362069 0.056650 0.000000 0.000000 0.056650 0.000000 0.000000 0.056650 0.000000 0.000000 0.056650 0.000000 0.000000 0.056650 0.000000 0.000000 0.056650 0.000000 0.000000 0.056650 0.000000 0.000000 0.056650 0.000000 0.000000 0.056650 0.000000 0.000000 0.056650 0.000000 0.000000 0.056650 0.000000 0.000000 0.056650 0.000000 0.000000 0.056650 0.000000 0.000000 0.056650 0.000000 0.000000 0.056650 0.000000 0.000000 0.056650 0.000000 0.000000 0.056650 0.000000 0.000000
0 0.51754695 0.09102216 0.021211514 0.04480296 0.056650 0.000000 0.000000 0.056650 0.000000 0.000000 0.056650 0.000000 0.000000 0.056650 0.000000 0.000000 0.056650 0.000000 0.000000 0.056650 0.000000 0.000000 0.056650 0.000000 0.000000 0.056650 0.000000 0.000000 0.056650 0.000000 0.000000 0.056650 0.000000 0.000000 0.056650 0.000000 0.000000 0.056650 0.000000 0.000000 0.056650 0.000000 0.000000 0.056650 0.000000 0.000000 0.056650 0.000000 0.000000 0.056650 0.000000 0.000000 0.056650 0.000000 0.000000
0 0.43443272 0.23552957 0.022846367 0.056182265 0.056650 0.000000 0.000000 0.056650 0.000000 0.000000 0.056650 0.000000 0.000000 0.056650 0.000000 0.000000 0.056650 0.000000 0.000000 0.056650 0.000000 0.000000 0.056650 0.000000 0.000000 0.056650 0.000000 0.000000 0.056650 0.000000 0.000000 0.056650 0.000000 0.000000 0.056650 0.000000 0.000000 0.056650 0.000000 0.000000 0.056650 0.000000 0.000000 0.056650 0.000000 0.000000 0.056650 0.000000 0.000000 0.056650 0.000000 0.000000 0.056650 0.000000 0.000000
0 0.41669878 0.2669458 0.025090825 0.06788178 0.056650 0.000000 0.000000 0.056650 0.000000 0.000000 0.056650 0.000000 0.000000 0.056650 0.000000 0.000000 0.056650 0.000000 0.000000 0.056650 0.000000 0.000000 0.056650 0.000000 0.000000 0.056650 0.000000 0.000000 0.056650 0.000000 0.000000 0.056650 0.000000 0.000000 0.056650 0.000000 0.000000 0.056650 0.000000 0.000000 0.056650 0.000000 0.000000 0.056650 0.000000 0.000000 0.056650 0.000000 0.000000 0.056650 0.000000 0.000000 0.056650 0.000000 0.000000
0 0.676093 0.10247537 0.06943966 0.086428575 0.056650 0.000000 0.000000 0.056650 0.000000 0.000000 0.056650 0.000000 0.000000 0.056650 0.000000 0.000000 0.056650 0.000000 0.000000 0.056650 0.000000 0.000000 0.056650 0.000000 0.000000 0.056650 0.000000 0.000000 0.056650 0.000000 0.000000 0.056650 0.000000 0.000000 0.056650 0.000000 0.000000 0.056650 0.000000 0.000000 0.056650 0.000000 0.000000 0.056650 0.000000 0.000000 0.056650 0.000000 0.000000 0.056650 0.000000 0.000000 0.056650 0.000000 0.000000
0 0.44064656 0.24822661 0.04990456 0.08827586 0.056650 0.000000 0.000000 0.056650 0.000000 0.000000 0.056650 0.000000 0.000000 0.056650 0.000000 0.000000 0.056650 0.000000 0.000000 0.056650 0.000000 0.000000 0.056650 0.000000 0.000000 0.056650 0.000000 0.000000 0.056650 0.000000 0.000000 0.056650 0.000000 0.000000 0.056650 0.000000 0.000000 0.056650 0.000000 0.000000 0.056650 0.000000 0.000000 0.056650 0.000000 0.000000 0.056650 0.000000 0.000000 0.056650 0.000000 0.000000 0.056650 0.000000 0.000000
0 0.40532407 0.2958497 0.03534329 0.056773398 0.056650 0.000000 0.000000 0.056650 0.000000 0.000000 0.056650 0.000000 0.000000 0.056650 0.000000 0.000000 0.056650 0.000000 0.000000 0.056650 0.000000 0.000000 0.056650 0.000000 0.000000 0.056650 0.000000 0.000000 0.056650 0.000000 0.000000 0.056650 0.000000 0.000000 0.056650 0.000000 0.000000 0.056650 0.000000 0.000000 0.056650 0.000000 0.000000 0.056650 0.000000 0.000000 0.056650 0.000000 0.000000 0.056650 0.000000 0.000000 0.056650 0.000000 0.000000
0 0.56494385 0.14020936 0.057039715 0.14440887 0.056650 0.000000 0.000000 0.056650 0.000000 0.000000 0.056650 0.000000 0.000000 0.056650 0.000000 0.000000 0.056650 0.000000 0.000000 0.056650 0.000000 0.000000 0.056650 0.000000 0.000000 0.056650 0.000000 0.000000 0.056650 0.000000 0.000000 0.056650 0.000000 0.000000 0.056650 0.000000 0.000000 0.056650 0.000000 0.000000 0.056650 0.000000 0.000000 0.056650 0.000000 0.000000 0.056650 0.000000 0.000000 0.056650 0.000000 0.000000 0.056650 0.000000 0.000000
0 0.62264854 0.5743842 0.07546644 0.15896553 0.602525 0.524631 2.000000 0.605296 0.517241 2.000000 0.598368 0.517241 2.000000 0.056650 0.000000 0.000000 0.585899 0.522168 2.000000 0.606681 0.561576 2.000000 0.572044 0.556650 1.000000 0.621921 0.598522 2.000000 0.572044 0.615764 1.000000 0.639932 0.635468 2.000000 0.591441 0.593596 2.000000 0.056650 0.000000 0.000000 0.056650 0.000000 0.000000 0.056650 0.000000 0.000000 0.056650 0.000000 0.000000 0.056650 0.000000 0.000000 0.056650 0.000000 0.000000
0 0.20227678 0.6603203 0.010335592 0.06660099 0.056650 0.000000 0.000000 0.056650 0.000000 0.000000 0.056650 0.000000 0.000000 0.056650 0.000000 0.000000 0.056650 0.000000 0.000000 0.056650 0.000000 0.000000 0.056650 0.000000 0.000000 0.056650 0.000000 0.000000 0.056650 0.000000 0.000000 0.056650 0.000000 0.000000 0.056650 0.000000 0.000000 0.056650 0.000000 0.000000 0.056650 0.000000 0.000000 0.056650 0.000000 0.000000 0.056650 0.000000 0.000000 0.056650 0.000000 0.000000 0.056650 0.000000 0.000000
0 0.36477834 0.41413796 0.011942734 0.07679803 0.056650 0.000000 0.000000 0.056650 0.000000 0.000000 0.056650 0.000000 0.000000 0.056650 0.000000 0.000000 0.056650 0.000000 0.000000 0.056650 0.000000 0.000000 0.056650 0.000000 0.000000 0.056650 0.000000 0.000000 0.056650 0.000000 0.000000 0.056650 0.000000 0.000000 0.056650 0.000000 0.000000 0.056650 0.000000 0.000000 0.056650 0.000000 0.000000 0.056650 0.000000 0.000000 0.056650 0.000000 0.000000 0.056650 0.000000 0.000000 0.056650 0.000000 0.000000
0 0.3870844 0.3583744 0.026323892 0.051724136 0.056650 0.000000 0.000000 0.056650 0.000000 0.000000 0.056650 0.000000 0.000000 0.056650 0.000000 0.000000 0.056650 0.000000 0.000000 0.056650 0.000000 0.000000 0.056650 0.000000 0.000000 0.056650 0.000000 0.000000 0.056650 0.000000 0.000000 0.056650 0.000000 0.000000 0.056650 0.000000 0.000000 0.056650 0.000000 0.000000 0.056650 0.000000 0.000000 0.056650 0.000000 0.000000 0.056650 0.000000 0.000000 0.056650 0.000000 0.000000 0.056650 0.000000 0.000000