0 0.16412967 0.72065425 0.16938086 0.5258412 0.079439 0.000000 0.000000 0.079439 0.000000 0.000000 0.079439 0.000000 0.000000 0.079439 0.000000 0.000000 0.178008 0.724299 2.000000 0.079439 0.000000 0.000000 0.095210 0.971963 2.000000 0.079439 0.000000 0.000000 0.079439 0.000000 0.000000 0.079439 0.000000 0.000000 0.218750 0.941589 2.000000 0.079439 0.000000 0.000000 0.079439 0.000000 0.000000 0.079439 0.000000 0.000000 0.079439 0.000000 0.000000 0.079439 0.000000 0.000000 0.079439 0.000000 0.000000
0 0.303677 0.6689252 0.15962909 0.55855143 0.079439 0.000000 0.000000 0.079439 0.000000 0.000000 0.079439 0.000000 0.000000 0.079439 0.000000 0.000000 0.079439 0.000000 0.000000 0.272634 0.518692 2.000000 0.268692 0.563084 2.000000 0.339661 0.651869 2.000000 0.314690 0.698598 2.000000 0.348861 0.579439 2.000000 0.347547 0.560748 2.000000 0.079439 0.000000 0.000000 0.242407 0.871495 2.000000 0.079439 0.000000 0.000000 0.079439 0.000000 0.000000 0.079439 0.000000 0.000000 0.079439 0.000000 0.000000
0 0.39860544 0.36629677 0.1125 0.23820095 0.392231 0.315421 2.000000 0.396174 0.303738 2.000000 0.381717 0.303738 2.000000 0.079439 0.000000 0.000000 0.362004 0.306075 2.000000 0.400117 0.350467 2.000000 0.348861 0.392523 2.000000 0.419831 0.464953 1.000000 0.392231 0.478972 2.000000 0.429030 0.392523 2.000000 0.419831 0.392523 2.000000 0.079439 0.000000 0.000000 0.079439 0.000000 0.000000 0.079439 0.000000 0.000000 0.079439 0.000000 0.000000 0.079439 0.000000 0.000000 0.079439 0.000000 0.000000
0 0.67747664 0.5482009 0.14490946 0.44588783 0.635368 0.446262 2.000000 0.636682 0.427570 2.000000 0.079439 0.000000 0.000000 0.660339 0.441589 2.000000 0.079439 0.000000 0.000000 0.710280 0.532710 2.000000 0.712909 0.432243 2.000000 0.640625 0.761682 1.000000 0.647196 0.579439 2.000000 0.637996 0.656542 2.000000 0.639311 0.700935 2.000000 0.079439 0.000000 0.000000 0.079439 0.000000 0.000000 0.079439 0.000000 0.000000 0.079439 0.000000 0.000000 0.079439 0.000000 0.000000 0.079439 0.000000 0.000000
0 0.8065297 0.5201753 0.18287821 0.215257 0.723423 0.609813 1.000000 0.736565 0.588785 2.000000 0.079439 0.000000 0.000000 0.787821 0.586449 1.000000 0.079439 0.000000 0.000000 0.079439 0.000000 0.000000 0.079439 0.000000 0.000000 0.079439 0.000000 0.000000 0.079439 0.000000 0.000000 0.079439 0.000000 0.000000 0.079439 0.000000 0.000000 0.079439 0.000000 0.000000 0.079439 0.000000 0.000000 0.079439 0.000000 0.000000 0.079439 0.000000 0.000000 0.079439 0.000000 0.000000 0.079439 0.000000 0.000000
0 0.6940296 0.77977806 0.45306224 0.4134813 0.736565 0.820093 2.000000 0.741822 0.799065 2.000000 0.079439 0.000000 0.000000 0.814106 0.855140 2.000000 0.079439 0.000000 0.000000 0.079439 0.000000 0.000000 0.795707 0.862150 2.000000 0.079439 0.000000 0.000000 0.662967 0.838785 2.000000 0.079439 0.000000 0.000000 0.524971 0.869159 2.000000 0.079439 0.000000 0.000000 0.079439 0.000000 0.000000 0.079439 0.000000 0.000000 0.079439 0.000000 0.000000 0.079439 0.000000 0.000000 0.079439 0.000000 0.000000
0 0.60790664 0.41181076 0.09873977 0.27245328 0.589369 0.348131 2.000000 0.598569 0.336449 2.000000 0.079439 0.000000 0.000000 0.624854 0.355140 2.000000 0.079439 0.000000 0.000000 0.628797 0.422897 2.000000 0.611711 0.404206 2.000000 0.606454 0.530374 1.000000 0.586741 0.488318 2.000000 0.582798 0.439252 2.000000 0.582798 0.432243 2.000000 0.079439 0.000000 0.000000 0.079439 0.000000 0.000000 0.079439 0.000000 0.000000 0.079439 0.000000 0.000000 0.079439 0.000000 0.000000 0.079439 0.000000 0.000000
0 0.28990364 0.3816589 0.12261975 0.22471963 0.317319 0.352804 2.000000 0.079439 0.000000 0.000000 0.312062 0.341121 2.000000 0.079439 0.000000 0.000000 0.289720 0.378505 2.000000 0.079439 0.000000 0.000000 0.272634 0.464953 1.000000 0.079439 0.000000 0.000000 0.079439 0.000000 0.000000 0.079439 0.000000 0.000000 0.079439 0.000000 0.000000 0.079439 0.000000 0.000000 0.079439 0.000000 0.000000 0.079439 0.000000 0.000000 0.079439 0.000000 0.000000 0.079439 0.000000 0.000000 0.079439 0.000000 0.000000
0 0.09986273 0.39579442 0.04047897 0.18775702 0.079439 0.000000 0.000000 0.079439 0.000000 0.000000 0.079439 0.000000 0.000000 0.079439 0.000000 0.000000 0.079439 0.000000 0.000000 0.088639 0.324766 2.000000 0.079439 0.000000 0.000000 0.108353 0.408879 2.000000 0.079439 0.000000 0.000000 0.091268 0.485981 2.000000 0.079439 0.000000 0.000000 0.079439 0.000000 0.000000 0.079439 0.000000 0.000000 0.079439 0.000000 0.000000 0.079439 0.000000 0.000000 0.079439 0.000000 0.000000 0.079439 0.000000 0.000000
0 0.6993655 0.35875002 0.1166399 0.17600468 0.079439 0.000000 0.000000 0.079439 0.000000 0.000000 0.079439 0.000000 0.000000 0.079439 0.000000 0.000000 0.079439 0.000000 0.000000 0.748394 0.462617 1.000000 0.685310 0.436916 1.000000 0.079439 0.000000 0.000000 0.079439 0.000000 0.000000 0.079439 0.000000 0.000000 0.079439 0.000000 0.000000 0.079439 0.000000 0.000000 0.079439 0.000000 0.000000 0.079439 0.000000 0.000000 0.079439 0.000000 0.000000 0.079439 0.000000 0.000000 0.079439 0.000000 0.000000
0 0.58148366 0.33108646 0.047102805 0.10081776 0.079439 0.000000 0.000000 0.079439 0.000000 0.000000 0.079439 0.000000 0.000000 0.079439 0.000000 0.000000 0.079439 0.000000 0.000000 0.079439 0.000000 0.000000 0.079439 0.000000 0.000000 0.079439 0.000000 0.000000 0.079439 0.000000 0.000000 0.079439 0.000000 0.000000 0.079439 0.000000 0.000000 0.079439 0.000000 0.000000 0.079439 0.000000 0.000000 0.079439 0.000000 0.000000 0.079439 0.000000 0.000000 0.079439 0.000000 0.000000 0.079439 0.000000 0.000000