0 0.22485928 0.81301326 0.11957781 0.37099338 0.235513 0.705298 2.000000 0.244826 0.695364 2.000000 0.228063 0.692053 2.000000 0.256002 0.701987 2.000000 0.215025 0.695364 2.000000 0.263452 0.754967 2.000000 0.201987 0.761589 2.000000 0.269040 0.841060 2.000000 0.174048 0.837748 2.000000 0.242964 0.894040 2.000000 0.196399 0.874172 2.000000 0.250414 0.880795 2.000000 0.215025 0.880795 2.000000 0.278353 0.874172 2.000000 0.177773 0.890728 2.000000 0.213162 0.956954 2.000000 0.252277 0.956954 2.000000
0 0.36201987 0.80945367 0.13418047 0.35698673 0.365894 0.725166 2.000000 0.371482 0.705298 2.000000 0.358444 0.705298 2.000000 0.384520 0.698675 2.000000 0.341680 0.701987 2.000000 0.397558 0.758278 2.000000 0.328642 0.758278 2.000000 0.423634 0.847682 2.000000 0.302566 0.854305 2.000000 0.412459 0.910596 1.000000 0.315604 0.927152 2.000000 0.391970 0.903974 2.000000 0.343543 0.907285 2.000000 0.418046 0.837748 2.000000 0.321192 0.854305 2.000000 0.364031 0.933775 2.000000 0.382657 0.933775 2.000000
0 0.47613102 0.78764904 0.122613825 0.33483446 0.477649 0.705298 2.000000 0.486962 0.692053 2.000000 0.470199 0.695364 2.000000 0.498137 0.688742 2.000000 0.457161 0.688742 2.000000 0.503725 0.735099 2.000000 0.447848 0.735099 2.000000 0.522351 0.814570 2.000000 0.418046 0.801325 1.000000 0.485099 0.824503 2.000000 0.438535 0.817881 2.000000 0.488825 0.910596 2.000000 0.457161 0.910596 2.000000 0.492550 0.788080 2.000000 0.440397 0.781457 2.000000 0.445985 0.910596 2.000000 0.488825 0.900662 2.000000
0 0.5817394 0.7935099 0.13486962 0.31509936 0.581954 0.725166 2.000000 0.591267 0.708609 2.000000 0.576366 0.708609 2.000000 0.604305 0.705298 2.000000 0.565190 0.701987 2.000000 0.619205 0.754967 2.000000 0.554015 0.751656 2.000000 0.637831 0.831126 2.000000 0.531664 0.821192 2.000000 0.602442 0.850993 2.000000 0.554015 0.831126 2.000000 0.600579 0.890728 2.000000 0.555878 0.887417 2.000000 0.632243 0.870861 2.000000 0.522351 0.864238 2.000000 0.568916 0.920530 2.000000 0.587541 0.913907 2.000000
0 0.7036641 0.78650665 0.1175476 0.31460267 0.689983 0.705298 2.000000 0.699296 0.692053 2.000000 0.682533 0.692053 2.000000 0.712334 0.695364 2.000000 0.671358 0.698675 2.000000 0.714197 0.738411 2.000000 0.663907 0.738411 2.000000 0.736548 0.814570 2.000000 0.660182 0.807947 2.000000 0.712334 0.877483 2.000000 0.688121 0.874172 2.000000 0.714197 0.864238 2.000000 0.676945 0.864238 2.000000 0.747724 0.857616 2.000000 0.652732 0.857616 2.000000 0.691846 0.930464 2.000000 0.717922 0.907285 2.000000
0 0.8134914 0.8040563 0.11656044 0.3265894 0.809189 0.725166 2.000000 0.818502 0.708609 2.000000 0.799876 0.708609 2.000000 0.829677 0.711921 2.000000 0.788700 0.708609 2.000000 0.831540 0.741722 2.000000 0.788700 0.735099 2.000000 0.850166 0.834437 2.000000 0.773800 0.821192 2.000000 0.034354 0.000000 0.000000 0.816639 0.824503 2.000000 0.831540 0.880795 1.000000 0.794288 0.880795 2.000000 0.876242 0.827815 1.000000 0.764487 0.814570 2.000000 0.805464 0.923841 2.000000 0.822227 0.933775 2.000000
0 0.8066929 0.57528144 0.07584438 0.30559605 0.805464 0.490066 2.000000 0.812914 0.483444 2.000000 0.796151 0.483444 2.000000 0.822227 0.490066 2.000000 0.784975 0.493378 2.000000 0.831540 0.536424 2.000000 0.775662 0.543046 2.000000 0.829677 0.596026 2.000000 0.777525 0.602649 2.000000 0.820364 0.655629 1.000000 0.794288 0.665563 1.000000 0.034354 0.000000 0.000000 0.034354 0.000000 0.000000 0.034354 0.000000 0.000000 0.034354 0.000000 0.000000 0.034354 0.000000 0.000000 0.034354 0.000000 0.000000
0 0.7143553 0.6302152 0.12358236 0.3879139 0.732823 0.509934 2.000000 0.736548 0.493378 2.000000 0.725373 0.493378 2.000000 0.747724 0.493378 2.000000 0.717922 0.496689 2.000000 0.762624 0.533113 1.000000 0.706747 0.529801 1.000000 0.764487 0.625828 2.000000 0.708609 0.625828 2.000000 0.743998 0.665563 2.000000 0.727235 0.665563 2.000000 0.751449 0.629139 2.000000 0.721647 0.632450 2.000000 0.743998 0.721854 2.000000 0.723510 0.715232 2.000000 0.747724 0.847682 1.000000 0.034354 0.000000 0.000000
0 0.67172074 0.547202 0.071728066 0.23937087 0.671358 0.486755 2.000000 0.678808 0.476821 2.000000 0.665770 0.476821 2.000000 0.686258 0.480132 2.000000 0.652732 0.480132 1.000000 0.697434 0.526490 2.000000 0.649007 0.523179 2.000000 0.697434 0.592715 1.000000 0.647144 0.576159 2.000000 0.678808 0.645695 1.000000 0.652732 0.642384 2.000000 0.034354 0.000000 0.000000 0.034354 0.000000 0.000000 0.034354 0.000000 0.000000 0.034354 0.000000 0.000000 0.034354 0.000000 0.000000 0.034354 0.000000 0.000000
0 0.19566327 0.28609273 0.099108025 0.3539073 0.192674 0.182119 2.000000 0.198262 0.168874 2.000000 0.183361 0.168874 2.000000 0.209437 0.172185 2.000000 0.170323 0.168874 1.000000 0.224338 0.228477 2.000000 0.164735 0.228477 2.000000 0.239238 0.298013 2.000000 0.153560 0.304636 1.000000 0.229925 0.357616 2.000000 0.034354 0.000000 0.000000 0.215025 0.394040 2.000000 0.174048 0.390728 1.000000 0.218750 0.493378 1.000000 0.166598 0.493378 1.000000 0.034354 0.000000 0.000000 0.034354 0.000000 0.000000
0 0.26394558 0.3878808 0.086926736 0.24596027 0.259727 0.334437 2.000000 0.265315 0.324503 2.000000 0.252277 0.324503 2.000000 0.278353 0.327815 2.000000 0.246689 0.327815 2.000000 0.287666 0.397351 2.000000 0.235513 0.394040 2.000000 0.302566 0.480132 2.000000 0.034354 0.000000 0.000000 0.034354 0.000000 0.000000 0.034354 0.000000 0.000000 0.280215 0.529801 1.000000 0.239238 0.526490 1.000000 0.034354 0.000000 0.000000 0.034354 0.000000 0.000000 0.034354 0.000000 0.000000 0.034354 0.000000 0.000000
0 0.8771544 0.6791225 0.07934602 0.46824506 0.874379 0.500000 2.000000 0.879967 0.486755 2.000000 0.865066 0.486755 2.000000 0.893005 0.496689 1.000000 0.855753 0.496689 2.000000 0.902318 0.556291 2.000000 0.842715 0.556291 2.000000 0.906043 0.642384 2.000000 0.844578 0.639073 2.000000 0.893005 0.695364 2.000000 0.868791 0.698675 2.000000 0.889280 0.675497 2.000000 0.861341 0.678808 2.000000 0.902318 0.751656 2.000000 0.852028 0.745033 2.000000 0.859479 0.874172 1.000000 0.879967 0.870861 2.000000
0 0.6023862 0.5722517 0.07699917 0.36185429 0.606167 0.466887 2.000000 0.611755 0.453642 2.000000 0.598717 0.453642 2.000000 0.624793 0.460265 2.000000 0.593129 0.466887 2.000000 0.630381 0.526490 2.000000 0.581954 0.523179 2.000000 0.630381 0.622517 2.000000 0.578229 0.609272 2.000000 0.606167 0.658940 2.000000 0.585679 0.652318 1.000000 0.617343 0.658940 2.000000 0.580091 0.655629 1.000000 0.034354 0.000000 0.000000 0.034354 0.000000 0.000000 0.034354 0.000000 0.000000 0.034354 0.000000 0.000000
0 0.4990687 0.49503314 0.9294288 0.870861 0.034354 0.000000 0.000000 0.034354 0.000000 0.000000 0.034354 0.000000 0.000000 0.034354 0.000000 0.000000 0.034354 0.000000 0.000000 0.034354 0.000000 0.000000 0.034354 0.000000 0.000000 0.034354 0.000000 0.000000 0.034354 0.000000 0.000000 0.034354 0.000000 0.000000 0.034354 0.000000 0.000000 0.034354 0.000000 0.000000 0.034354 0.000000 0.000000 0.034354 0.000000 0.000000 0.034354 0.000000 0.000000 0.034354 0.000000 0.000000 0.034354 0.000000 0.000000