0 0.38406643 0.47459373 0.15825 0.49360412 0.414453 0.266667 2.000000 0.125000 0.000000 0.000000 0.408594 0.262500 2.000000 0.125000 0.000000 0.000000 0.393359 0.270833 2.000000 0.426172 0.312500 2.000000 0.380469 0.337500 2.000000 0.450781 0.343750 2.000000 0.353516 0.402083 2.000000 0.125000 0.000000 0.000000 0.325391 0.435417 2.000000 0.427344 0.462500 2.000000 0.396875 0.477083 2.000000 0.443750 0.564583 2.000000 0.386328 0.575000 2.000000 0.432031 0.675000 2.000000 0.371094 0.679167 2.000000
0 0.5155332 0.31547913 0.05035547 0.087875 0.518750 0.308333 2.000000 0.521094 0.304167 2.000000 0.515234 0.304167 2.000000 0.125000 0.000000 0.000000 0.508203 0.308333 2.000000 0.530469 0.327083 2.000000 0.505859 0.327083 2.000000 0.531641 0.358333 1.000000 0.495313 0.356250 1.000000 0.525781 0.325000 2.000000 0.503516 0.341667 2.000000 0.125000 0.000000 0.000000 0.125000 0.000000 0.000000 0.125000 0.000000 0.000000 0.125000 0.000000 0.000000 0.125000 0.000000 0.000000 0.125000 0.000000 0.000000
0 0.5598652 0.30829167 0.047753908 0.09925 0.557422 0.287500 2.000000 0.559766 0.281250 2.000000 0.553906 0.281250 2.000000 0.565625 0.283333 2.000000 0.549219 0.285417 2.000000 0.575000 0.316667 2.000000 0.545703 0.320833 2.000000 0.577344 0.354167 2.000000 0.543359 0.356250 2.000000 0.565625 0.341667 2.000000 0.548047 0.337500 2.000000 0.125000 0.000000 0.000000 0.125000 0.000000 0.000000 0.125000 0.000000 0.000000 0.125000 0.000000 0.000000 0.125000 0.000000 0.000000 0.125000 0.000000 0.000000
0 0.6135371 0.30456248 0.04529297 0.11075 0.617188 0.277083 2.000000 0.619531 0.272917 2.000000 0.614844 0.272917 2.000000 0.623047 0.277083 2.000000 0.610156 0.277083 2.000000 0.632422 0.306250 2.000000 0.598437 0.310417 2.000000 0.627734 0.347917 2.000000 0.596094 0.350000 2.000000 0.617188 0.322917 2.000000 0.611328 0.354167 2.000000 0.125000 0.000000 0.000000 0.125000 0.000000 0.000000 0.125000 0.000000 0.000000 0.125000 0.000000 0.000000 0.125000 0.000000 0.000000 0.125000 0.000000 0.000000
0 0.7732402 0.2792917 0.049839843 0.098958336 0.768359 0.270833 2.000000 0.771875 0.264583 2.000000 0.764844 0.264583 2.000000 0.780078 0.266667 2.000000 0.125000 0.000000 0.000000 0.785937 0.295833 2.000000 0.756641 0.295833 2.000000 0.125000 0.000000 0.000000 0.753125 0.318750 2.000000 0.125000 0.000000 0.000000 0.125000 0.000000 0.000000 0.125000 0.000000 0.000000 0.125000 0.000000 0.000000 0.125000 0.000000 0.000000 0.125000 0.000000 0.000000 0.125000 0.000000 0.000000 0.125000 0.000000 0.000000
0 0.7917442 0.17619792 0.03976172 0.09660416 0.125000 0.000000 0.000000 0.125000 0.000000 0.000000 0.125000 0.000000 0.000000 0.125000 0.000000 0.000000 0.125000 0.000000 0.000000 0.125000 0.000000 0.000000 0.125000 0.000000 0.000000 0.125000 0.000000 0.000000 0.125000 0.000000 0.000000 0.125000 0.000000 0.000000 0.125000 0.000000 0.000000 0.125000 0.000000 0.000000 0.125000 0.000000 0.000000 0.125000 0.000000 0.000000 0.125000 0.000000 0.000000 0.125000 0.000000 0.000000 0.125000 0.000000 0.000000
0 0.7203184 0.3031354 0.054410156 0.12647916 0.125000 0.000000 0.000000 0.125000 0.000000 0.000000 0.125000 0.000000 0.000000 0.727344 0.270833 2.000000 0.709766 0.272917 2.000000 0.735547 0.304167 2.000000 0.699219 0.306250 2.000000 0.739062 0.341667 2.000000 0.696875 0.341667 2.000000 0.727344 0.300000 2.000000 0.705078 0.297917 2.000000 0.728516 0.377083 1.000000 0.705078 0.377083 1.000000 0.125000 0.000000 0.000000 0.125000 0.000000 0.000000 0.125000 0.000000 0.000000 0.125000 0.000000 0.000000
0 0.2515215 0.3634479 0.052371092 0.34977084 0.253906 0.227083 2.000000 0.256250 0.216667 2.000000 0.250391 0.220833 2.000000 0.125000 0.000000 0.000000 0.241016 0.227083 2.000000 0.260938 0.254167 2.000000 0.236328 0.264583 2.000000 0.125000 0.000000 0.000000 0.232812 0.312500 2.000000 0.125000 0.000000 0.000000 0.231641 0.350000 2.000000 0.257422 0.350000 2.000000 0.243359 0.350000 2.000000 0.251563 0.416667 2.000000 0.241016 0.422917 2.000000 0.249219 0.483333 2.000000 0.238672 0.485417 2.000000
0 0.6009512 0.26782292 0.03158203 0.08389583 0.125000 0.000000 0.000000 0.125000 0.000000 0.000000 0.125000 0.000000 0.000000 0.125000 0.000000 0.000000 0.125000 0.000000 0.000000 0.125000 0.000000 0.000000 0.125000 0.000000 0.000000 0.125000 0.000000 0.000000 0.125000 0.000000 0.000000 0.125000 0.000000 0.000000 0.125000 0.000000 0.000000 0.125000 0.000000 0.000000 0.125000 0.000000 0.000000 0.125000 0.000000 0.000000 0.125000 0.000000 0.000000 0.125000 0.000000 0.000000 0.125000 0.000000 0.000000
0 0.632961 0.23548958 0.041296877 0.10810417 0.630078 0.206250 2.000000 0.632422 0.202083 2.000000 0.626562 0.202083 2.000000 0.125000 0.000000 0.000000 0.125000 0.000000 0.000000 0.647656 0.235417 2.000000 0.611328 0.235417 1.000000 0.647656 0.275000 2.000000 0.610156 0.272917 1.000000 0.125000 0.000000 0.000000 0.125000 0.000000 0.000000 0.641797 0.302083 1.000000 0.620703 0.304167 1.000000 0.125000 0.000000 0.000000 0.125000 0.000000 0.000000 0.125000 0.000000 0.000000 0.125000 0.000000 0.000000
0 0.67418164 0.26683334 0.051996093 0.094791666 0.125000 0.000000 0.000000 0.125000 0.000000 0.000000 0.125000 0.000000 0.000000 0.125000 0.000000 0.000000 0.125000 0.000000 0.000000 0.125000 0.000000 0.000000 0.125000 0.000000 0.000000 0.125000 0.000000 0.000000 0.125000 0.000000 0.000000 0.125000 0.000000 0.000000 0.125000 0.000000 0.000000 0.125000 0.000000 0.000000 0.125000 0.000000 0.000000 0.125000 0.000000 0.000000 0.125000 0.000000 0.000000 0.125000 0.000000 0.000000 0.125000 0.000000 0.000000
0 0.7518125 0.20029166 0.033749998 0.10841667 0.750781 0.175000 2.000000 0.753125 0.170833 2.000000 0.749609 0.170833 2.000000 0.758984 0.170833 2.000000 0.744922 0.168750 2.000000 0.760156 0.185417 2.000000 0.740234 0.187500 2.000000 0.760156 0.220833 2.000000 0.737891 0.220833 2.000000 0.750781 0.189583 2.000000 0.747266 0.189583 2.000000 0.754297 0.237500 2.000000 0.743750 0.235417 2.000000 0.125000 0.000000 0.000000 0.125000 0.000000 0.000000 0.125000 0.000000 0.000000 0.125000 0.000000 0.000000
0 0.34658396 0.24572915 0.05783203 0.174375 0.125000 0.000000 0.000000 0.125000 0.000000 0.000000 0.125000 0.000000 0.000000 0.342969 0.185417 2.000000 0.360547 0.183333 1.000000 0.332422 0.220833 2.000000 0.366406 0.229167 2.000000 0.321875 0.258333 2.000000 0.371094 0.266667 2.000000 0.331250 0.270833 2.000000 0.360547 0.275000 2.000000 0.334766 0.314583 2.000000 0.358203 0.314583 2.000000 0.125000 0.000000 0.000000 0.125000 0.000000 0.000000 0.125000 0.000000 0.000000 0.125000 0.000000 0.000000
0 0.49941406 0.28020832 0.7488281 0.56041664 0.125000 0.000000 0.000000 0.125000 0.000000 0.000000 0.125000 0.000000 0.000000 0.125000 0.000000 0.000000 0.125000 0.000000 0.000000 0.125000 0.000000 0.000000 0.125000 0.000000 0.000000 0.125000 0.000000 0.000000 0.125000 0.000000 0.000000 0.125000 0.000000 0.000000 0.125000 0.000000 0.000000 0.125000 0.000000 0.000000 0.125000 0.000000 0.000000 0.125000 0.000000 0.000000 0.125000 0.000000 0.000000 0.125000 0.000000 0.000000 0.125000 0.000000 0.000000