0 0.77112037 0.45667014 0.052608926 0.16342324 0.126556 0.000000 0.000000 0.126556 0.000000 0.000000 0.126556 0.000000 0.000000 0.770747 0.390042 2.000000 0.776582 0.390042 2.000000 0.768413 0.402490 2.000000 0.770747 0.402490 2.000000 0.771914 0.427386 2.000000 0.763745 0.429461 2.000000 0.782417 0.437759 2.000000 0.760244 0.456432 2.000000 0.764912 0.458506 2.000000 0.767246 0.458506 2.000000 0.759077 0.491701 2.000000 0.775415 0.495851 2.000000 0.748574 0.526971 2.000000 0.784751 0.526971 2.000000
0 0.37802973 0.42155603 0.016396526 0.0853527 0.126556 0.000000 0.000000 0.126556 0.000000 0.000000 0.126556 0.000000 0.000000 0.126556 0.000000 0.000000 0.126556 0.000000 0.000000 0.126556 0.000000 0.000000 0.126556 0.000000 0.000000 0.126556 0.000000 0.000000 0.126556 0.000000 0.000000 0.126556 0.000000 0.000000 0.126556 0.000000 0.000000 0.126556 0.000000 0.000000 0.126556 0.000000 0.000000 0.126556 0.000000 0.000000 0.126556 0.000000 0.000000 0.126556 0.000000 0.000000 0.126556 0.000000 0.000000
0 0.39625844 0.41248965 0.013245593 0.032821577 0.126556 0.000000 0.000000 0.126556 0.000000 0.000000 0.126556 0.000000 0.000000 0.126556 0.000000 0.000000 0.126556 0.000000 0.000000 0.126556 0.000000 0.000000 0.126556 0.000000 0.000000 0.126556 0.000000 0.000000 0.126556 0.000000 0.000000 0.126556 0.000000 0.000000 0.126556 0.000000 0.000000 0.126556 0.000000 0.000000 0.126556 0.000000 0.000000 0.126556 0.000000 0.000000 0.126556 0.000000 0.000000 0.126556 0.000000 0.000000 0.126556 0.000000 0.000000
0 0.8534123 0.40670127 0.0094878115 0.043568466 0.126556 0.000000 0.000000 0.126556 0.000000 0.000000 0.126556 0.000000 0.000000 0.126556 0.000000 0.000000 0.126556 0.000000 0.000000 0.126556 0.000000 0.000000 0.126556 0.000000 0.000000 0.126556 0.000000 0.000000 0.126556 0.000000 0.000000 0.126556 0.000000 0.000000 0.126556 0.000000 0.000000 0.126556 0.000000 0.000000 0.126556 0.000000 0.000000 0.126556 0.000000 0.000000 0.126556 0.000000 0.000000 0.126556 0.000000 0.000000 0.126556 0.000000 0.000000
0 0.4305044 0.4085374 0.004854772 0.02213693 0.126556 0.000000 0.000000 0.126556 0.000000 0.000000 0.126556 0.000000 0.000000 0.126556 0.000000 0.000000 0.126556 0.000000 0.000000 0.126556 0.000000 0.000000 0.126556 0.000000 0.000000 0.126556 0.000000 0.000000 0.126556 0.000000 0.000000 0.126556 0.000000 0.000000 0.126556 0.000000 0.000000 0.126556 0.000000 0.000000 0.126556 0.000000 0.000000 0.126556 0.000000 0.000000 0.126556 0.000000 0.000000 0.126556 0.000000 0.000000 0.126556 0.000000 0.000000
0 0.7022316 0.40318465 0.0063018673 0.03275934 0.126556 0.000000 0.000000 0.126556 0.000000 0.000000 0.126556 0.000000 0.000000 0.126556 0.000000 0.000000 0.126556 0.000000 0.000000 0.126556 0.000000 0.000000 0.126556 0.000000 0.000000 0.126556 0.000000 0.000000 0.126556 0.000000 0.000000 0.126556 0.000000 0.000000 0.126556 0.000000 0.000000 0.126556 0.000000 0.000000 0.126556 0.000000 0.000000 0.126556 0.000000 0.000000 0.126556 0.000000 0.000000 0.126556 0.000000 0.000000 0.126556 0.000000 0.000000
0 0.42235285 0.4063693 0.0040728734 0.017883819 0.126556 0.000000 0.000000 0.126556 0.000000 0.000000 0.126556 0.000000 0.000000 0.126556 0.000000 0.000000 0.126556 0.000000 0.000000 0.126556 0.000000 0.000000 0.126556 0.000000 0.000000 0.126556 0.000000 0.000000 0.126556 0.000000 0.000000 0.126556 0.000000 0.000000 0.126556 0.000000 0.000000 0.126556 0.000000 0.000000 0.126556 0.000000 0.000000 0.126556 0.000000 0.000000 0.126556 0.000000 0.000000 0.126556 0.000000 0.000000 0.126556 0.000000 0.000000
0 0.71307904 0.39783195 0.007900675 0.030892117 0.126556 0.000000 0.000000 0.126556 0.000000 0.000000 0.126556 0.000000 0.000000 0.126556 0.000000 0.000000 0.126556 0.000000 0.000000 0.126556 0.000000 0.000000 0.126556 0.000000 0.000000 0.126556 0.000000 0.000000 0.126556 0.000000 0.000000 0.126556 0.000000 0.000000 0.126556 0.000000 0.000000 0.126556 0.000000 0.000000 0.126556 0.000000 0.000000 0.126556 0.000000 0.000000 0.126556 0.000000 0.000000 0.126556 0.000000 0.000000 0.126556 0.000000 0.000000
0 0.8125376 0.38933614 0.0076089213 0.019460583 0.126556 0.000000 0.000000 0.126556 0.000000 0.000000 0.126556 0.000000 0.000000 0.126556 0.000000 0.000000 0.126556 0.000000 0.000000 0.126556 0.000000 0.000000 0.126556 0.000000 0.000000 0.126556 0.000000 0.000000 0.126556 0.000000 0.000000 0.126556 0.000000 0.000000 0.126556 0.000000 0.000000 0.126556 0.000000 0.000000 0.126556 0.000000 0.000000 0.126556 0.000000 0.000000 0.126556 0.000000 0.000000 0.126556 0.000000 0.000000 0.126556 0.000000 0.000000
0 0.8178242 0.39629668 0.0062318468 0.02213693 0.126556 0.000000 0.000000 0.126556 0.000000 0.000000 0.126556 0.000000 0.000000 0.126556 0.000000 0.000000 0.126556 0.000000 0.000000 0.126556 0.000000 0.000000 0.126556 0.000000 0.000000 0.126556 0.000000 0.000000 0.126556 0.000000 0.000000 0.126556 0.000000 0.000000 0.126556 0.000000 0.000000 0.126556 0.000000 0.000000 0.126556 0.000000 0.000000 0.126556 0.000000 0.000000 0.126556 0.000000 0.000000 0.126556 0.000000 0.000000 0.126556 0.000000 0.000000
0 0.8336956 0.40780085 0.008705913 0.030954357 0.126556 0.000000 0.000000 0.126556 0.000000 0.000000 0.126556 0.000000 0.000000 0.126556 0.000000 0.000000 0.126556 0.000000 0.000000 0.126556 0.000000 0.000000 0.126556 0.000000 0.000000 0.126556 0.000000 0.000000 0.126556 0.000000 0.000000 0.126556 0.000000 0.000000 0.126556 0.000000 0.000000 0.126556 0.000000 0.000000 0.126556 0.000000 0.000000 0.126556 0.000000 0.000000 0.126556 0.000000 0.000000 0.126556 0.000000 0.000000 0.126556 0.000000 0.000000
0 0.45956886 0.4051556 0.010958248 0.016825726 0.126556 0.000000 0.000000 0.126556 0.000000 0.000000 0.126556 0.000000 0.000000 0.126556 0.000000 0.000000 0.126556 0.000000 0.000000 0.126556 0.000000 0.000000 0.126556 0.000000 0.000000 0.126556 0.000000 0.000000 0.126556 0.000000 0.000000 0.126556 0.000000 0.000000 0.126556 0.000000 0.000000 0.126556 0.000000 0.000000 0.126556 0.000000 0.000000 0.126556 0.000000 0.000000 0.126556 0.000000 0.000000 0.126556 0.000000 0.000000 0.126556 0.000000 0.000000
0 0.7291313 0.40607888 0.0060451245 0.027842326 0.126556 0.000000 0.000000 0.126556 0.000000 0.000000 0.126556 0.000000 0.000000 0.126556 0.000000 0.000000 0.126556 0.000000 0.000000 0.126556 0.000000 0.000000 0.126556 0.000000 0.000000 0.126556 0.000000 0.000000 0.126556 0.000000 0.000000 0.126556 0.000000 0.000000 0.126556 0.000000 0.000000 0.126556 0.000000 0.000000 0.126556 0.000000 0.000000 0.126556 0.000000 0.000000 0.126556 0.000000 0.000000 0.126556 0.000000 0.000000 0.126556 0.000000 0.000000
0 0.78475106 0.3993776 0.17505188 0.076763496 0.126556 0.000000 0.000000 0.126556 0.000000 0.000000 0.126556 0.000000 0.000000 0.126556 0.000000 0.000000 0.126556 0.000000 0.000000 0.126556 0.000000 0.000000 0.126556 0.000000 0.000000 0.126556 0.000000 0.000000 0.126556 0.000000 0.000000 0.126556 0.000000 0.000000 0.126556 0.000000 0.000000 0.126556 0.000000 0.000000 0.126556 0.000000 0.000000 0.126556 0.000000 0.000000 0.126556 0.000000 0.000000 0.126556 0.000000 0.000000 0.126556 0.000000 0.000000