0 0.88476 0.5482589 0.05126116 0.1598512 0.081473 0.000000 0.000000 0.081473 0.000000 0.000000 0.081473 0.000000 0.000000 0.081473 0.000000 0.000000 0.081473 0.000000 0.000000 0.081473 0.000000 0.000000 0.081473 0.000000 0.000000 0.081473 0.000000 0.000000 0.081473 0.000000 0.000000 0.081473 0.000000 0.000000 0.081473 0.000000 0.000000 0.081473 0.000000 0.000000 0.081473 0.000000 0.000000 0.081473 0.000000 0.000000 0.081473 0.000000 0.000000 0.081473 0.000000 0.000000 0.081473 0.000000 0.000000
0 0.68662107 0.7557143 0.074045755 0.3835119 0.694196 0.619048 2.000000 0.699219 0.607143 2.000000 0.689174 0.607143 2.000000 0.709263 0.619048 2.000000 0.682478 0.616071 2.000000 0.704241 0.663690 2.000000 0.667411 0.648809 1.000000 0.704241 0.696429 2.000000 0.652344 0.672619 1.000000 0.677455 0.684524 2.000000 0.659040 0.690476 2.000000 0.694196 0.785714 2.000000 0.672433 0.785714 2.000000 0.700893 0.848214 2.000000 0.677455 0.845238 2.000000 0.707589 0.916667 2.000000 0.679129 0.904762 2.000000
0 0.44671315 0.7474702 0.04372768 0.11595237 0.081473 0.000000 0.000000 0.081473 0.000000 0.000000 0.081473 0.000000 0.000000 0.081473 0.000000 0.000000 0.081473 0.000000 0.000000 0.081473 0.000000 0.000000 0.081473 0.000000 0.000000 0.081473 0.000000 0.000000 0.081473 0.000000 0.000000 0.081473 0.000000 0.000000 0.081473 0.000000 0.000000 0.081473 0.000000 0.000000 0.081473 0.000000 0.000000 0.081473 0.000000 0.000000 0.081473 0.000000 0.000000 0.081473 0.000000 0.000000 0.081473 0.000000 0.000000
0 0.41470423 0.6170387 0.12284598 0.73616076 0.458147 0.333333 2.000000 0.081473 0.000000 0.000000 0.453125 0.315476 2.000000 0.081473 0.000000 0.000000 0.428013 0.312500 2.000000 0.428013 0.380952 2.000000 0.402902 0.380952 2.000000 0.081473 0.000000 0.000000 0.384487 0.488095 2.000000 0.081473 0.000000 0.000000 0.434710 0.511905 2.000000 0.411272 0.627976 2.000000 0.397879 0.630952 2.000000 0.407924 0.770833 2.000000 0.394531 0.761905 2.000000 0.397879 0.919643 2.000000 0.389509 0.937500 2.000000
0 0.17725725 0.7116964 0.16977121 0.5472024 0.181920 0.517857 2.000000 0.081473 0.000000 0.000000 0.173549 0.505952 2.000000 0.081473 0.000000 0.000000 0.081473 0.000000 0.000000 0.155134 0.574405 2.000000 0.125000 0.592262 2.000000 0.081473 0.000000 0.000000 0.160156 0.735119 2.000000 0.081473 0.000000 0.000000 0.222098 0.735119 2.000000 0.168527 0.758929 2.000000 0.130022 0.800595 2.000000 0.252232 0.812500 2.000000 0.227121 0.827381 2.000000 0.195312 0.964286 2.000000 0.151786 0.979167 2.000000
0 0.5699107 0.71958333 0.04741071 0.2717262 0.560268 0.625000 2.000000 0.565290 0.619048 2.000000 0.555246 0.619048 2.000000 0.577009 0.622024 2.000000 0.081473 0.000000 0.000000 0.582031 0.681548 2.000000 0.546875 0.666667 1.000000 0.577009 0.735119 2.000000 0.535156 0.723214 1.000000 0.553571 0.755952 1.000000 0.081473 0.000000 0.000000 0.570312 0.776786 2.000000 0.545201 0.767857 1.000000 0.081473 0.000000 0.000000 0.081473 0.000000 0.000000 0.081473 0.000000 0.000000 0.081473 0.000000 0.000000
0 0.76201445 0.56107146 0.04426339 0.07869047 0.081473 0.000000 0.000000 0.081473 0.000000 0.000000 0.081473 0.000000 0.000000 0.081473 0.000000 0.000000 0.081473 0.000000 0.000000 0.081473 0.000000 0.000000 0.081473 0.000000 0.000000 0.081473 0.000000 0.000000 0.081473 0.000000 0.000000 0.081473 0.000000 0.000000 0.081473 0.000000 0.000000 0.081473 0.000000 0.000000 0.081473 0.000000 0.000000 0.081473 0.000000 0.000000 0.081473 0.000000 0.000000 0.081473 0.000000 0.000000 0.081473 0.000000 0.000000
0 0.64696985 0.6376191 0.034118302 0.08285714 0.081473 0.000000 0.000000 0.081473 0.000000 0.000000 0.081473 0.000000 0.000000 0.081473 0.000000 0.000000 0.081473 0.000000 0.000000 0.081473 0.000000 0.000000 0.081473 0.000000 0.000000 0.081473 0.000000 0.000000 0.081473 0.000000 0.000000 0.081473 0.000000 0.000000 0.081473 0.000000 0.000000 0.081473 0.000000 0.000000 0.081473 0.000000 0.000000 0.081473 0.000000 0.000000 0.081473 0.000000 0.000000 0.081473 0.000000 0.000000 0.081473 0.000000 0.000000
0 0.7338225 0.60133934 0.026350444 0.07875 0.081473 0.000000 0.000000 0.081473 0.000000 0.000000 0.081473 0.000000 0.000000 0.081473 0.000000 0.000000 0.081473 0.000000 0.000000 0.081473 0.000000 0.000000 0.081473 0.000000 0.000000 0.081473 0.000000 0.000000 0.081473 0.000000 0.000000 0.081473 0.000000 0.000000 0.081473 0.000000 0.000000 0.081473 0.000000 0.000000 0.081473 0.000000 0.000000 0.081473 0.000000 0.000000 0.081473 0.000000 0.000000 0.081473 0.000000 0.000000 0.081473 0.000000 0.000000
0 0.75368583 0.49480653 0.06517299 0.17008929 0.752790 0.455357 2.000000 0.757812 0.449405 2.000000 0.749442 0.449405 2.000000 0.762835 0.446429 2.000000 0.747768 0.449405 2.000000 0.772879 0.482143 2.000000 0.736049 0.482143 1.000000 0.779576 0.520833 2.000000 0.724330 0.523810 2.000000 0.749442 0.523810 2.000000 0.739397 0.491071 2.000000 0.766183 0.589286 1.000000 0.739397 0.586310 1.000000 0.081473 0.000000 0.000000 0.081473 0.000000 0.000000 0.081473 0.000000 0.000000 0.081473 0.000000 0.000000
0 0.75436383 0.7917708 0.06786831 0.3837202 0.739397 0.639881 2.000000 0.746094 0.630952 2.000000 0.081473 0.000000 0.000000 0.762835 0.642857 2.000000 0.081473 0.000000 0.000000 0.769531 0.684524 2.000000 0.739397 0.681548 1.000000 0.769531 0.741071 2.000000 0.732701 0.744048 2.000000 0.742746 0.752976 2.000000 0.731027 0.794643 2.000000 0.757812 0.797619 2.000000 0.739397 0.803571 2.000000 0.762835 0.877976 2.000000 0.751116 0.877976 2.000000 0.759487 0.949405 2.000000 0.749442 0.943452 2.000000
0 0.8413086 0.93171126 0.15443638 0.11312499 0.081473 0.000000 0.000000 0.081473 0.000000 0.000000 0.081473 0.000000 0.000000 0.808036 0.958333 2.000000 0.081473 0.000000 0.000000 0.081473 0.000000 0.000000 0.081473 0.000000 0.000000 0.081473 0.000000 0.000000 0.081473 0.000000 0.000000 0.081473 0.000000 0.000000 0.081473 0.000000 0.000000 0.081473 0.000000 0.000000 0.081473 0.000000 0.000000 0.081473 0.000000 0.000000 0.081473 0.000000 0.000000 0.081473 0.000000 0.000000 0.081473 0.000000 0.000000
0 0.80856305 0.5966072 0.024893971 0.06398809 0.081473 0.000000 0.000000 0.081473 0.000000 0.000000 0.081473 0.000000 0.000000 0.081473 0.000000 0.000000 0.081473 0.000000 0.000000 0.081473 0.000000 0.000000 0.081473 0.000000 0.000000 0.081473 0.000000 0.000000 0.081473 0.000000 0.000000 0.081473 0.000000 0.000000 0.081473 0.000000 0.000000 0.081473 0.000000 0.000000 0.081473 0.000000 0.000000 0.081473 0.000000 0.000000 0.081473 0.000000 0.000000 0.081473 0.000000 0.000000 0.081473 0.000000 0.000000
0 0.5410156 0.6800595 0.75167406 0.4910714 0.081473 0.000000 0.000000 0.081473 0.000000 0.000000 0.081473 0.000000 0.000000 0.081473 0.000000 0.000000 0.081473 0.000000 0.000000 0.081473 0.000000 0.000000 0.081473 0.000000 0.000000 0.081473 0.000000 0.000000 0.081473 0.000000 0.000000 0.081473 0.000000 0.000000 0.081473 0.000000 0.000000 0.081473 0.000000 0.000000 0.081473 0.000000 0.000000 0.081473 0.000000 0.000000 0.081473 0.000000 0.000000 0.081473 0.000000 0.000000 0.081473 0.000000 0.000000