0 0.65311426 0.49575004 0.063791014 0.59375 0.649854 0.259375 2.000000 0.650732 0.246875 2.000000 0.314990 0.000000 0.000000 0.662158 0.248437 2.000000 0.314990 0.000000 0.000000 0.651611 0.300000 2.000000 0.314990 0.000000 0.000000 0.628760 0.403125 2.000000 0.314990 0.000000 0.000000 0.623486 0.475000 2.000000 0.314990 0.000000 0.000000 0.653369 0.437500 2.000000 0.684131 0.435937 1.000000 0.647217 0.603125 2.000000 0.678857 0.610937 2.000000 0.641943 0.740625 2.000000 0.670068 0.754687 2.000000
0 0.61429733 0.4941719 0.062182616 0.5036562 0.631396 0.289062 2.000000 0.635791 0.281250 2.000000 0.625244 0.282813 2.000000 0.314990 0.000000 0.000000 0.614697 0.276563 2.000000 0.644580 0.318750 1.000000 0.614697 0.320312 2.000000 0.314990 0.000000 0.000000 0.599756 0.407813 2.000000 0.314990 0.000000 0.000000 0.620850 0.495313 2.000000 0.314990 0.000000 0.000000 0.619092 0.467187 2.000000 0.314990 0.000000 0.000000 0.619971 0.595312 2.000000 0.314990 0.000000 0.000000 0.620850 0.706250 2.000000
0 0.58219975 0.48890623 0.050458007 0.467625 0.597998 0.306250 2.000000 0.596240 0.296875 2.000000 0.592725 0.300000 2.000000 0.314990 0.000000 0.000000 0.577783 0.303125 2.000000 0.314990 0.000000 0.000000 0.314990 0.000000 0.000000 0.314990 0.000000 0.000000 0.314990 0.000000 0.000000 0.314990 0.000000 0.000000 0.314990 0.000000 0.000000 0.314990 0.000000 0.000000 0.314990 0.000000 0.000000 0.314990 0.000000 0.000000 0.314990 0.000000 0.000000 0.314990 0.000000 0.000000 0.314990 0.000000 0.000000
0 0.506249 0.5578828 0.103746094 0.77354693 0.525928 0.229687 2.000000 0.314990 0.000000 0.000000 0.519775 0.220313 2.000000 0.314990 0.000000 0.000000 0.499561 0.235938 2.000000 0.525928 0.318750 2.000000 0.467920 0.323438 2.000000 0.543506 0.432813 2.000000 0.482861 0.439063 2.000000 0.491650 0.434375 2.000000 0.506592 0.373437 2.000000 0.533838 0.560938 2.000000 0.478467 0.567187 2.000000 0.536475 0.728125 2.000000 0.481104 0.712500 2.000000 0.518018 0.881250 2.000000 0.483740 0.895312 2.000000
0 0.345708 0.5073281 0.061435547 0.5615 0.314990 0.000000 0.000000 0.314990 0.000000 0.000000 0.314990 0.000000 0.000000 0.314990 0.000000 0.000000 0.339600 0.267188 2.000000 0.314990 0.000000 0.000000 0.349268 0.329688 2.000000 0.314990 0.000000 0.000000 0.354541 0.431250 2.000000 0.314990 0.000000 0.000000 0.359814 0.510938 2.000000 0.314990 0.000000 0.000000 0.335205 0.467187 2.000000 0.314990 0.000000 0.000000 0.349268 0.632812 2.000000 0.314990 0.000000 0.000000 0.351904 0.750000 2.000000
0 0.38075438 0.43867967 0.052602537 0.42217186 0.314990 0.000000 0.000000 0.362451 0.267188 2.000000 0.314990 0.000000 0.000000 0.372998 0.265625 2.000000 0.314990 0.000000 0.000000 0.378271 0.309375 2.000000 0.314990 0.000000 0.000000 0.314990 0.000000 0.000000 0.314990 0.000000 0.000000 0.314990 0.000000 0.000000 0.314990 0.000000 0.000000 0.314990 0.000000 0.000000 0.314990 0.000000 0.000000 0.314990 0.000000 0.000000 0.314990 0.000000 0.000000 0.314990 0.000000 0.000000 0.314990 0.000000 0.000000
0 0.366582 0.13024218 0.03055078 0.09301562 0.314990 0.000000 0.000000 0.314990 0.000000 0.000000 0.314990 0.000000 0.000000 0.314990 0.000000 0.000000 0.314990 0.000000 0.000000 0.314990 0.000000 0.000000 0.314990 0.000000 0.000000 0.314990 0.000000 0.000000 0.314990 0.000000 0.000000 0.314990 0.000000 0.000000 0.314990 0.000000 0.000000 0.314990 0.000000 0.000000 0.314990 0.000000 0.000000 0.314990 0.000000 0.000000 0.314990 0.000000 0.000000 0.314990 0.000000 0.000000 0.314990 0.000000 0.000000
0 0.55807376 0.4907656 0.055010743 0.559125 0.553174 0.257812 2.000000 0.554932 0.243750 2.000000 0.545264 0.242188 2.000000 0.314990 0.000000 0.000000 0.533838 0.246875 2.000000 0.565479 0.325000 2.000000 0.523291 0.331250 1.000000 0.567236 0.420312 2.000000 0.314990 0.000000 0.000000 0.574268 0.364062 2.000000 0.314990 0.000000 0.000000 0.563721 0.485938 2.000000 0.528564 0.485938 1.000000 0.566357 0.581250 2.000000 0.535596 0.590625 1.000000 0.548779 0.709375 1.000000 0.536475 0.715625 1.000000
0 0.44378078 0.64127344 0.017235352 0.16564062 0.314990 0.000000 0.000000 0.314990 0.000000 0.000000 0.314990 0.000000 0.000000 0.314990 0.000000 0.000000 0.314990 0.000000 0.000000 0.314990 0.000000 0.000000 0.314990 0.000000 0.000000 0.314990 0.000000 0.000000 0.314990 0.000000 0.000000 0.314990 0.000000 0.000000 0.314990 0.000000 0.000000 0.314990 0.000000 0.000000 0.314990 0.000000 0.000000 0.450342 0.590625 1.000000 0.314990 0.000000 0.000000 0.447705 0.698438 2.000000 0.314990 0.000000 0.000000
0 0.53189987 0.2713672 0.016760742 0.05982813 0.314990 0.000000 0.000000 0.314990 0.000000 0.000000 0.314990 0.000000 0.000000 0.314990 0.000000 0.000000 0.314990 0.000000 0.000000 0.314990 0.000000 0.000000 0.314990 0.000000 0.000000 0.314990 0.000000 0.000000 0.314990 0.000000 0.000000 0.314990 0.000000 0.000000 0.314990 0.000000 0.000000 0.314990 0.000000 0.000000 0.314990 0.000000 0.000000 0.314990 0.000000 0.000000 0.314990 0.000000 0.000000 0.314990 0.000000 0.000000 0.314990 0.000000 0.000000
0 0.62467724 0.13284375 0.027834961 0.08246875 0.314990 0.000000 0.000000 0.314990 0.000000 0.000000 0.314990 0.000000 0.000000 0.314990 0.000000 0.000000 0.314990 0.000000 0.000000 0.314990 0.000000 0.000000 0.314990 0.000000 0.000000 0.314990 0.000000 0.000000 0.314990 0.000000 0.000000 0.314990 0.000000 0.000000 0.314990 0.000000 0.000000 0.314990 0.000000 0.000000 0.314990 0.000000 0.000000 0.314990 0.000000 0.000000 0.314990 0.000000 0.000000 0.314990 0.000000 0.000000 0.314990 0.000000 0.000000
0 0.5853549 0.21898438 0.026182618 0.068812504 0.314990 0.000000 0.000000 0.314990 0.000000 0.000000 0.314990 0.000000 0.000000 0.314990 0.000000 0.000000 0.314990 0.000000 0.000000 0.314990 0.000000 0.000000 0.314990 0.000000 0.000000 0.314990 0.000000 0.000000 0.314990 0.000000 0.000000 0.314990 0.000000 0.000000 0.314990 0.000000 0.000000 0.314990 0.000000 0.000000 0.314990 0.000000 0.000000 0.314990 0.000000 0.000000 0.314990 0.000000 0.000000 0.314990 0.000000 0.000000 0.314990 0.000000 0.000000
0 0.41713673 0.55367184 0.09567773 0.4759062 0.314990 0.000000 0.000000 0.314990 0.000000 0.000000 0.314990 0.000000 0.000000 0.314990 0.000000 0.000000 0.314990 0.000000 0.000000 0.401123 0.337500 2.000000 0.445068 0.329688 2.000000 0.385303 0.443750 2.000000 0.314990 0.000000 0.000000 0.403760 0.503125 2.000000 0.314990 0.000000 0.000000 0.419580 0.493750 2.000000 0.454736 0.493750 2.000000 0.423096 0.639063 2.000000 0.466162 0.625000 1.000000 0.423096 0.760938 2.000000 0.464404 0.743750 2.000000
0 0.4934082 0.38984376 0.35507813 0.7796875 0.314990 0.000000 0.000000 0.314990 0.000000 0.000000 0.314990 0.000000 0.000000 0.314990 0.000000 0.000000 0.314990 0.000000 0.000000 0.314990 0.000000 0.000000 0.314990 0.000000 0.000000 0.314990 0.000000 0.000000 0.314990 0.000000 0.000000 0.314990 0.000000 0.000000 0.314990 0.000000 0.000000 0.314990 0.000000 0.000000 0.314990 0.000000 0.000000 0.314990 0.000000 0.000000 0.314990 0.000000 0.000000 0.314990 0.000000 0.000000 0.314990 0.000000 0.000000