0 0.5613051 0.35468137 0.20224264 0.40449345 0.527574 0.269608 2.000000 0.533088 0.261438 2.000000 0.521140 0.261438 2.000000 0.545956 0.248366 2.000000 0.218750 0.000000 0.000000 0.561581 0.256536 2.000000 0.503676 0.271242 2.000000 0.596507 0.225490 2.000000 0.471507 0.316993 2.000000 0.633272 0.181373 2.000000 0.468750 0.321895 2.000000 0.545956 0.387255 2.000000 0.500919 0.392157 2.000000 0.556985 0.361111 2.000000 0.476103 0.385621 2.000000 0.529412 0.470588 2.000000 0.477941 0.509804 2.000000
0 0.6234054 0.6910621 0.020854779 0.074150324 0.218750 0.000000 0.000000 0.218750 0.000000 0.000000 0.218750 0.000000 0.000000 0.218750 0.000000 0.000000 0.218750 0.000000 0.000000 0.218750 0.000000 0.000000 0.218750 0.000000 0.000000 0.218750 0.000000 0.000000 0.218750 0.000000 0.000000 0.218750 0.000000 0.000000 0.218750 0.000000 0.000000 0.218750 0.000000 0.000000 0.218750 0.000000 0.000000 0.218750 0.000000 0.000000 0.218750 0.000000 0.000000 0.218750 0.000000 0.000000 0.218750 0.000000 0.000000
0 0.67612135 0.6925245 0.018492647 0.038088232 0.218750 0.000000 0.000000 0.218750 0.000000 0.000000 0.218750 0.000000 0.000000 0.218750 0.000000 0.000000 0.218750 0.000000 0.000000 0.218750 0.000000 0.000000 0.218750 0.000000 0.000000 0.218750 0.000000 0.000000 0.218750 0.000000 0.000000 0.218750 0.000000 0.000000 0.218750 0.000000 0.000000 0.218750 0.000000 0.000000 0.218750 0.000000 0.000000 0.218750 0.000000 0.000000 0.218750 0.000000 0.000000 0.218750 0.000000 0.000000 0.218750 0.000000 0.000000
0 0.7058502 0.6905065 0.011700367 0.06045752 0.218750 0.000000 0.000000 0.218750 0.000000 0.000000 0.218750 0.000000 0.000000 0.218750 0.000000 0.000000 0.218750 0.000000 0.000000 0.218750 0.000000 0.000000 0.218750 0.000000 0.000000 0.218750 0.000000 0.000000 0.218750 0.000000 0.000000 0.218750 0.000000 0.000000 0.218750 0.000000 0.000000 0.218750 0.000000 0.000000 0.218750 0.000000 0.000000 0.218750 0.000000 0.000000 0.218750 0.000000 0.000000 0.218750 0.000000 0.000000 0.218750 0.000000 0.000000
0 0.7379366 0.6773774 0.01975184 0.085539214 0.218750 0.000000 0.000000 0.218750 0.000000 0.000000 0.218750 0.000000 0.000000 0.218750 0.000000 0.000000 0.218750 0.000000 0.000000 0.218750 0.000000 0.000000 0.218750 0.000000 0.000000 0.218750 0.000000 0.000000 0.218750 0.000000 0.000000 0.218750 0.000000 0.000000 0.218750 0.000000 0.000000 0.218750 0.000000 0.000000 0.218750 0.000000 0.000000 0.218750 0.000000 0.000000 0.218750 0.000000 0.000000 0.218750 0.000000 0.000000 0.218750 0.000000 0.000000
0 0.75659007 0.6566422 0.0118198525 0.041486926 0.218750 0.000000 0.000000 0.218750 0.000000 0.000000 0.218750 0.000000 0.000000 0.218750 0.000000 0.000000 0.218750 0.000000 0.000000 0.218750 0.000000 0.000000 0.218750 0.000000 0.000000 0.218750 0.000000 0.000000 0.218750 0.000000 0.000000 0.218750 0.000000 0.000000 0.218750 0.000000 0.000000 0.218750 0.000000 0.000000 0.218750 0.000000 0.000000 0.218750 0.000000 0.000000 0.218750 0.000000 0.000000 0.218750 0.000000 0.000000 0.218750 0.000000 0.000000
0 0.3947059 0.7511275 0.019393383 0.062679745 0.218750 0.000000 0.000000 0.218750 0.000000 0.000000 0.218750 0.000000 0.000000 0.218750 0.000000 0.000000 0.218750 0.000000 0.000000 0.218750 0.000000 0.000000 0.218750 0.000000 0.000000 0.218750 0.000000 0.000000 0.218750 0.000000 0.000000 0.218750 0.000000 0.000000 0.218750 0.000000 0.000000 0.218750 0.000000 0.000000 0.218750 0.000000 0.000000 0.218750 0.000000 0.000000 0.218750 0.000000 0.000000 0.218750 0.000000 0.000000 0.218750 0.000000 0.000000
0 0.4538787 0.7057435 0.012132352 0.040081702 0.218750 0.000000 0.000000 0.218750 0.000000 0.000000 0.218750 0.000000 0.000000 0.218750 0.000000 0.000000 0.218750 0.000000 0.000000 0.218750 0.000000 0.000000 0.218750 0.000000 0.000000 0.218750 0.000000 0.000000 0.218750 0.000000 0.000000 0.218750 0.000000 0.000000 0.218750 0.000000 0.000000 0.218750 0.000000 0.000000 0.218750 0.000000 0.000000 0.218750 0.000000 0.000000 0.218750 0.000000 0.000000 0.218750 0.000000 0.000000 0.218750 0.000000 0.000000
0 0.42359373 0.7194036 0.02148897 0.0654085 0.218750 0.000000 0.000000 0.218750 0.000000 0.000000 0.218750 0.000000 0.000000 0.218750 0.000000 0.000000 0.218750 0.000000 0.000000 0.218750 0.000000 0.000000 0.218750 0.000000 0.000000 0.218750 0.000000 0.000000 0.218750 0.000000 0.000000 0.218750 0.000000 0.000000 0.218750 0.000000 0.000000 0.218750 0.000000 0.000000 0.218750 0.000000 0.000000 0.218750 0.000000 0.000000 0.218750 0.000000 0.000000 0.218750 0.000000 0.000000 0.218750 0.000000 0.000000
0 0.4391452 0.7181944 0.01748162 0.06102941 0.218750 0.000000 0.000000 0.218750 0.000000 0.000000 0.218750 0.000000 0.000000 0.218750 0.000000 0.000000 0.218750 0.000000 0.000000 0.218750 0.000000 0.000000 0.218750 0.000000 0.000000 0.218750 0.000000 0.000000 0.218750 0.000000 0.000000 0.218750 0.000000 0.000000 0.218750 0.000000 0.000000 0.218750 0.000000 0.000000 0.218750 0.000000 0.000000 0.218750 0.000000 0.000000 0.218750 0.000000 0.000000 0.218750 0.000000 0.000000 0.218750 0.000000 0.000000
0 0.25017005 0.48990196 0.026939338 0.12519608 0.218750 0.000000 0.000000 0.218750 0.000000 0.000000 0.218750 0.000000 0.000000 0.218750 0.000000 0.000000 0.218750 0.000000 0.000000 0.218750 0.000000 0.000000 0.218750 0.000000 0.000000 0.218750 0.000000 0.000000 0.218750 0.000000 0.000000 0.218750 0.000000 0.000000 0.218750 0.000000 0.000000 0.218750 0.000000 0.000000 0.218750 0.000000 0.000000 0.218750 0.000000 0.000000 0.218750 0.000000 0.000000 0.218750 0.000000 0.000000 0.218750 0.000000 0.000000