0 0.41008788 0.67653126 0.040535156 0.2741458 0.125000 0.000000 0.000000 0.125000 0.000000 0.000000 0.125000 0.000000 0.000000 0.125000 0.000000 0.000000 0.423828 0.558333 2.000000 0.402734 0.591667 1.000000 0.419141 0.581250 2.000000 0.393359 0.627083 1.000000 0.407422 0.625000 2.000000 0.125000 0.000000 0.000000 0.392188 0.658333 2.000000 0.399219 0.675000 2.000000 0.413281 0.677083 2.000000 0.125000 0.000000 0.000000 0.408594 0.739583 2.000000 0.125000 0.000000 0.000000 0.403906 0.791667 2.000000
0 0.3435195 0.68357295 0.061429683 0.3038125 0.125000 0.000000 0.000000 0.125000 0.000000 0.000000 0.125000 0.000000 0.000000 0.125000 0.000000 0.000000 0.125000 0.000000 0.000000 0.324219 0.591667 2.000000 0.345313 0.591667 2.000000 0.125000 0.000000 0.000000 0.360547 0.625000 2.000000 0.125000 0.000000 0.000000 0.125000 0.000000 0.000000 0.328906 0.670833 2.000000 0.346484 0.670833 2.000000 0.328906 0.739583 2.000000 0.347656 0.739583 2.000000 0.327734 0.806250 2.000000 0.350000 0.812500 2.000000
0 0.6612734 0.56623954 0.012210937 0.026395833 0.125000 0.000000 0.000000 0.125000 0.000000 0.000000 0.125000 0.000000 0.000000 0.125000 0.000000 0.000000 0.125000 0.000000 0.000000 0.125000 0.000000 0.000000 0.125000 0.000000 0.000000 0.125000 0.000000 0.000000 0.125000 0.000000 0.000000 0.125000 0.000000 0.000000 0.125000 0.000000 0.000000 0.125000 0.000000 0.000000 0.125000 0.000000 0.000000 0.125000 0.000000 0.000000 0.125000 0.000000 0.000000 0.125000 0.000000 0.000000 0.125000 0.000000 0.000000
0 0.615459 0.6832708 0.04920703 0.26983336 0.125000 0.000000 0.000000 0.125000 0.000000 0.000000 0.125000 0.000000 0.000000 0.605469 0.572917 2.000000 0.617188 0.570833 2.000000 0.597266 0.606250 2.000000 0.620703 0.595833 2.000000 0.596094 0.652083 2.000000 0.630078 0.639583 2.000000 0.125000 0.000000 0.000000 0.633594 0.664583 2.000000 0.607813 0.687500 2.000000 0.624219 0.687500 2.000000 0.610156 0.737500 2.000000 0.627734 0.739583 2.000000 0.611328 0.793750 2.000000 0.624219 0.800000 2.000000
0 0.74060935 0.58638537 0.0241875 0.07110417 0.125000 0.000000 0.000000 0.125000 0.000000 0.000000 0.125000 0.000000 0.000000 0.125000 0.000000 0.000000 0.125000 0.000000 0.000000 0.125000 0.000000 0.000000 0.125000 0.000000 0.000000 0.125000 0.000000 0.000000 0.125000 0.000000 0.000000 0.125000 0.000000 0.000000 0.125000 0.000000 0.000000 0.125000 0.000000 0.000000 0.125000 0.000000 0.000000 0.125000 0.000000 0.000000 0.125000 0.000000 0.000000 0.125000 0.000000 0.000000 0.125000 0.000000 0.000000
0 0.5481172 0.68457294 0.05517188 0.24927083 0.125000 0.000000 0.000000 0.125000 0.000000 0.000000 0.125000 0.000000 0.000000 0.125000 0.000000 0.000000 0.555078 0.587500 2.000000 0.532812 0.614583 2.000000 0.559766 0.614583 2.000000 0.524609 0.647917 2.000000 0.569141 0.647917 2.000000 0.528125 0.677083 2.000000 0.564453 0.675000 2.000000 0.532812 0.677083 2.000000 0.557422 0.681250 2.000000 0.535156 0.733333 2.000000 0.551562 0.733333 2.000000 0.532812 0.793750 2.000000 0.550391 0.795833 2.000000
0 0.81114453 0.7913229 0.07755469 0.40177083 0.125000 0.000000 0.000000 0.125000 0.000000 0.000000 0.125000 0.000000 0.000000 0.125000 0.000000 0.000000 0.819922 0.631250 2.000000 0.792969 0.675000 2.000000 0.836328 0.679167 2.000000 0.125000 0.000000 0.000000 0.125000 0.000000 0.000000 0.125000 0.000000 0.000000 0.125000 0.000000 0.000000 0.792969 0.779167 2.000000 0.829297 0.785417 2.000000 0.796484 0.864583 2.000000 0.823438 0.875000 2.000000 0.789453 0.970833 2.000000 0.819922 0.975000 2.000000
0 0.5905215 0.61129165 0.023285156 0.13066666 0.125000 0.000000 0.000000 0.125000 0.000000 0.000000 0.125000 0.000000 0.000000 0.125000 0.000000 0.000000 0.125000 0.000000 0.000000 0.125000 0.000000 0.000000 0.125000 0.000000 0.000000 0.125000 0.000000 0.000000 0.125000 0.000000 0.000000 0.125000 0.000000 0.000000 0.125000 0.000000 0.000000 0.125000 0.000000 0.000000 0.125000 0.000000 0.000000 0.125000 0.000000 0.000000 0.125000 0.000000 0.000000 0.125000 0.000000 0.000000 0.125000 0.000000 0.000000
0 0.66538084 0.7049375 0.04423828 0.2606667 0.125000 0.000000 0.000000 0.125000 0.000000 0.000000 0.125000 0.000000 0.000000 0.125000 0.000000 0.000000 0.125000 0.000000 0.000000 0.655859 0.616667 2.000000 0.676953 0.616667 2.000000 0.125000 0.000000 0.000000 0.125000 0.000000 0.000000 0.125000 0.000000 0.000000 0.125000 0.000000 0.000000 0.125000 0.000000 0.000000 0.125000 0.000000 0.000000 0.657031 0.743750 2.000000 0.673437 0.743750 2.000000 0.657031 0.806250 2.000000 0.673437 0.808333 2.000000
0 0.6352813 0.5961563 0.019242188 0.06777083 0.125000 0.000000 0.000000 0.125000 0.000000 0.000000 0.125000 0.000000 0.000000 0.125000 0.000000 0.000000 0.125000 0.000000 0.000000 0.125000 0.000000 0.000000 0.125000 0.000000 0.000000 0.125000 0.000000 0.000000 0.125000 0.000000 0.000000 0.125000 0.000000 0.000000 0.125000 0.000000 0.000000 0.125000 0.000000 0.000000 0.125000 0.000000 0.000000 0.125000 0.000000 0.000000 0.125000 0.000000 0.000000 0.125000 0.000000 0.000000 0.125000 0.000000 0.000000
0 0.44961527 0.61871874 0.031371094 0.15718749 0.125000 0.000000 0.000000 0.125000 0.000000 0.000000 0.125000 0.000000 0.000000 0.125000 0.000000 0.000000 0.125000 0.000000 0.000000 0.125000 0.000000 0.000000 0.125000 0.000000 0.000000 0.125000 0.000000 0.000000 0.125000 0.000000 0.000000 0.125000 0.000000 0.000000 0.125000 0.000000 0.000000 0.125000 0.000000 0.000000 0.125000 0.000000 0.000000 0.125000 0.000000 0.000000 0.125000 0.000000 0.000000 0.125000 0.000000 0.000000 0.125000 0.000000 0.000000
0 0.46426365 0.7211875 0.06022266 0.29495832 0.125000 0.000000 0.000000 0.125000 0.000000 0.000000 0.125000 0.000000 0.000000 0.125000 0.000000 0.000000 0.125000 0.000000 0.000000 0.457812 0.606250 2.000000 0.478906 0.604167 2.000000 0.448438 0.666667 2.000000 0.484766 0.660417 2.000000 0.125000 0.000000 0.000000 0.125000 0.000000 0.000000 0.455469 0.722917 2.000000 0.473047 0.720833 2.000000 0.454297 0.787500 2.000000 0.469531 0.787500 2.000000 0.458984 0.843750 2.000000 0.470703 0.839583 2.000000
0 0.75716215 0.788552 0.05262891 0.3026875 0.125000 0.000000 0.000000 0.125000 0.000000 0.000000 0.125000 0.000000 0.000000 0.125000 0.000000 0.000000 0.125000 0.000000 0.000000 0.739062 0.656250 1.000000 0.778906 0.662500 1.000000 0.125000 0.000000 0.000000 0.125000 0.000000 0.000000 0.125000 0.000000 0.000000 0.125000 0.000000 0.000000 0.741406 0.766667 2.000000 0.770703 0.772917 2.000000 0.739062 0.839583 2.000000 0.763672 0.843750 2.000000 0.737891 0.912500 2.000000 0.760156 0.918750 2.000000
0 0.62246096 0.6333333 0.34804687 0.33333334 0.125000 0.000000 0.000000 0.125000 0.000000 0.000000 0.125000 0.000000 0.000000 0.125000 0.000000 0.000000 0.125000 0.000000 0.000000 0.125000 0.000000 0.000000 0.125000 0.000000 0.000000 0.125000 0.000000 0.000000 0.125000 0.000000 0.000000 0.125000 0.000000 0.000000 0.125000 0.000000 0.000000 0.125000 0.000000 0.000000 0.125000 0.000000 0.000000 0.125000 0.000000 0.000000 0.125000 0.000000 0.000000 0.125000 0.000000 0.000000 0.125000 0.000000 0.000000