0 0.5173891 0.5584922 0.10257714 0.51742184 0.536035 0.423438 2.000000 0.312793 0.000000 0.000000 0.530762 0.420312 2.000000 0.312793 0.000000 0.000000 0.521973 0.435937 2.000000 0.523730 0.496875 2.000000 0.531641 0.445312 2.000000 0.512305 0.554688 2.000000 0.546582 0.392188 2.000000 0.545703 0.553125 2.000000 0.560645 0.331250 2.000000 0.504395 0.579687 2.000000 0.493848 0.567187 2.000000 0.513184 0.675000 2.000000 0.485938 0.664062 2.000000 0.492969 0.768750 2.000000 0.477148 0.778125 2.000000
0 0.6206519 0.40541404 0.031913087 0.06748438 0.620410 0.382812 2.000000 0.623047 0.381250 2.000000 0.618652 0.381250 2.000000 0.312793 0.000000 0.000000 0.614258 0.384375 2.000000 0.630957 0.403125 2.000000 0.609863 0.404687 2.000000 0.632715 0.428125 2.000000 0.609863 0.434375 2.000000 0.626562 0.440625 1.000000 0.312793 0.000000 0.000000 0.626562 0.445312 1.000000 0.616016 0.445312 1.000000 0.312793 0.000000 0.000000 0.312793 0.000000 0.000000 0.312793 0.000000 0.000000 0.312793 0.000000 0.000000
0 0.588396 0.3698984 0.035569336 0.072171874 0.312793 0.000000 0.000000 0.312793 0.000000 0.000000 0.312793 0.000000 0.000000 0.312793 0.000000 0.000000 0.312793 0.000000 0.000000 0.312793 0.000000 0.000000 0.312793 0.000000 0.000000 0.312793 0.000000 0.000000 0.312793 0.000000 0.000000 0.312793 0.000000 0.000000 0.312793 0.000000 0.000000 0.312793 0.000000 0.000000 0.312793 0.000000 0.000000 0.312793 0.000000 0.000000 0.312793 0.000000 0.000000 0.312793 0.000000 0.000000 0.312793 0.000000 0.000000
0 0.6364238 0.32152346 0.02578711 0.06426562 0.312793 0.000000 0.000000 0.312793 0.000000 0.000000 0.312793 0.000000 0.000000 0.312793 0.000000 0.000000 0.312793 0.000000 0.000000 0.312793 0.000000 0.000000 0.312793 0.000000 0.000000 0.312793 0.000000 0.000000 0.312793 0.000000 0.000000 0.312793 0.000000 0.000000 0.312793 0.000000 0.000000 0.312793 0.000000 0.000000 0.312793 0.000000 0.000000 0.312793 0.000000 0.000000 0.312793 0.000000 0.000000 0.312793 0.000000 0.000000 0.312793 0.000000 0.000000
0 0.6239433 0.29503903 0.021515625 0.056359377 0.312793 0.000000 0.000000 0.312793 0.000000 0.000000 0.312793 0.000000 0.000000 0.312793 0.000000 0.000000 0.312793 0.000000 0.000000 0.312793 0.000000 0.000000 0.312793 0.000000 0.000000 0.312793 0.000000 0.000000 0.312793 0.000000 0.000000 0.312793 0.000000 0.000000 0.312793 0.000000 0.000000 0.312793 0.000000 0.000000 0.312793 0.000000 0.000000 0.312793 0.000000 0.000000 0.312793 0.000000 0.000000 0.312793 0.000000 0.000000 0.312793 0.000000 0.000000
0 0.65298676 0.28447658 0.020592773 0.06385937 0.312793 0.000000 0.000000 0.312793 0.000000 0.000000 0.312793 0.000000 0.000000 0.312793 0.000000 0.000000 0.312793 0.000000 0.000000 0.312793 0.000000 0.000000 0.312793 0.000000 0.000000 0.312793 0.000000 0.000000 0.312793 0.000000 0.000000 0.312793 0.000000 0.000000 0.312793 0.000000 0.000000 0.312793 0.000000 0.000000 0.312793 0.000000 0.000000 0.312793 0.000000 0.000000 0.312793 0.000000 0.000000 0.312793 0.000000 0.000000 0.312793 0.000000 0.000000
0 0.63482416 0.17253907 0.013552735 0.050078124 0.312793 0.000000 0.000000 0.312793 0.000000 0.000000 0.312793 0.000000 0.000000 0.312793 0.000000 0.000000 0.312793 0.000000 0.000000 0.312793 0.000000 0.000000 0.312793 0.000000 0.000000 0.312793 0.000000 0.000000 0.312793 0.000000 0.000000 0.312793 0.000000 0.000000 0.312793 0.000000 0.000000 0.312793 0.000000 0.000000 0.312793 0.000000 0.000000 0.312793 0.000000 0.000000 0.312793 0.000000 0.000000 0.312793 0.000000 0.000000 0.312793 0.000000 0.000000
0 0.58401465 0.16491406 0.027984375 0.09589063 0.312793 0.000000 0.000000 0.312793 0.000000 0.000000 0.312793 0.000000 0.000000 0.312793 0.000000 0.000000 0.312793 0.000000 0.000000 0.312793 0.000000 0.000000 0.312793 0.000000 0.000000 0.312793 0.000000 0.000000 0.312793 0.000000 0.000000 0.312793 0.000000 0.000000 0.312793 0.000000 0.000000 0.312793 0.000000 0.000000 0.312793 0.000000 0.000000 0.312793 0.000000 0.000000 0.312793 0.000000 0.000000 0.312793 0.000000 0.000000 0.312793 0.000000 0.000000
0 0.48253173 0.16903907 0.025532225 0.059484378 0.312793 0.000000 0.000000 0.312793 0.000000 0.000000 0.312793 0.000000 0.000000 0.312793 0.000000 0.000000 0.312793 0.000000 0.000000 0.312793 0.000000 0.000000 0.312793 0.000000 0.000000 0.312793 0.000000 0.000000 0.312793 0.000000 0.000000 0.312793 0.000000 0.000000 0.312793 0.000000 0.000000 0.312793 0.000000 0.000000 0.312793 0.000000 0.000000 0.312793 0.000000 0.000000 0.312793 0.000000 0.000000 0.312793 0.000000 0.000000 0.312793 0.000000 0.000000
0 0.62081885 0.3475 0.027149413 0.06384375 0.312793 0.000000 0.000000 0.312793 0.000000 0.000000 0.312793 0.000000 0.000000 0.312793 0.000000 0.000000 0.312793 0.000000 0.000000 0.312793 0.000000 0.000000 0.312793 0.000000 0.000000 0.312793 0.000000 0.000000 0.312793 0.000000 0.000000 0.312793 0.000000 0.000000 0.312793 0.000000 0.000000 0.312793 0.000000 0.000000 0.312793 0.000000 0.000000 0.312793 0.000000 0.000000 0.312793 0.000000 0.000000 0.312793 0.000000 0.000000 0.312793 0.000000 0.000000
0 0.5306562 0.19800001 0.022095703 0.056812502 0.312793 0.000000 0.000000 0.312793 0.000000 0.000000 0.312793 0.000000 0.000000 0.312793 0.000000 0.000000 0.312793 0.000000 0.000000 0.312793 0.000000 0.000000 0.312793 0.000000 0.000000 0.312793 0.000000 0.000000 0.312793 0.000000 0.000000 0.312793 0.000000 0.000000 0.312793 0.000000 0.000000 0.312793 0.000000 0.000000 0.312793 0.000000 0.000000 0.312793 0.000000 0.000000 0.312793 0.000000 0.000000 0.312793 0.000000 0.000000 0.312793 0.000000 0.000000
0 0.4611875 0.14732812 0.019652344 0.04234375 0.312793 0.000000 0.000000 0.312793 0.000000 0.000000 0.312793 0.000000 0.000000 0.312793 0.000000 0.000000 0.312793 0.000000 0.000000 0.312793 0.000000 0.000000 0.312793 0.000000 0.000000 0.312793 0.000000 0.000000 0.312793 0.000000 0.000000 0.312793 0.000000 0.000000 0.312793 0.000000 0.000000 0.312793 0.000000 0.000000 0.312793 0.000000 0.000000 0.312793 0.000000 0.000000 0.312793 0.000000 0.000000 0.312793 0.000000 0.000000 0.312793 0.000000 0.000000
0 0.58985054 0.44997656 0.043576173 0.08545312 0.584375 0.426562 2.000000 0.587012 0.423438 2.000000 0.582617 0.421875 2.000000 0.589648 0.425000 2.000000 0.578223 0.423438 2.000000 0.595801 0.446875 2.000000 0.573828 0.450000 2.000000 0.605469 0.471875 2.000000 0.567676 0.475000 1.000000 0.608105 0.481250 1.000000 0.312793 0.000000 0.000000 0.594043 0.498437 1.000000 0.579980 0.498437 1.000000 0.312793 0.000000 0.000000 0.312793 0.000000 0.000000 0.312793 0.000000 0.000000 0.312793 0.000000 0.000000
0 0.5 0.30390626 0.37265626 0.6078125 0.312793 0.000000 0.000000 0.312793 0.000000 0.000000 0.312793 0.000000 0.000000 0.312793 0.000000 0.000000 0.312793 0.000000 0.000000 0.312793 0.000000 0.000000 0.312793 0.000000 0.000000 0.312793 0.000000 0.000000 0.312793 0.000000 0.000000 0.312793 0.000000 0.000000 0.312793 0.000000 0.000000 0.312793 0.000000 0.000000 0.312793 0.000000 0.000000 0.312793 0.000000 0.000000 0.312793 0.000000 0.000000 0.312793 0.000000 0.000000 0.312793 0.000000 0.000000