0 0.45936376 0.7242109 0.12525292 0.44395313 0.507471 0.635938 2.000000 0.509229 0.632812 2.000000 0.503955 0.628125 2.000000 0.309717 0.000000 0.000000 0.494287 0.635938 2.000000 0.496045 0.693750 2.000000 0.485498 0.640625 2.000000 0.486377 0.740625 2.000000 0.489893 0.596875 2.000000 0.483740 0.710938 2.000000 0.499561 0.543750 2.000000 0.452979 0.729688 2.000000 0.429248 0.715625 2.000000 0.468799 0.817187 2.000000 0.416064 0.804688 2.000000 0.471436 0.910937 2.000000 0.407275 0.915625 2.000000
0 0.53579783 0.762961 0.044085935 0.17432812 0.542627 0.696875 2.000000 0.543506 0.693750 2.000000 0.539990 0.692187 2.000000 0.309717 0.000000 0.000000 0.535596 0.692187 2.000000 0.546143 0.712500 2.000000 0.526807 0.710938 2.000000 0.543506 0.740625 2.000000 0.523291 0.739062 2.000000 0.543506 0.764063 2.000000 0.525049 0.770312 2.000000 0.532959 0.754687 2.000000 0.518896 0.754687 2.000000 0.540869 0.787500 2.000000 0.523291 0.789062 2.000000 0.544385 0.829687 2.000000 0.519775 0.834375 2.000000
0 0.62500685 0.7347422 0.028898438 0.17942189 0.629639 0.662500 2.000000 0.309717 0.000000 0.000000 0.627881 0.659375 2.000000 0.309717 0.000000 0.000000 0.622607 0.662500 2.000000 0.629639 0.679688 2.000000 0.616455 0.679688 2.000000 0.309717 0.000000 0.000000 0.613818 0.707812 2.000000 0.309717 0.000000 0.000000 0.616455 0.726562 2.000000 0.627881 0.720312 2.000000 0.622607 0.720312 2.000000 0.627002 0.768750 2.000000 0.619092 0.764063 2.000000 0.627002 0.806250 2.000000 0.616455 0.803125 2.000000
0 0.55517334 0.60936713 0.014405272 0.022296876 0.309717 0.000000 0.000000 0.309717 0.000000 0.000000 0.309717 0.000000 0.000000 0.309717 0.000000 0.000000 0.309717 0.000000 0.000000 0.309717 0.000000 0.000000 0.309717 0.000000 0.000000 0.309717 0.000000 0.000000 0.309717 0.000000 0.000000 0.309717 0.000000 0.000000 0.309717 0.000000 0.000000 0.309717 0.000000 0.000000 0.309717 0.000000 0.000000 0.309717 0.000000 0.000000 0.309717 0.000000 0.000000 0.309717 0.000000 0.000000 0.309717 0.000000 0.000000
0 0.6704111 0.6054062 0.011162109 0.022593752 0.309717 0.000000 0.000000 0.309717 0.000000 0.000000 0.309717 0.000000 0.000000 0.309717 0.000000 0.000000 0.309717 0.000000 0.000000 0.309717 0.000000 0.000000 0.309717 0.000000 0.000000 0.309717 0.000000 0.000000 0.309717 0.000000 0.000000 0.309717 0.000000 0.000000 0.309717 0.000000 0.000000 0.309717 0.000000 0.000000 0.309717 0.000000 0.000000 0.309717 0.000000 0.000000 0.309717 0.000000 0.000000 0.309717 0.000000 0.000000 0.309717 0.000000 0.000000
0 0.63521093 0.60492975 0.013904297 0.015734375 0.309717 0.000000 0.000000 0.309717 0.000000 0.000000 0.309717 0.000000 0.000000 0.309717 0.000000 0.000000 0.309717 0.000000 0.000000 0.309717 0.000000 0.000000 0.309717 0.000000 0.000000 0.309717 0.000000 0.000000 0.309717 0.000000 0.000000 0.309717 0.000000 0.000000 0.309717 0.000000 0.000000 0.309717 0.000000 0.000000 0.309717 0.000000 0.000000 0.309717 0.000000 0.000000 0.309717 0.000000 0.000000 0.309717 0.000000 0.000000 0.309717 0.000000 0.000000
0 0.37879446 0.6081328 0.015706055 0.023515625 0.309717 0.000000 0.000000 0.309717 0.000000 0.000000 0.309717 0.000000 0.000000 0.309717 0.000000 0.000000 0.309717 0.000000 0.000000 0.309717 0.000000 0.000000 0.309717 0.000000 0.000000 0.309717 0.000000 0.000000 0.309717 0.000000 0.000000 0.309717 0.000000 0.000000 0.309717 0.000000 0.000000 0.309717 0.000000 0.000000 0.309717 0.000000 0.000000 0.309717 0.000000 0.000000 0.309717 0.000000 0.000000 0.309717 0.000000 0.000000 0.309717 0.000000 0.000000
0 0.59760255 0.61460936 0.005378906 0.011124999 0.309717 0.000000 0.000000 0.309717 0.000000 0.000000 0.309717 0.000000 0.000000 0.309717 0.000000 0.000000 0.309717 0.000000 0.000000 0.309717 0.000000 0.000000 0.309717 0.000000 0.000000 0.309717 0.000000 0.000000 0.309717 0.000000 0.000000 0.309717 0.000000 0.000000 0.309717 0.000000 0.000000 0.309717 0.000000 0.000000 0.309717 0.000000 0.000000 0.309717 0.000000 0.000000 0.309717 0.000000 0.000000 0.309717 0.000000 0.000000 0.309717 0.000000 0.000000
0 0.65719676 0.6084296 0.011733399 0.020015627 0.309717 0.000000 0.000000 0.309717 0.000000 0.000000 0.309717 0.000000 0.000000 0.309717 0.000000 0.000000 0.309717 0.000000 0.000000 0.309717 0.000000 0.000000 0.309717 0.000000 0.000000 0.309717 0.000000 0.000000 0.309717 0.000000 0.000000 0.309717 0.000000 0.000000 0.309717 0.000000 0.000000 0.309717 0.000000 0.000000 0.309717 0.000000 0.000000 0.309717 0.000000 0.000000 0.309717 0.000000 0.000000 0.309717 0.000000 0.000000 0.309717 0.000000 0.000000
0 0.5701148 0.6065156 0.019573243 0.03146875 0.309717 0.000000 0.000000 0.309717 0.000000 0.000000 0.309717 0.000000 0.000000 0.309717 0.000000 0.000000 0.309717 0.000000 0.000000 0.309717 0.000000 0.000000 0.309717 0.000000 0.000000 0.309717 0.000000 0.000000 0.309717 0.000000 0.000000 0.309717 0.000000 0.000000 0.309717 0.000000 0.000000 0.309717 0.000000 0.000000 0.309717 0.000000 0.000000 0.309717 0.000000 0.000000 0.309717 0.000000 0.000000 0.309717 0.000000 0.000000 0.309717 0.000000 0.000000
0 0.68176657 0.5987891 0.012814453 0.036328126 0.309717 0.000000 0.000000 0.309717 0.000000 0.000000 0.309717 0.000000 0.000000 0.309717 0.000000 0.000000 0.309717 0.000000 0.000000 0.309717 0.000000 0.000000 0.309717 0.000000 0.000000 0.309717 0.000000 0.000000 0.309717 0.000000 0.000000 0.309717 0.000000 0.000000 0.309717 0.000000 0.000000 0.309717 0.000000 0.000000 0.309717 0.000000 0.000000 0.309717 0.000000 0.000000 0.309717 0.000000 0.000000 0.309717 0.000000 0.000000 0.309717 0.000000 0.000000
0 0.5362329 0.6135234 0.012172852 0.014546876 0.309717 0.000000 0.000000 0.309717 0.000000 0.000000 0.309717 0.000000 0.000000 0.309717 0.000000 0.000000 0.309717 0.000000 0.000000 0.309717 0.000000 0.000000 0.309717 0.000000 0.000000 0.309717 0.000000 0.000000 0.309717 0.000000 0.000000 0.309717 0.000000 0.000000 0.309717 0.000000 0.000000 0.309717 0.000000 0.000000 0.309717 0.000000 0.000000 0.309717 0.000000 0.000000 0.309717 0.000000 0.000000 0.309717 0.000000 0.000000 0.309717 0.000000 0.000000
0 0.4730835 0.6066797 0.011487304 0.026671873 0.309717 0.000000 0.000000 0.309717 0.000000 0.000000 0.309717 0.000000 0.000000 0.309717 0.000000 0.000000 0.309717 0.000000 0.000000 0.309717 0.000000 0.000000 0.309717 0.000000 0.000000 0.309717 0.000000 0.000000 0.309717 0.000000 0.000000 0.309717 0.000000 0.000000 0.309717 0.000000 0.000000 0.309717 0.000000 0.000000 0.309717 0.000000 0.000000 0.309717 0.000000 0.000000 0.309717 0.000000 0.000000 0.309717 0.000000 0.000000 0.309717 0.000000 0.000000
0 0.6032715 0.334375 0.068554685 0.571875 0.309717 0.000000 0.000000 0.309717 0.000000 0.000000 0.309717 0.000000 0.000000 0.309717 0.000000 0.000000 0.309717 0.000000 0.000000 0.309717 0.000000 0.000000 0.309717 0.000000 0.000000 0.309717 0.000000 0.000000 0.309717 0.000000 0.000000 0.309717 0.000000 0.000000 0.309717 0.000000 0.000000 0.309717 0.000000 0.000000 0.309717 0.000000 0.000000 0.309717 0.000000 0.000000 0.309717 0.000000 0.000000 0.309717 0.000000 0.000000 0.309717 0.000000 0.000000