0 0.52468675 0.6786417 0.037728336 0.24693207 0.078454 0.000000 0.000000 0.078454 0.000000 0.000000 0.078454 0.000000 0.000000 0.078454 0.000000 0.000000 0.078454 0.000000 0.000000 0.527664 0.597190 2.000000 0.514491 0.601874 2.000000 0.078454 0.000000 0.000000 0.517125 0.634660 2.000000 0.078454 0.000000 0.000000 0.534251 0.615925 2.000000 0.530299 0.665105 2.000000 0.519760 0.667447 2.000000 0.523712 0.723653 2.000000 0.517125 0.721311 2.000000 0.521077 0.765808 2.000000 0.514491 0.768150 2.000000
0 0.18959747 0.657986 0.034724824 0.24744731 0.202283 0.557377 2.000000 0.078454 0.000000 0.000000 0.199649 0.552693 2.000000 0.078454 0.000000 0.000000 0.193062 0.552693 2.000000 0.078454 0.000000 0.000000 0.185158 0.571429 2.000000 0.078454 0.000000 0.000000 0.195697 0.611241 2.000000 0.078454 0.000000 0.000000 0.207553 0.601874 1.000000 0.078454 0.000000 0.000000 0.185158 0.648712 2.000000 0.078454 0.000000 0.000000 0.185158 0.718970 2.000000 0.078454 0.000000 0.000000 0.185158 0.768150 2.000000
0 0.21363217 0.6720023 0.034922425 0.24105385 0.207553 0.573770 2.000000 0.210187 0.566745 2.000000 0.078454 0.000000 0.000000 0.219409 0.571429 2.000000 0.078454 0.000000 0.000000 0.222043 0.590164 2.000000 0.211505 0.590164 2.000000 0.215457 0.632318 2.000000 0.078454 0.000000 0.000000 0.203601 0.669789 2.000000 0.078454 0.000000 0.000000 0.219409 0.660422 2.000000 0.210187 0.660422 2.000000 0.211505 0.728337 2.000000 0.212822 0.721311 2.000000 0.206235 0.779859 2.000000 0.229947 0.772834 1.000000
0 0.27314913 0.6822248 0.041087527 0.2820609 0.282641 0.564403 2.000000 0.078454 0.000000 0.000000 0.281323 0.557377 2.000000 0.078454 0.000000 0.000000 0.269467 0.564403 2.000000 0.274737 0.597190 2.000000 0.264198 0.594848 2.000000 0.078454 0.000000 0.000000 0.260246 0.632318 2.000000 0.078454 0.000000 0.000000 0.280006 0.660422 2.000000 0.280006 0.683841 2.000000 0.270785 0.681499 2.000000 0.280006 0.744731 2.000000 0.270785 0.740047 2.000000 0.269467 0.803279 2.000000 0.265515 0.803279 2.000000
0 0.3460502 0.6730562 0.04809572 0.24751757 0.360363 0.578454 2.000000 0.078454 0.000000 0.000000 0.359046 0.573770 2.000000 0.078454 0.000000 0.000000 0.353776 0.569087 2.000000 0.351142 0.590164 2.000000 0.347190 0.590164 2.000000 0.078454 0.000000 0.000000 0.356411 0.629977 2.000000 0.078454 0.000000 0.000000 0.368267 0.618267 2.000000 0.349824 0.669789 2.000000 0.345872 0.667447 2.000000 0.344555 0.728337 2.000000 0.341920 0.725995 2.000000 0.343238 0.777518 2.000000 0.340603 0.779859 2.000000
0 0.38328454 0.66976583 0.028032787 0.23793912 0.078454 0.000000 0.000000 0.078454 0.000000 0.000000 0.078454 0.000000 0.000000 0.078454 0.000000 0.000000 0.078454 0.000000 0.000000 0.373536 0.604215 2.000000 0.384075 0.606557 2.000000 0.078454 0.000000 0.000000 0.395931 0.615925 1.000000 0.078454 0.000000 0.000000 0.391979 0.594848 1.000000 0.380123 0.665105 2.000000 0.382758 0.665105 2.000000 0.386710 0.718970 2.000000 0.380123 0.716628 2.000000 0.389344 0.763466 1.000000 0.377488 0.770492 2.000000
0 0.4139783 0.6670609 0.039967798 0.25449648 0.428864 0.573770 1.000000 0.078454 0.000000 0.000000 0.428864 0.569087 2.000000 0.078454 0.000000 0.000000 0.426230 0.571429 2.000000 0.402518 0.587822 2.000000 0.420960 0.594848 2.000000 0.078454 0.000000 0.000000 0.426230 0.644028 2.000000 0.078454 0.000000 0.000000 0.078454 0.000000 0.000000 0.403835 0.660422 2.000000 0.415691 0.665105 2.000000 0.399883 0.718970 2.000000 0.411739 0.721311 2.000000 0.397248 0.786885 2.000000 0.409104 0.784543 2.000000
0 0.74208575 0.568911 0.039757024 0.059367683 0.078454 0.000000 0.000000 0.078454 0.000000 0.000000 0.078454 0.000000 0.000000 0.078454 0.000000 0.000000 0.078454 0.000000 0.000000 0.078454 0.000000 0.000000 0.078454 0.000000 0.000000 0.078454 0.000000 0.000000 0.078454 0.000000 0.000000 0.078454 0.000000 0.000000 0.078454 0.000000 0.000000 0.078454 0.000000 0.000000 0.078454 0.000000 0.000000 0.078454 0.000000 0.000000 0.078454 0.000000 0.000000 0.078454 0.000000 0.000000 0.078454 0.000000 0.000000
0 0.49000803 0.6771897 0.04796399 0.2529742 0.078454 0.000000 0.000000 0.078454 0.000000 0.000000 0.078454 0.000000 0.000000 0.484192 0.571429 1.000000 0.496048 0.573770 2.000000 0.476288 0.599532 2.000000 0.498683 0.597190 2.000000 0.469701 0.634660 2.000000 0.507904 0.639344 2.000000 0.078454 0.000000 0.000000 0.078454 0.000000 0.000000 0.478923 0.672131 2.000000 0.498683 0.674473 2.000000 0.478923 0.733021 2.000000 0.496048 0.735363 2.000000 0.478923 0.796253 2.000000 0.492096 0.798595 2.000000
0 0.5025161 0.56766975 0.018442623 0.07533957 0.078454 0.000000 0.000000 0.078454 0.000000 0.000000 0.078454 0.000000 0.000000 0.078454 0.000000 0.000000 0.078454 0.000000 0.000000 0.078454 0.000000 0.000000 0.078454 0.000000 0.000000 0.078454 0.000000 0.000000 0.078454 0.000000 0.000000 0.078454 0.000000 0.000000 0.078454 0.000000 0.000000 0.078454 0.000000 0.000000 0.078454 0.000000 0.000000 0.078454 0.000000 0.000000 0.078454 0.000000 0.000000 0.078454 0.000000 0.000000 0.078454 0.000000 0.000000
0 0.44831455 0.6713466 0.033209894 0.2435363 0.451259 0.573770 2.000000 0.455211 0.566745 2.000000 0.448624 0.566745 1.000000 0.078454 0.000000 0.000000 0.078454 0.000000 0.000000 0.464432 0.601874 1.000000 0.440720 0.599532 2.000000 0.078454 0.000000 0.000000 0.438085 0.629977 2.000000 0.078454 0.000000 0.000000 0.453893 0.639344 2.000000 0.461797 0.655738 1.000000 0.448624 0.653396 2.000000 0.460480 0.718970 1.000000 0.447307 0.721311 2.000000 0.461797 0.772834 1.000000 0.447307 0.770492 2.000000
0 0.5563685 0.66441447 0.034487706 0.2594145 0.564549 0.564403 2.000000 0.567184 0.557377 2.000000 0.561915 0.559719 2.000000 0.078454 0.000000 0.000000 0.557963 0.559719 2.000000 0.565866 0.587822 2.000000 0.550059 0.590164 2.000000 0.565866 0.613583 2.000000 0.548741 0.629977 2.000000 0.568501 0.644028 2.000000 0.563232 0.648712 2.000000 0.559280 0.658080 2.000000 0.547424 0.658080 2.000000 0.556645 0.707260 2.000000 0.548741 0.709602 2.000000 0.550059 0.775176 2.000000 0.543472 0.775176 2.000000
0 0.40259 0.5536768 0.02477898 0.07063232 0.078454 0.000000 0.000000 0.078454 0.000000 0.000000 0.078454 0.000000 0.000000 0.078454 0.000000 0.000000 0.078454 0.000000 0.000000 0.078454 0.000000 0.000000 0.078454 0.000000 0.000000 0.078454 0.000000 0.000000 0.078454 0.000000 0.000000 0.078454 0.000000 0.000000 0.078454 0.000000 0.000000 0.078454 0.000000 0.000000 0.078454 0.000000 0.000000 0.078454 0.000000 0.000000 0.078454 0.000000 0.000000 0.078454 0.000000 0.000000 0.078454 0.000000 0.000000
0 0.45389345 0.5714286 0.18442623 0.088992976 0.078454 0.000000 0.000000 0.078454 0.000000 0.000000 0.078454 0.000000 0.000000 0.078454 0.000000 0.000000 0.078454 0.000000 0.000000 0.078454 0.000000 0.000000 0.078454 0.000000 0.000000 0.078454 0.000000 0.000000 0.078454 0.000000 0.000000 0.078454 0.000000 0.000000 0.078454 0.000000 0.000000 0.078454 0.000000 0.000000 0.078454 0.000000 0.000000 0.078454 0.000000 0.000000 0.078454 0.000000 0.000000 0.078454 0.000000 0.000000 0.078454 0.000000 0.000000