0 0.6605657 0.74932003 0.10261126 0.43060002 0.218750 0.000000 0.000000 0.218750 0.000000 0.000000 0.218750 0.000000 0.000000 0.653000 0.566000 2.000000 0.676625 0.564000 2.000000 0.648500 0.616000 2.000000 0.691250 0.614000 2.000000 0.631625 0.682000 2.000000 0.705875 0.678000 2.000000 0.620375 0.726000 2.000000 0.691250 0.720000 2.000000 0.660875 0.740000 2.000000 0.687875 0.738000 2.000000 0.665375 0.840000 2.000000 0.667625 0.832000 2.000000 0.685625 0.928000 2.000000 0.659750 0.912000 2.000000
0 0.2877125 0.57969 0.0079875 0.03742 0.218750 0.000000 0.000000 0.218750 0.000000 0.000000 0.218750 0.000000 0.000000 0.218750 0.000000 0.000000 0.218750 0.000000 0.000000 0.218750 0.000000 0.000000 0.218750 0.000000 0.000000 0.218750 0.000000 0.000000 0.218750 0.000000 0.000000 0.218750 0.000000 0.000000 0.218750 0.000000 0.000000 0.218750 0.000000 0.000000 0.218750 0.000000 0.000000 0.218750 0.000000 0.000000 0.218750 0.000000 0.000000 0.218750 0.000000 0.000000 0.218750 0.000000 0.000000
0 0.7025844 0.60284007 0.009866251 0.03844 0.218750 0.000000 0.000000 0.218750 0.000000 0.000000 0.218750 0.000000 0.000000 0.218750 0.000000 0.000000 0.218750 0.000000 0.000000 0.218750 0.000000 0.000000 0.218750 0.000000 0.000000 0.218750 0.000000 0.000000 0.218750 0.000000 0.000000 0.218750 0.000000 0.000000 0.218750 0.000000 0.000000 0.218750 0.000000 0.000000 0.218750 0.000000 0.000000 0.218750 0.000000 0.000000 0.218750 0.000000 0.000000 0.218750 0.000000 0.000000 0.218750 0.000000 0.000000
0 0.35464436 0.58115 0.0097762495 0.03542 0.218750 0.000000 0.000000 0.218750 0.000000 0.000000 0.218750 0.000000 0.000000 0.218750 0.000000 0.000000 0.218750 0.000000 0.000000 0.218750 0.000000 0.000000 0.218750 0.000000 0.000000 0.218750 0.000000 0.000000 0.218750 0.000000 0.000000 0.218750 0.000000 0.000000 0.218750 0.000000 0.000000 0.218750 0.000000 0.000000 0.218750 0.000000 0.000000 0.218750 0.000000 0.000000 0.218750 0.000000 0.000000 0.218750 0.000000 0.000000 0.218750 0.000000 0.000000
0 0.34202188 0.58259 0.00599625 0.032580003 0.218750 0.000000 0.000000 0.218750 0.000000 0.000000 0.218750 0.000000 0.000000 0.218750 0.000000 0.000000 0.218750 0.000000 0.000000 0.218750 0.000000 0.000000 0.218750 0.000000 0.000000 0.218750 0.000000 0.000000 0.218750 0.000000 0.000000 0.218750 0.000000 0.000000 0.218750 0.000000 0.000000 0.218750 0.000000 0.000000 0.218750 0.000000 0.000000 0.218750 0.000000 0.000000 0.218750 0.000000 0.000000 0.218750 0.000000 0.000000 0.218750 0.000000 0.000000
0 0.58435816 0.59323 0.01344375 0.054060005 0.218750 0.000000 0.000000 0.218750 0.000000 0.000000 0.218750 0.000000 0.000000 0.218750 0.000000 0.000000 0.218750 0.000000 0.000000 0.218750 0.000000 0.000000 0.218750 0.000000 0.000000 0.218750 0.000000 0.000000 0.218750 0.000000 0.000000 0.218750 0.000000 0.000000 0.218750 0.000000 0.000000 0.218750 0.000000 0.000000 0.218750 0.000000 0.000000 0.218750 0.000000 0.000000 0.218750 0.000000 0.000000 0.218750 0.000000 0.000000 0.218750 0.000000 0.000000
0 0.7104819 0.59466 0.0084712505 0.04472 0.218750 0.000000 0.000000 0.218750 0.000000 0.000000 0.218750 0.000000 0.000000 0.218750 0.000000 0.000000 0.218750 0.000000 0.000000 0.218750 0.000000 0.000000 0.218750 0.000000 0.000000 0.218750 0.000000 0.000000 0.218750 0.000000 0.000000 0.218750 0.000000 0.000000 0.218750 0.000000 0.000000 0.218750 0.000000 0.000000 0.218750 0.000000 0.000000 0.218750 0.000000 0.000000 0.218750 0.000000 0.000000 0.218750 0.000000 0.000000 0.218750 0.000000 0.000000
0 0.48399687 0.58418 0.00428625 0.023640001 0.218750 0.000000 0.000000 0.218750 0.000000 0.000000 0.218750 0.000000 0.000000 0.218750 0.000000 0.000000 0.218750 0.000000 0.000000 0.218750 0.000000 0.000000 0.218750 0.000000 0.000000 0.218750 0.000000 0.000000 0.218750 0.000000 0.000000 0.218750 0.000000 0.000000 0.218750 0.000000 0.000000 0.218750 0.000000 0.000000 0.218750 0.000000 0.000000 0.218750 0.000000 0.000000 0.218750 0.000000 0.000000 0.218750 0.000000 0.000000 0.218750 0.000000 0.000000
0 0.6390163 0.5871 0.011340001 0.04204 0.218750 0.000000 0.000000 0.218750 0.000000 0.000000 0.218750 0.000000 0.000000 0.218750 0.000000 0.000000 0.218750 0.000000 0.000000 0.218750 0.000000 0.000000 0.218750 0.000000 0.000000 0.218750 0.000000 0.000000 0.218750 0.000000 0.000000 0.218750 0.000000 0.000000 0.218750 0.000000 0.000000 0.218750 0.000000 0.000000 0.218750 0.000000 0.000000 0.218750 0.000000 0.000000 0.218750 0.000000 0.000000 0.218750 0.000000 0.000000 0.218750 0.000000 0.000000
0 0.510935 0.58348 0.0064125 0.030960001 0.218750 0.000000 0.000000 0.218750 0.000000 0.000000 0.218750 0.000000 0.000000 0.218750 0.000000 0.000000 0.218750 0.000000 0.000000 0.218750 0.000000 0.000000 0.218750 0.000000 0.000000 0.218750 0.000000 0.000000 0.218750 0.000000 0.000000 0.218750 0.000000 0.000000 0.218750 0.000000 0.000000 0.218750 0.000000 0.000000 0.218750 0.000000 0.000000 0.218750 0.000000 0.000000 0.218750 0.000000 0.000000 0.218750 0.000000 0.000000 0.218750 0.000000 0.000000
0 0.7576925 0.59933 0.012195001 0.040939998 0.218750 0.000000 0.000000 0.218750 0.000000 0.000000 0.218750 0.000000 0.000000 0.218750 0.000000 0.000000 0.218750 0.000000 0.000000 0.218750 0.000000 0.000000 0.218750 0.000000 0.000000 0.218750 0.000000 0.000000 0.218750 0.000000 0.000000 0.218750 0.000000 0.000000 0.218750 0.000000 0.000000 0.218750 0.000000 0.000000 0.218750 0.000000 0.000000 0.218750 0.000000 0.000000 0.218750 0.000000 0.000000 0.218750 0.000000 0.000000 0.218750 0.000000 0.000000
0 0.44038624 0.5859 0.0065700007 0.026200002 0.218750 0.000000 0.000000 0.218750 0.000000 0.000000 0.218750 0.000000 0.000000 0.218750 0.000000 0.000000 0.218750 0.000000 0.000000 0.218750 0.000000 0.000000 0.218750 0.000000 0.000000 0.218750 0.000000 0.000000 0.218750 0.000000 0.000000 0.218750 0.000000 0.000000 0.218750 0.000000 0.000000 0.218750 0.000000 0.000000 0.218750 0.000000 0.000000 0.218750 0.000000 0.000000 0.218750 0.000000 0.000000 0.218750 0.000000 0.000000 0.218750 0.000000 0.000000
0 0.6140076 0.58935004 0.0201375 0.045619998 0.218750 0.000000 0.000000 0.218750 0.000000 0.000000 0.218750 0.000000 0.000000 0.218750 0.000000 0.000000 0.218750 0.000000 0.000000 0.218750 0.000000 0.000000 0.218750 0.000000 0.000000 0.218750 0.000000 0.000000 0.218750 0.000000 0.000000 0.218750 0.000000 0.000000 0.218750 0.000000 0.000000 0.218750 0.000000 0.000000 0.218750 0.000000 0.000000 0.218750 0.000000 0.000000 0.218750 0.000000 0.000000 0.218750 0.000000 0.000000 0.218750 0.000000 0.000000
0 0.311 0.579 0.01125 0.030000001 0.218750 0.000000 0.000000 0.218750 0.000000 0.000000 0.218750 0.000000 0.000000 0.218750 0.000000 0.000000 0.218750 0.000000 0.000000 0.218750 0.000000 0.000000 0.218750 0.000000 0.000000 0.218750 0.000000 0.000000 0.218750 0.000000 0.000000 0.218750 0.000000 0.000000 0.218750 0.000000 0.000000 0.218750 0.000000 0.000000 0.218750 0.000000 0.000000 0.218750 0.000000 0.000000 0.218750 0.000000 0.000000 0.218750 0.000000 0.000000 0.218750 0.000000 0.000000