0 0.39576608 0.7528117 0.09353705 0.2606925 0.001385 0.000000 0.000000 0.001385 0.000000 0.000000 0.001385 0.000000 0.000000 0.001385 0.000000 0.000000 0.001385 0.000000 0.000000 0.001385 0.000000 0.000000 0.350416 0.631579 1.000000 0.001385 0.000000 0.000000 0.370672 0.681440 2.000000 0.001385 0.000000 0.000000 0.386253 0.650970 2.000000 0.390928 0.717452 2.000000 0.378463 0.739612 2.000000 0.412742 0.772853 2.000000 0.403393 0.797784 2.000000 0.392486 0.833795 2.000000 0.420533 0.867036 2.000000
0 0.27105 0.44951522 0.09497057 0.27520776 0.255367 0.340720 2.000000 0.255367 0.335180 2.000000 0.252251 0.337950 2.000000 0.001385 0.000000 0.000000 0.239785 0.340720 2.000000 0.260042 0.349030 2.000000 0.233553 0.376731 2.000000 0.275623 0.390582 2.000000 0.233553 0.429363 2.000000 0.291205 0.415512 2.000000 0.235111 0.473684 2.000000 0.275623 0.434903 2.000000 0.256925 0.451524 2.000000 0.280298 0.498615 2.000000 0.280298 0.504155 2.000000 0.283414 0.545706 1.000000 0.305229 0.559557 2.000000
0 0.32624826 0.3016897 0.101125345 0.18875346 0.001385 0.000000 0.000000 0.001385 0.000000 0.000000 0.001385 0.000000 0.000000 0.001385 0.000000 0.000000 0.001385 0.000000 0.000000 0.303670 0.204986 1.000000 0.288089 0.224377 2.000000 0.001385 0.000000 0.000000 0.288089 0.265928 2.000000 0.001385 0.000000 0.000000 0.306787 0.249307 2.000000 0.320810 0.263158 2.000000 0.309903 0.285319 2.000000 0.345741 0.310249 2.000000 0.319252 0.329640 2.000000 0.364439 0.354571 2.000000 0.325485 0.371191 2.000000
0 0.49375167 0.4081856 0.10255886 0.25936288 0.001385 0.000000 0.000000 0.001385 0.000000 0.000000 0.001385 0.000000 0.000000 0.001385 0.000000 0.000000 0.001385 0.000000 0.000000 0.470395 0.299169 2.000000 0.450139 0.318560 2.000000 0.487535 0.335180 2.000000 0.454813 0.373961 2.000000 0.001385 0.000000 0.000000 0.473511 0.349030 2.000000 0.484418 0.385042 2.000000 0.471953 0.398892 2.000000 0.492209 0.462604 2.000000 0.507791 0.454294 2.000000 0.473511 0.506925 1.000000 0.523373 0.520776 2.000000
0 0.43662915 0.079736836 0.06768698 0.15947367 0.001385 0.000000 0.000000 0.001385 0.000000 0.000000 0.001385 0.000000 0.000000 0.001385 0.000000 0.000000 0.001385 0.000000 0.000000 0.001385 0.000000 0.000000 0.001385 0.000000 0.000000 0.001385 0.000000 0.000000 0.001385 0.000000 0.000000 0.001385 0.000000 0.000000 0.001385 0.000000 0.000000 0.001385 0.000000 0.000000 0.001385 0.000000 0.000000 0.001385 0.000000 0.000000 0.001385 0.000000 0.000000 0.001385 0.000000 0.000000 0.001385 0.000000 0.000000
0 0.2769477 0.11170359 0.05945983 0.10213296 0.001385 0.000000 0.000000 0.001385 0.000000 0.000000 0.001385 0.000000 0.000000 0.001385 0.000000 0.000000 0.001385 0.000000 0.000000 0.001385 0.000000 0.000000 0.001385 0.000000 0.000000 0.001385 0.000000 0.000000 0.001385 0.000000 0.000000 0.001385 0.000000 0.000000 0.001385 0.000000 0.000000 0.001385 0.000000 0.000000 0.001385 0.000000 0.000000 0.001385 0.000000 0.000000 0.001385 0.000000 0.000000 0.001385 0.000000 0.000000 0.001385 0.000000 0.000000
0 0.8171269 0.18673128 0.09353705 0.30891964 0.001385 0.000000 0.000000 0.001385 0.000000 0.000000 0.001385 0.000000 0.000000 0.777355 0.077562 2.000000 0.001385 0.000000 0.000000 0.789820 0.113573 2.000000 0.805402 0.088643 2.000000 0.786704 0.157895 1.000000 0.001385 0.000000 0.000000 0.001385 0.000000 0.000000 0.001385 0.000000 0.000000 0.810076 0.207756 2.000000 0.820983 0.188366 2.000000 0.830332 0.265928 2.000000 0.805402 0.252078 2.000000 0.855263 0.321330 2.000000 0.819425 0.324100 2.000000
0 0.20372923 0.3816482 0.059958447 0.18855955 0.001385 0.000000 0.000000 0.001385 0.000000 0.000000 0.001385 0.000000 0.000000 0.183691 0.307479 2.000000 0.001385 0.000000 0.000000 0.191482 0.329640 2.000000 0.211738 0.296399 2.000000 0.197715 0.365651 2.000000 0.001385 0.000000 0.000000 0.193040 0.382271 2.000000 0.001385 0.000000 0.000000 0.217971 0.393352 2.000000 0.233553 0.368421 1.000000 0.219529 0.426593 2.000000 0.001385 0.000000 0.000000 0.235111 0.468144 1.000000 0.001385 0.000000 0.000000
0 0.47919062 0.6606787 0.11628635 0.23371191 0.001385 0.000000 0.000000 0.001385 0.000000 0.000000 0.001385 0.000000 0.000000 0.001385 0.000000 0.000000 0.001385 0.000000 0.000000 0.001385 0.000000 0.000000 0.422091 0.537396 1.000000 0.001385 0.000000 0.000000 0.422091 0.595568 1.000000 0.456371 0.545706 2.000000 0.443906 0.587258 2.000000 0.457929 0.606648 1.000000 0.442348 0.628809 2.000000 0.490651 0.664820 2.000000 0.448580 0.686981 2.000000 0.510907 0.709141 2.000000 0.443906 0.745152 2.000000
0 0.6888037 0.7343629 0.068497226 0.2736565 0.001385 0.000000 0.000000 0.001385 0.000000 0.000000 0.001385 0.000000 0.000000 0.001385 0.000000 0.000000 0.001385 0.000000 0.000000 0.677632 0.576177 1.000000 0.657375 0.609418 2.000000 0.001385 0.000000 0.000000 0.680748 0.650970 2.000000 0.001385 0.000000 0.000000 0.693213 0.620499 2.000000 0.699446 0.670360 1.000000 0.683864 0.698061 2.000000 0.713470 0.725762 1.000000 0.690097 0.764543 2.000000 0.001385 0.000000 0.000000 0.694771 0.850415 2.000000
0 0.5848347 0.26123267 0.10840201 0.28772855 0.535838 0.157895 1.000000 0.537396 0.152355 2.000000 0.001385 0.000000 0.000000 0.001385 0.000000 0.000000 0.001385 0.000000 0.000000 0.552978 0.182825 2.000000 0.560769 0.157895 2.000000 0.549861 0.229917 2.000000 0.001385 0.000000 0.000000 0.537396 0.218837 2.000000 0.001385 0.000000 0.000000 0.571676 0.263158 2.000000 0.581025 0.252078 2.000000 0.568560 0.318560 2.000000 0.584141 0.301939 2.000000 0.587258 0.376731 2.000000 0.623096 0.315789 2.000000
0 0.2680272 0.80649585 0.11541378 0.25193906 0.001385 0.000000 0.000000 0.001385 0.000000 0.000000 0.001385 0.000000 0.000000 0.001385 0.000000 0.000000 0.001385 0.000000 0.000000 0.233553 0.678670 1.000000 0.216413 0.692521 1.000000 0.253809 0.709141 2.000000 0.217971 0.747922 2.000000 0.270949 0.756233 2.000000 0.236669 0.722992 2.000000 0.244460 0.775623 1.000000 0.246018 0.778393 2.000000 0.252251 0.839335 2.000000 0.281856 0.833795 2.000000 0.239785 0.903047 2.000000 0.308345 0.897507 1.000000
0 0.38506925 0.5436565 0.09813365 0.23096952 0.370672 0.459834 2.000000 0.367555 0.448753 2.000000 0.365997 0.454294 2.000000 0.001385 0.000000 0.000000 0.001385 0.000000 0.000000 0.370672 0.445983 2.000000 0.344183 0.501385 2.000000 0.383137 0.470914 2.000000 0.001385 0.000000 0.000000 0.390928 0.481994 2.000000 0.001385 0.000000 0.000000 0.398719 0.540166 1.000000 0.381579 0.567867 1.000000 0.417417 0.581717 2.000000 0.001385 0.000000 0.000000 0.429882 0.639889 2.000000 0.001385 0.000000 0.000000
0 0.4992209 0.49861497 0.9956717 0.99722993 0.001385 0.000000 0.000000 0.001385 0.000000 0.000000 0.001385 0.000000 0.000000 0.001385 0.000000 0.000000 0.001385 0.000000 0.000000 0.001385 0.000000 0.000000 0.001385 0.000000 0.000000 0.001385 0.000000 0.000000 0.001385 0.000000 0.000000 0.001385 0.000000 0.000000 0.001385 0.000000 0.000000 0.001385 0.000000 0.000000 0.001385 0.000000 0.000000 0.001385 0.000000 0.000000 0.001385 0.000000 0.000000 0.001385 0.000000 0.000000 0.001385 0.000000 0.000000