0 0.8520499 0.48988292 0.09354362 0.5213583 0.841188 0.281030 2.000000 0.846458 0.269321 2.000000 0.835919 0.269321 2.000000 0.859631 0.269321 2.000000 0.078454 0.000000 0.000000 0.868852 0.309133 2.000000 0.833285 0.316159 2.000000 0.887295 0.416862 2.000000 0.813525 0.374707 2.000000 0.860949 0.454333 2.000000 0.820111 0.393443 2.000000 0.858314 0.475410 2.000000 0.838554 0.473068 2.000000 0.863583 0.606557 2.000000 0.841188 0.606557 2.000000 0.876756 0.711944 2.000000 0.850410 0.707260 2.000000
0 0.74491805 0.5181616 0.09998536 0.4594145 0.731850 0.339578 2.000000 0.735802 0.332553 2.000000 0.727898 0.334895 2.000000 0.747658 0.330211 2.000000 0.078454 0.000000 0.000000 0.767418 0.384075 2.000000 0.709455 0.384075 2.000000 0.784543 0.435597 2.000000 0.702869 0.447307 2.000000 0.756879 0.456674 2.000000 0.725263 0.468384 1.000000 0.758197 0.508197 1.000000 0.723946 0.505855 1.000000 0.758197 0.608899 2.000000 0.719994 0.597190 1.000000 0.770053 0.711944 2.000000 0.730533 0.707260 2.000000
0 0.7347944 0.57384074 0.059793614 0.33058548 0.733167 0.459016 2.000000 0.739754 0.454333 2.000000 0.727898 0.454333 2.000000 0.746341 0.451991 2.000000 0.722629 0.451991 1.000000 0.750293 0.494145 2.000000 0.712090 0.491803 2.000000 0.758197 0.545667 2.000000 0.702869 0.531616 1.000000 0.752927 0.594848 2.000000 0.717359 0.503513 2.000000 0.739754 0.615925 2.000000 0.716042 0.615925 2.000000 0.741071 0.669789 2.000000 0.714725 0.667447 2.000000 0.741071 0.716628 2.000000 0.712090 0.718970 2.000000
0 0.6479889 0.60633487 0.061624706 0.28222483 0.631733 0.503513 2.000000 0.637002 0.496487 2.000000 0.629098 0.496487 2.000000 0.647541 0.503513 2.000000 0.078454 0.000000 0.000000 0.662032 0.538642 2.000000 0.623829 0.536300 2.000000 0.663349 0.590164 2.000000 0.625146 0.585480 2.000000 0.652810 0.618267 2.000000 0.639637 0.618267 2.000000 0.663349 0.611241 2.000000 0.639637 0.611241 2.000000 0.659397 0.658080 2.000000 0.635685 0.660422 2.000000 0.662032 0.721311 2.000000 0.637002 0.718970 2.000000
0 0.57064843 0.63056207 0.10736241 0.39044496 0.557963 0.491803 2.000000 0.563232 0.487119 2.000000 0.552693 0.489461 2.000000 0.575088 0.487119 2.000000 0.543472 0.489461 1.000000 0.588261 0.526932 2.000000 0.539520 0.545667 2.000000 0.605386 0.555035 2.000000 0.526347 0.583138 2.000000 0.613290 0.580796 2.000000 0.530299 0.618267 2.000000 0.585626 0.648712 2.000000 0.557963 0.639344 2.000000 0.577722 0.723653 2.000000 0.565866 0.697892 2.000000 0.569818 0.786885 2.000000 0.561915 0.779859 2.000000
0 0.56514853 0.37336063 0.09628366 0.28072602 0.540837 0.281030 2.000000 0.542155 0.269321 2.000000 0.078454 0.000000 0.000000 0.552693 0.264637 2.000000 0.078454 0.000000 0.000000 0.539520 0.313817 2.000000 0.589578 0.313817 2.000000 0.534251 0.391101 2.000000 0.602752 0.395785 2.000000 0.518443 0.459016 1.000000 0.590896 0.461358 2.000000 0.550059 0.473068 1.000000 0.585626 0.470726 2.000000 0.078454 0.000000 0.000000 0.078454 0.000000 0.000000 0.078454 0.000000 0.000000 0.078454 0.000000 0.000000
0 0.37227824 0.6115691 0.14044057 0.35728335 0.378806 0.487119 2.000000 0.382758 0.477752 2.000000 0.372219 0.477752 2.000000 0.078454 0.000000 0.000000 0.361680 0.484777 2.000000 0.394614 0.522248 2.000000 0.345872 0.519906 2.000000 0.415691 0.529274 2.000000 0.327430 0.545667 2.000000 0.430182 0.517564 2.000000 0.308987 0.576112 2.000000 0.382758 0.618267 2.000000 0.356411 0.618267 2.000000 0.385392 0.693208 2.000000 0.380123 0.688525 2.000000 0.356411 0.725995 2.000000 0.393296 0.761124 2.000000
0 0.4384741 0.56398124 0.06369291 0.3137705 0.440720 0.442623 2.000000 0.444672 0.433255 2.000000 0.436768 0.433255 2.000000 0.452576 0.437939 1.000000 0.078454 0.000000 0.000000 0.451259 0.480094 2.000000 0.424912 0.477752 2.000000 0.459163 0.531616 2.000000 0.419643 0.531616 1.000000 0.453893 0.576112 2.000000 0.418326 0.573770 2.000000 0.451259 0.578454 2.000000 0.428864 0.573770 2.000000 0.455211 0.644028 2.000000 0.434133 0.648712 2.000000 0.455211 0.702576 2.000000 0.428864 0.702576 2.000000
0 0.5005467 0.597014 0.06935743 0.36686182 0.494731 0.477752 2.000000 0.498683 0.468384 2.000000 0.489461 0.470726 2.000000 0.078454 0.000000 0.000000 0.476288 0.459016 1.000000 0.507904 0.498829 2.000000 0.474971 0.501171 2.000000 0.519760 0.543326 2.000000 0.473653 0.555035 2.000000 0.078454 0.000000 0.000000 0.500000 0.526932 2.000000 0.507904 0.620609 2.000000 0.484192 0.625293 2.000000 0.521077 0.674473 2.000000 0.484192 0.704918 2.000000 0.506587 0.725995 2.000000 0.482875 0.777518 1.000000
0 0.53098357 0.4865222 0.04297131 0.12807962 0.078454 0.000000 0.000000 0.078454 0.000000 0.000000 0.078454 0.000000 0.000000 0.078454 0.000000 0.000000 0.078454 0.000000 0.000000 0.078454 0.000000 0.000000 0.078454 0.000000 0.000000 0.078454 0.000000 0.000000 0.078454 0.000000 0.000000 0.078454 0.000000 0.000000 0.078454 0.000000 0.000000 0.078454 0.000000 0.000000 0.078454 0.000000 0.000000 0.078454 0.000000 0.000000 0.078454 0.000000 0.000000 0.078454 0.000000 0.000000 0.078454 0.000000 0.000000
0 0.18343237 0.5336534 0.043840747 0.1975644 0.078454 0.000000 0.000000 0.078454 0.000000 0.000000 0.078454 0.000000 0.000000 0.078454 0.000000 0.000000 0.078454 0.000000 0.000000 0.078454 0.000000 0.000000 0.078454 0.000000 0.000000 0.078454 0.000000 0.000000 0.078454 0.000000 0.000000 0.078454 0.000000 0.000000 0.078454 0.000000 0.000000 0.078454 0.000000 0.000000 0.078454 0.000000 0.000000 0.078454 0.000000 0.000000 0.078454 0.000000 0.000000 0.078454 0.000000 0.000000 0.078454 0.000000 0.000000
0 0.1499722 0.60297424 0.107652225 0.38276348 0.156177 0.463700 2.000000 0.158811 0.456674 2.000000 0.149590 0.459016 2.000000 0.078454 0.000000 0.000000 0.135100 0.466042 2.000000 0.166715 0.510539 2.000000 0.128513 0.512881 2.000000 0.173302 0.564403 2.000000 0.123244 0.564403 2.000000 0.186475 0.590164 2.000000 0.132465 0.604215 2.000000 0.165398 0.608899 2.000000 0.140369 0.606557 2.000000 0.175937 0.693208 2.000000 0.149590 0.697892 2.000000 0.182523 0.779859 2.000000 0.111388 0.721311 2.000000
0 0.45397905 0.37946135 0.075100996 0.24833724 0.078454 0.000000 0.000000 0.078454 0.000000 0.000000 0.078454 0.000000 0.000000 0.078454 0.000000 0.000000 0.078454 0.000000 0.000000 0.432816 0.348946 2.000000 0.476288 0.348946 2.000000 0.423595 0.421546 2.000000 0.481557 0.407494 2.000000 0.447307 0.440281 1.000000 0.471019 0.480094 2.000000 0.442037 0.473068 1.000000 0.477605 0.475410 1.000000 0.078454 0.000000 0.000000 0.078454 0.000000 0.000000 0.078454 0.000000 0.000000 0.078454 0.000000 0.000000
0 0.49934134 0.46018735 0.841774 0.5175644 0.078454 0.000000 0.000000 0.078454 0.000000 0.000000 0.078454 0.000000 0.000000 0.078454 0.000000 0.000000 0.078454 0.000000 0.000000 0.078454 0.000000 0.000000 0.078454 0.000000 0.000000 0.078454 0.000000 0.000000 0.078454 0.000000 0.000000 0.078454 0.000000 0.000000 0.078454 0.000000 0.000000 0.078454 0.000000 0.000000 0.078454 0.000000 0.000000 0.078454 0.000000 0.000000 0.078454 0.000000 0.000000 0.078454 0.000000 0.000000 0.078454 0.000000 0.000000