0 0.2997588 0.20883594 0.030445311 0.11345312 0.222266 0.000000 0.000000 0.222266 0.000000 0.000000 0.222266 0.000000 0.000000 0.304883 0.165625 2.000000 0.295215 0.165625 2.000000 0.308398 0.184375 2.000000 0.288184 0.187500 2.000000 0.222266 0.000000 0.000000 0.287305 0.198437 2.000000 0.222266 0.000000 0.000000 0.293457 0.212500 2.000000 0.304004 0.221875 1.000000 0.292578 0.221875 2.000000 0.222266 0.000000 0.000000 0.222266 0.000000 0.000000 0.222266 0.000000 0.000000 0.222266 0.000000 0.000000
0 0.3056211 0.22742188 0.02267578 0.078625 0.222266 0.000000 0.000000 0.222266 0.000000 0.000000 0.222266 0.000000 0.000000 0.222266 0.000000 0.000000 0.222266 0.000000 0.000000 0.222266 0.000000 0.000000 0.222266 0.000000 0.000000 0.222266 0.000000 0.000000 0.222266 0.000000 0.000000 0.222266 0.000000 0.000000 0.222266 0.000000 0.000000 0.222266 0.000000 0.000000 0.222266 0.000000 0.000000 0.222266 0.000000 0.000000 0.222266 0.000000 0.000000 0.222266 0.000000 0.000000 0.222266 0.000000 0.000000
0 0.272895 0.33779687 0.04391895 0.1051875 0.272363 0.303125 2.000000 0.275000 0.301562 2.000000 0.270605 0.301562 2.000000 0.277637 0.303125 2.000000 0.265332 0.303125 1.000000 0.282910 0.325000 2.000000 0.259180 0.323438 2.000000 0.291699 0.353125 2.000000 0.255664 0.353125 2.000000 0.291699 0.368750 2.000000 0.253906 0.375000 2.000000 0.278516 0.379687 2.000000 0.263574 0.378125 2.000000 0.222266 0.000000 0.000000 0.222266 0.000000 0.000000 0.222266 0.000000 0.000000 0.222266 0.000000 0.000000
0 0.34093997 0.34039846 0.04275879 0.08195312 0.345313 0.320312 2.000000 0.347949 0.315625 2.000000 0.343555 0.315625 2.000000 0.352344 0.312500 2.000000 0.340039 0.314063 2.000000 0.222266 0.000000 0.000000 0.222266 0.000000 0.000000 0.222266 0.000000 0.000000 0.222266 0.000000 0.000000 0.222266 0.000000 0.000000 0.222266 0.000000 0.000000 0.222266 0.000000 0.000000 0.222266 0.000000 0.000000 0.222266 0.000000 0.000000 0.222266 0.000000 0.000000 0.222266 0.000000 0.000000 0.222266 0.000000 0.000000
0 0.50541407 0.4353047 0.042363282 0.12323438 0.502637 0.395312 2.000000 0.504395 0.390625 2.000000 0.500000 0.390625 2.000000 0.511426 0.395312 2.000000 0.222266 0.000000 0.000000 0.515820 0.421875 2.000000 0.492090 0.420312 2.000000 0.520215 0.453125 2.000000 0.486816 0.451562 2.000000 0.521973 0.456250 2.000000 0.491211 0.439063 2.000000 0.510547 0.473437 2.000000 0.497363 0.473437 2.000000 0.519336 0.476562 2.000000 0.493848 0.489062 2.000000 0.222266 0.000000 0.000000 0.222266 0.000000 0.000000
0 0.45334768 0.38200003 0.03817969 0.091000006 0.222266 0.000000 0.000000 0.456934 0.354688 2.000000 0.453418 0.354688 2.000000 0.461328 0.357812 2.000000 0.449902 0.357812 1.000000 0.463965 0.376563 2.000000 0.443750 0.378125 2.000000 0.470117 0.403125 1.000000 0.437598 0.406250 2.000000 0.458691 0.417188 2.000000 0.449902 0.417188 2.000000 0.461328 0.420312 2.000000 0.445508 0.421875 2.000000 0.222266 0.000000 0.000000 0.222266 0.000000 0.000000 0.222266 0.000000 0.000000 0.222266 0.000000 0.000000
0 0.4438291 0.35135156 0.03552539 0.09964063 0.445508 0.314063 2.000000 0.448145 0.309375 2.000000 0.443750 0.310937 2.000000 0.222266 0.000000 0.000000 0.222266 0.000000 0.000000 0.454297 0.335938 2.000000 0.435840 0.337500 2.000000 0.222266 0.000000 0.000000 0.432324 0.357812 2.000000 0.222266 0.000000 0.000000 0.432324 0.379687 2.000000 0.222266 0.000000 0.000000 0.439355 0.375000 2.000000 0.222266 0.000000 0.000000 0.222266 0.000000 0.000000 0.222266 0.000000 0.000000 0.222266 0.000000 0.000000
0 0.4316167 0.3069453 0.039963868 0.10717187 0.430566 0.271875 2.000000 0.433203 0.267188 2.000000 0.429688 0.268750 2.000000 0.436719 0.270312 2.000000 0.222266 0.000000 0.000000 0.441992 0.290625 2.000000 0.425293 0.290625 2.000000 0.448145 0.314063 1.000000 0.419141 0.312500 2.000000 0.433203 0.307813 2.000000 0.427051 0.307813 2.000000 0.438477 0.332812 1.000000 0.427930 0.332812 2.000000 0.222266 0.000000 0.000000 0.429688 0.345313 1.000000 0.222266 0.000000 0.000000 0.422656 0.389062 1.000000
0 0.42566648 0.26352343 0.03609668 0.087984376 0.222266 0.000000 0.000000 0.222266 0.000000 0.000000 0.222266 0.000000 0.000000 0.222266 0.000000 0.000000 0.222266 0.000000 0.000000 0.222266 0.000000 0.000000 0.222266 0.000000 0.000000 0.222266 0.000000 0.000000 0.222266 0.000000 0.000000 0.222266 0.000000 0.000000 0.222266 0.000000 0.000000 0.222266 0.000000 0.000000 0.222266 0.000000 0.000000 0.222266 0.000000 0.000000 0.222266 0.000000 0.000000 0.222266 0.000000 0.000000 0.222266 0.000000 0.000000
0 0.46123144 0.5412891 0.04577344 0.093140624 0.461328 0.523438 2.000000 0.463965 0.518750 2.000000 0.459570 0.518750 2.000000 0.470117 0.520312 2.000000 0.222266 0.000000 0.000000 0.476270 0.553125 2.000000 0.449902 0.548437 2.000000 0.483301 0.578125 2.000000 0.441992 0.568750 2.000000 0.222266 0.000000 0.000000 0.445508 0.579687 2.000000 0.222266 0.000000 0.000000 0.222266 0.000000 0.000000 0.222266 0.000000 0.000000 0.222266 0.000000 0.000000 0.222266 0.000000 0.000000 0.222266 0.000000 0.000000
0 0.47070166 0.44718748 0.03694043 0.13290624 0.471875 0.398438 2.000000 0.474512 0.395312 2.000000 0.469238 0.395312 2.000000 0.477148 0.400000 2.000000 0.466602 0.401563 2.000000 0.482422 0.423438 2.000000 0.462207 0.425000 2.000000 0.222266 0.000000 0.000000 0.460449 0.453125 2.000000 0.222266 0.000000 0.000000 0.472754 0.460938 2.000000 0.479785 0.467187 2.000000 0.462207 0.465625 2.000000 0.482422 0.484375 2.000000 0.461328 0.484375 2.000000 0.222266 0.000000 0.000000 0.222266 0.000000 0.000000
0 0.31536815 0.4299922 0.044578128 0.07789062 0.320703 0.406250 2.000000 0.322461 0.403125 2.000000 0.318945 0.401563 2.000000 0.222266 0.000000 0.000000 0.313672 0.406250 2.000000 0.325977 0.431250 2.000000 0.305762 0.425000 2.000000 0.333887 0.460938 2.000000 0.297852 0.451562 2.000000 0.323340 0.451562 2.000000 0.309277 0.450000 2.000000 0.222266 0.000000 0.000000 0.222266 0.000000 0.000000 0.222266 0.000000 0.000000 0.222266 0.000000 0.000000 0.222266 0.000000 0.000000 0.222266 0.000000 0.000000
0 0.52937305 0.5517188 0.24414258 0.752375 0.579102 0.231250 2.000000 0.589648 0.232812 2.000000 0.222266 0.000000 0.000000 0.605469 0.256250 2.000000 0.222266 0.000000 0.000000 0.630078 0.360938 2.000000 0.558887 0.304688 2.000000 0.636230 0.465625 2.000000 0.487695 0.256250 2.000000 0.601953 0.484375 2.000000 0.441113 0.209375 2.000000 0.598437 0.553125 2.000000 0.558008 0.553125 2.000000 0.615137 0.710938 2.000000 0.543066 0.714063 2.000000 0.623047 0.871875 2.000000 0.540430 0.868750 2.000000
0 0.49956053 0.296875 0.55458987 0.59375 0.222266 0.000000 0.000000 0.222266 0.000000 0.000000 0.222266 0.000000 0.000000 0.222266 0.000000 0.000000 0.222266 0.000000 0.000000 0.222266 0.000000 0.000000 0.222266 0.000000 0.000000 0.222266 0.000000 0.000000 0.222266 0.000000 0.000000 0.222266 0.000000 0.000000 0.222266 0.000000 0.000000 0.222266 0.000000 0.000000 0.222266 0.000000 0.000000 0.222266 0.000000 0.000000 0.222266 0.000000 0.000000 0.222266 0.000000 0.000000 0.222266 0.000000 0.000000