0 0.3329961 0.5256146 0.24267188 0.9487708 0.373437 0.204167 2.000000 0.378125 0.187500 2.000000 0.362891 0.185417 2.000000 0.125000 0.000000 0.000000 0.317187 0.150000 2.000000 0.364062 0.277083 2.000000 0.245703 0.293750 2.000000 0.401563 0.475000 2.000000 0.263281 0.487500 2.000000 0.426172 0.447917 2.000000 0.373437 0.429167 2.000000 0.381641 0.672917 2.000000 0.292578 0.704167 2.000000 0.125000 0.000000 0.000000 0.125000 0.000000 0.000000 0.125000 0.000000 0.000000 0.125000 0.000000 0.000000
0 0.5686836 0.5741562 0.15168749 0.8247292 0.530469 0.279167 2.000000 0.525781 0.256250 2.000000 0.125000 0.000000 0.000000 0.545703 0.229167 2.000000 0.125000 0.000000 0.000000 0.563281 0.306250 2.000000 0.610156 0.300000 2.000000 0.544531 0.466667 2.000000 0.590234 0.437500 2.000000 0.517578 0.447917 2.000000 0.536328 0.422917 2.000000 0.563281 0.593750 2.000000 0.616016 0.577083 2.000000 0.569141 0.812500 2.000000 0.611328 0.791667 2.000000 0.575000 0.970833 2.000000 0.616016 0.943750 2.000000
0 0.6499649 0.5559271 0.1296797 0.72577083 0.603125 0.250000 2.000000 0.613672 0.235417 2.000000 0.125000 0.000000 0.000000 0.638281 0.237500 2.000000 0.125000 0.000000 0.000000 0.671094 0.310417 2.000000 0.617188 0.316667 1.000000 0.699219 0.439583 2.000000 0.125000 0.000000 0.000000 0.698047 0.543750 1.000000 0.125000 0.000000 0.000000 0.665234 0.531250 1.000000 0.612500 0.522917 1.000000 0.665234 0.687500 2.000000 0.612500 0.679167 1.000000 0.679297 0.837500 2.000000 0.610156 0.825000 1.000000
0 0.7304785 0.4921354 0.28566796 0.9752708 0.753125 0.168750 2.000000 0.782422 0.120833 2.000000 0.737891 0.127083 2.000000 0.850391 0.133333 2.000000 0.125000 0.000000 0.000000 0.859766 0.422917 2.000000 0.784766 0.356250 2.000000 0.843359 0.893750 2.000000 0.758984 0.631250 2.000000 0.125000 0.000000 0.000000 0.657031 0.533333 2.000000 0.125000 0.000000 0.000000 0.125000 0.000000 0.000000 0.125000 0.000000 0.000000 0.125000 0.000000 0.000000 0.125000 0.000000 0.000000 0.125000 0.000000 0.000000
0 0.7480215 0.3694479 0.055019535 0.25406247 0.125000 0.000000 0.000000 0.125000 0.000000 0.000000 0.756641 0.287500 2.000000 0.125000 0.000000 0.000000 0.748438 0.287500 2.000000 0.761328 0.314583 2.000000 0.735547 0.312500 2.000000 0.766016 0.345833 2.000000 0.730859 0.341667 2.000000 0.757812 0.345833 2.000000 0.726172 0.370833 2.000000 0.753125 0.375000 2.000000 0.741406 0.375000 2.000000 0.746094 0.427083 2.000000 0.743750 0.422917 2.000000 0.740234 0.464583 2.000000 0.746094 0.464583 2.000000
0 0.69110936 0.2862083 0.009445312 0.056166664 0.125000 0.000000 0.000000 0.125000 0.000000 0.000000 0.125000 0.000000 0.000000 0.125000 0.000000 0.000000 0.125000 0.000000 0.000000 0.125000 0.000000 0.000000 0.125000 0.000000 0.000000 0.125000 0.000000 0.000000 0.125000 0.000000 0.000000 0.125000 0.000000 0.000000 0.125000 0.000000 0.000000 0.125000 0.000000 0.000000 0.125000 0.000000 0.000000 0.125000 0.000000 0.000000 0.125000 0.000000 0.000000 0.125000 0.000000 0.000000 0.125000 0.000000 0.000000
0 0.7092324 0.295375 0.018621095 0.09245834 0.125000 0.000000 0.000000 0.125000 0.000000 0.000000 0.125000 0.000000 0.000000 0.125000 0.000000 0.000000 0.125000 0.000000 0.000000 0.125000 0.000000 0.000000 0.125000 0.000000 0.000000 0.125000 0.000000 0.000000 0.125000 0.000000 0.000000 0.125000 0.000000 0.000000 0.125000 0.000000 0.000000 0.125000 0.000000 0.000000 0.125000 0.000000 0.000000 0.125000 0.000000 0.000000 0.125000 0.000000 0.000000 0.125000 0.000000 0.000000 0.125000 0.000000 0.000000
0 0.47792774 0.54365623 0.1502461 0.71793747 0.511719 0.241667 2.000000 0.125000 0.000000 0.000000 0.504687 0.233333 2.000000 0.125000 0.000000 0.000000 0.477734 0.241667 2.000000 0.528125 0.329167 2.000000 0.443750 0.322917 2.000000 0.558594 0.406250 1.000000 0.400391 0.402083 1.000000 0.125000 0.000000 0.000000 0.125000 0.000000 0.000000 0.526953 0.541667 1.000000 0.470703 0.556250 2.000000 0.512891 0.700000 2.000000 0.492969 0.691667 2.000000 0.503516 0.839583 2.000000 0.544531 0.783333 1.000000
0 0.7309883 0.29296875 0.019195313 0.080270834 0.125000 0.000000 0.000000 0.125000 0.000000 0.000000 0.125000 0.000000 0.000000 0.125000 0.000000 0.000000 0.125000 0.000000 0.000000 0.125000 0.000000 0.000000 0.125000 0.000000 0.000000 0.125000 0.000000 0.000000 0.125000 0.000000 0.000000 0.125000 0.000000 0.000000 0.125000 0.000000 0.000000 0.125000 0.000000 0.000000 0.125000 0.000000 0.000000 0.125000 0.000000 0.000000 0.125000 0.000000 0.000000 0.125000 0.000000 0.000000 0.125000 0.000000 0.000000
0 0.20904687 0.40368748 0.061734375 0.30495834 0.125000 0.000000 0.000000 0.125000 0.000000 0.000000 0.125000 0.000000 0.000000 0.125000 0.000000 0.000000 0.125000 0.000000 0.000000 0.244531 0.329167 1.000000 0.209375 0.329167 2.000000 0.125000 0.000000 0.000000 0.183594 0.379167 2.000000 0.125000 0.000000 0.000000 0.198828 0.431250 2.000000 0.241016 0.454167 1.000000 0.209375 0.458333 2.000000 0.237500 0.539583 1.000000 0.214062 0.550000 2.000000 0.235156 0.637500 1.000000 0.214062 0.643750 1.000000
0 0.72293746 0.28075 0.009703125 0.046291664 0.125000 0.000000 0.000000 0.125000 0.000000 0.000000 0.125000 0.000000 0.000000 0.125000 0.000000 0.000000 0.125000 0.000000 0.000000 0.125000 0.000000 0.000000 0.125000 0.000000 0.000000 0.125000 0.000000 0.000000 0.125000 0.000000 0.000000 0.125000 0.000000 0.000000 0.125000 0.000000 0.000000 0.125000 0.000000 0.000000 0.125000 0.000000 0.000000 0.125000 0.000000 0.000000 0.125000 0.000000 0.000000 0.125000 0.000000 0.000000 0.125000 0.000000 0.000000
0 0.69765437 0.2867292 0.0075351563 0.05325 0.125000 0.000000 0.000000 0.125000 0.000000 0.000000 0.125000 0.000000 0.000000 0.125000 0.000000 0.000000 0.125000 0.000000 0.000000 0.125000 0.000000 0.000000 0.125000 0.000000 0.000000 0.125000 0.000000 0.000000 0.125000 0.000000 0.000000 0.125000 0.000000 0.000000 0.125000 0.000000 0.000000 0.125000 0.000000 0.000000 0.125000 0.000000 0.000000 0.125000 0.000000 0.000000 0.125000 0.000000 0.000000 0.125000 0.000000 0.000000 0.125000 0.000000 0.000000