0 0.38492754 0.48636764 0.03951039 0.24131292 0.385531 0.389497 2.000000 0.387992 0.382932 2.000000 0.383069 0.385120 2.000000 0.106127 0.000000 0.000000 0.106127 0.000000 0.000000 0.392916 0.411379 2.000000 0.386762 0.409190 2.000000 0.392916 0.446390 2.000000 0.383069 0.444201 2.000000 0.389223 0.477024 2.000000 0.375684 0.483589 2.000000 0.392916 0.472648 2.000000 0.399070 0.472648 2.000000 0.381838 0.525164 2.000000 0.395377 0.514223 2.000000 0.376915 0.582057 2.000000 0.397839 0.582057 2.000000
0 0.64340675 0.4594858 0.02838348 0.18693656 0.639086 0.385120 2.000000 0.640317 0.382932 2.000000 0.637856 0.382932 2.000000 0.645241 0.382932 2.000000 0.106127 0.000000 0.000000 0.647702 0.404814 2.000000 0.636625 0.404814 2.000000 0.651395 0.437637 2.000000 0.635394 0.426696 2.000000 0.648933 0.457330 2.000000 0.632932 0.450766 2.000000 0.645241 0.452954 2.000000 0.636625 0.452954 1.000000 0.647702 0.487965 2.000000 0.639086 0.490153 2.000000 0.647702 0.536105 2.000000 0.645241 0.536105 2.000000
0 0.6213929 0.45578778 0.031940646 0.1664989 0.106127 0.000000 0.000000 0.106127 0.000000 0.000000 0.106127 0.000000 0.000000 0.106127 0.000000 0.000000 0.106127 0.000000 0.000000 0.106127 0.000000 0.000000 0.106127 0.000000 0.000000 0.106127 0.000000 0.000000 0.106127 0.000000 0.000000 0.106127 0.000000 0.000000 0.106127 0.000000 0.000000 0.106127 0.000000 0.000000 0.106127 0.000000 0.000000 0.106127 0.000000 0.000000 0.106127 0.000000 0.000000 0.106127 0.000000 0.000000 0.106127 0.000000 0.000000
0 0.75920546 0.67289937 0.14546226 0.6542013 0.106127 0.000000 0.000000 0.106127 0.000000 0.000000 0.106127 0.000000 0.000000 0.742478 0.402626 2.000000 0.776942 0.407002 2.000000 0.717861 0.470460 2.000000 0.783096 0.494530 2.000000 0.709245 0.437637 2.000000 0.806482 0.597374 2.000000 0.716630 0.389497 2.000000 0.818791 0.568928 2.000000 0.722784 0.687090 2.000000 0.760941 0.693654 2.000000 0.705553 0.785558 2.000000 0.769557 0.811816 2.000000 0.711707 0.938731 2.000000 0.765864 0.967177 2.000000
0 0.5545699 0.44431072 0.023743164 0.15763678 0.106127 0.000000 0.000000 0.106127 0.000000 0.000000 0.106127 0.000000 0.000000 0.106127 0.000000 0.000000 0.106127 0.000000 0.000000 0.106127 0.000000 0.000000 0.106127 0.000000 0.000000 0.106127 0.000000 0.000000 0.106127 0.000000 0.000000 0.106127 0.000000 0.000000 0.106127 0.000000 0.000000 0.106127 0.000000 0.000000 0.106127 0.000000 0.000000 0.106127 0.000000 0.000000 0.106127 0.000000 0.000000 0.106127 0.000000 0.000000 0.106127 0.000000 0.000000
0 0.58509505 0.45378554 0.02342314 0.16341358 0.106127 0.000000 0.000000 0.106127 0.000000 0.000000 0.106127 0.000000 0.000000 0.106127 0.000000 0.000000 0.106127 0.000000 0.000000 0.106127 0.000000 0.000000 0.106127 0.000000 0.000000 0.106127 0.000000 0.000000 0.106127 0.000000 0.000000 0.106127 0.000000 0.000000 0.106127 0.000000 0.000000 0.106127 0.000000 0.000000 0.106127 0.000000 0.000000 0.106127 0.000000 0.000000 0.106127 0.000000 0.000000 0.106127 0.000000 0.000000 0.106127 0.000000 0.000000
0 0.6858342 0.47230852 0.03050055 0.19682713 0.674781 0.385120 1.000000 0.677243 0.380744 2.000000 0.106127 0.000000 0.000000 0.683397 0.387309 2.000000 0.106127 0.000000 0.000000 0.689551 0.411379 2.000000 0.678474 0.411379 2.000000 0.694475 0.437637 2.000000 0.676012 0.452954 2.000000 0.689551 0.468271 2.000000 0.672319 0.468271 2.000000 0.687090 0.461707 2.000000 0.679705 0.459519 2.000000 0.687090 0.505470 2.000000 0.683397 0.507659 2.000000 0.690782 0.547046 2.000000 0.687090 0.542670 2.000000
0 0.80580556 0.49963894 0.043695293 0.24054705 0.801559 0.404814 2.000000 0.804021 0.400438 2.000000 0.801559 0.400438 2.000000 0.811406 0.402626 2.000000 0.106127 0.000000 0.000000 0.815099 0.428884 2.000000 0.797867 0.426696 2.000000 0.823714 0.466083 2.000000 0.106127 0.000000 0.000000 0.813868 0.472648 2.000000 0.106127 0.000000 0.000000 0.808944 0.487965 2.000000 0.795405 0.487965 2.000000 0.810175 0.540481 2.000000 0.795405 0.542670 1.000000 0.810175 0.590810 1.000000 0.795405 0.588621 1.000000
0 0.5650814 0.43805254 0.01847511 0.12765865 0.106127 0.000000 0.000000 0.106127 0.000000 0.000000 0.106127 0.000000 0.000000 0.106127 0.000000 0.000000 0.106127 0.000000 0.000000 0.106127 0.000000 0.000000 0.106127 0.000000 0.000000 0.106127 0.000000 0.000000 0.106127 0.000000 0.000000 0.106127 0.000000 0.000000 0.106127 0.000000 0.000000 0.106127 0.000000 0.000000 0.106127 0.000000 0.000000 0.106127 0.000000 0.000000 0.106127 0.000000 0.000000 0.106127 0.000000 0.000000 0.106127 0.000000 0.000000
0 0.53779334 0.47075495 0.045972373 0.21105033 0.536926 0.382932 2.000000 0.539387 0.380744 2.000000 0.534464 0.378556 2.000000 0.541849 0.387309 2.000000 0.530771 0.385120 2.000000 0.543080 0.409190 2.000000 0.530771 0.411379 2.000000 0.546772 0.442013 2.000000 0.106127 0.000000 0.000000 0.544311 0.472648 2.000000 0.527079 0.468271 2.000000 0.539387 0.457330 2.000000 0.530771 0.459519 2.000000 0.533233 0.516411 2.000000 0.540618 0.512035 2.000000 0.529540 0.555799 2.000000 0.554157 0.551422 2.000000
0 0.34409395 0.45340267 0.042378284 0.15625823 0.344912 0.389497 2.000000 0.346143 0.385120 2.000000 0.342451 0.385120 2.000000 0.347374 0.387309 2.000000 0.338758 0.387309 2.000000 0.351067 0.411379 2.000000 0.335066 0.409190 2.000000 0.357221 0.435449 2.000000 0.330142 0.431072 2.000000 0.359683 0.452954 2.000000 0.326450 0.455142 2.000000 0.344912 0.450766 2.000000 0.338758 0.452954 2.000000 0.351067 0.481400 2.000000 0.332604 0.481400 2.000000 0.353528 0.512035 2.000000 0.328911 0.514223 2.000000
0 0.16270308 0.46431074 0.038218 0.18328229 0.159054 0.387309 2.000000 0.160284 0.382932 2.000000 0.156592 0.382932 2.000000 0.106127 0.000000 0.000000 0.106127 0.000000 0.000000 0.168900 0.404814 2.000000 0.150438 0.404814 2.000000 0.173824 0.433260 2.000000 0.145514 0.439825 2.000000 0.173824 0.457330 2.000000 0.149207 0.461707 2.000000 0.167670 0.455142 2.000000 0.154130 0.455142 2.000000 0.168900 0.494530 2.000000 0.150438 0.496718 2.000000 0.172593 0.536105 2.000000 0.149207 0.536105 2.000000
0 0.31079942 0.44483593 0.02630334 0.12599564 0.106127 0.000000 0.000000 0.106127 0.000000 0.000000 0.106127 0.000000 0.000000 0.106127 0.000000 0.000000 0.106127 0.000000 0.000000 0.106127 0.000000 0.000000 0.106127 0.000000 0.000000 0.106127 0.000000 0.000000 0.106127 0.000000 0.000000 0.106127 0.000000 0.000000 0.106127 0.000000 0.000000 0.106127 0.000000 0.000000 0.106127 0.000000 0.000000 0.106127 0.000000 0.000000 0.106127 0.000000 0.000000 0.106127 0.000000 0.000000 0.106127 0.000000 0.000000
0 0.4809218 0.43654266 0.63881296 0.14223194 0.106127 0.000000 0.000000 0.106127 0.000000 0.000000 0.106127 0.000000 0.000000 0.106127 0.000000 0.000000 0.106127 0.000000 0.000000 0.106127 0.000000 0.000000 0.106127 0.000000 0.000000 0.106127 0.000000 0.000000 0.106127 0.000000 0.000000 0.106127 0.000000 0.000000 0.106127 0.000000 0.000000 0.106127 0.000000 0.000000 0.106127 0.000000 0.000000 0.106127 0.000000 0.000000 0.106127 0.000000 0.000000 0.106127 0.000000 0.000000 0.106127 0.000000 0.000000