0 0.23995312 0.87754166 0.041187502 0.10580556 0.000000 0.034722 0.000000 0.000000 0.034722 0.000000 0.000000 0.034722 0.000000 0.000000 0.034722 0.000000 0.000000 0.034722 0.000000 0.000000 0.034722 0.000000 0.000000 0.034722 0.000000 0.000000 0.034722 0.000000 0.000000 0.034722 0.000000 0.000000 0.034722 0.000000 0.000000 0.034722 0.000000 0.000000 0.034722 0.000000 0.000000 0.034722 0.000000 0.000000 0.034722 0.000000 0.000000 0.034722 0.000000 0.000000 0.034722 0.000000 0.000000 0.034722 0.000000
0 0.52468747 0.8471111 0.0443125 0.11394444 0.000000 0.034722 0.000000 0.000000 0.034722 0.000000 0.000000 0.034722 0.000000 0.000000 0.034722 0.000000 0.000000 0.034722 0.000000 0.000000 0.034722 0.000000 0.000000 0.034722 0.000000 0.000000 0.034722 0.000000 0.000000 0.034722 0.000000 0.000000 0.034722 0.000000 0.000000 0.034722 0.000000 0.000000 0.034722 0.000000 0.000000 0.034722 0.000000 0.000000 0.034722 0.000000 0.000000 0.034722 0.000000 0.000000 0.034722 0.000000 0.000000 0.034722 0.000000
0 0.16291405 0.57945836 0.036453124 0.08575 0.000000 0.034722 0.000000 0.000000 0.034722 0.000000 0.000000 0.034722 0.000000 0.000000 0.034722 0.000000 0.000000 0.034722 0.000000 0.000000 0.034722 0.000000 0.000000 0.034722 0.000000 0.000000 0.034722 0.000000 0.000000 0.034722 0.000000 0.000000 0.034722 0.000000 0.000000 0.034722 0.000000 0.000000 0.034722 0.000000 0.000000 0.034722 0.000000 0.000000 0.034722 0.000000 0.000000 0.034722 0.000000 0.000000 0.034722 0.000000 0.000000 0.034722 0.000000
0 0.35954687 0.7621528 0.0325 0.08908333 0.000000 0.034722 0.000000 0.000000 0.034722 0.000000 0.000000 0.034722 0.000000 0.000000 0.034722 0.000000 0.000000 0.034722 0.000000 0.000000 0.034722 0.000000 0.000000 0.034722 0.000000 0.000000 0.034722 0.000000 0.000000 0.034722 0.000000 0.000000 0.034722 0.000000 0.000000 0.034722 0.000000 0.000000 0.034722 0.000000 0.000000 0.034722 0.000000 0.000000 0.034722 0.000000 0.000000 0.034722 0.000000 0.000000 0.034722 0.000000 0.000000 0.034722 0.000000
0 0.07795312 0.5901944 0.01709375 0.07788889 0.000000 0.034722 0.000000 0.000000 0.034722 0.000000 0.000000 0.034722 0.000000 0.000000 0.034722 0.000000 0.000000 0.034722 0.000000 0.000000 0.034722 0.000000 0.000000 0.034722 0.000000 0.000000 0.034722 0.000000 0.000000 0.034722 0.000000 0.000000 0.034722 0.000000 0.000000 0.034722 0.000000 0.000000 0.034722 0.000000 0.000000 0.034722 0.000000 0.000000 0.034722 0.000000 0.000000 0.034722 0.000000 0.000000 0.034722 0.000000 0.000000 0.034722 0.000000
0 0.5912656 0.7455973 0.033875 0.11069444 0.000000 0.034722 0.000000 0.000000 0.034722 0.000000 0.000000 0.034722 0.000000 0.000000 0.034722 0.000000 0.000000 0.034722 0.000000 0.000000 0.034722 0.000000 0.000000 0.034722 0.000000 0.000000 0.034722 0.000000 0.000000 0.034722 0.000000 0.000000 0.034722 0.000000 0.000000 0.034722 0.000000 0.000000 0.034722 0.000000 0.000000 0.034722 0.000000 0.000000 0.034722 0.000000 0.000000 0.034722 0.000000 0.000000 0.034722 0.000000 0.000000 0.034722 0.000000
0 0.6318828 0.6541945 0.029890625 0.09538889 0.000000 0.034722 0.000000 0.000000 0.034722 0.000000 0.000000 0.034722 0.000000 0.000000 0.034722 0.000000 0.000000 0.034722 0.000000 0.000000 0.034722 0.000000 0.000000 0.034722 0.000000 0.000000 0.034722 0.000000 0.000000 0.034722 0.000000 0.000000 0.034722 0.000000 0.000000 0.034722 0.000000 0.000000 0.034722 0.000000 0.000000 0.034722 0.000000 0.000000 0.034722 0.000000 0.000000 0.034722 0.000000 0.000000 0.034722 0.000000 0.000000 0.034722 0.000000
0 0.0991875 0.5810417 0.019625 0.09652778 0.000000 0.034722 0.000000 0.000000 0.034722 0.000000 0.000000 0.034722 0.000000 0.000000 0.034722 0.000000 0.000000 0.034722 0.000000 0.000000 0.034722 0.000000 0.000000 0.034722 0.000000 0.000000 0.034722 0.000000 0.000000 0.034722 0.000000 0.000000 0.034722 0.000000 0.000000 0.034722 0.000000 0.000000 0.034722 0.000000 0.000000 0.034722 0.000000 0.000000 0.034722 0.000000 0.000000 0.034722 0.000000 0.000000 0.034722 0.000000 0.000000 0.034722 0.000000
0 0.35821095 0.5898333 0.015265626 0.07300001 0.000000 0.034722 0.000000 0.000000 0.034722 0.000000 0.000000 0.034722 0.000000 0.000000 0.034722 0.000000 0.000000 0.034722 0.000000 0.000000 0.034722 0.000000 0.000000 0.034722 0.000000 0.000000 0.034722 0.000000 0.000000 0.034722 0.000000 0.000000 0.034722 0.000000 0.000000 0.034722 0.000000 0.000000 0.034722 0.000000 0.000000 0.034722 0.000000 0.000000 0.034722 0.000000 0.000000 0.034722 0.000000 0.000000 0.034722 0.000000 0.000000 0.034722 0.000000
0 0.19152342 0.6536389 0.021703126 0.094611116 0.000000 0.034722 0.000000 0.000000 0.034722 0.000000 0.000000 0.034722 0.000000 0.000000 0.034722 0.000000 0.000000 0.034722 0.000000 0.000000 0.034722 0.000000 0.000000 0.034722 0.000000 0.000000 0.034722 0.000000 0.000000 0.034722 0.000000 0.000000 0.034722 0.000000 0.000000 0.034722 0.000000 0.000000 0.034722 0.000000 0.000000 0.034722 0.000000 0.000000 0.034722 0.000000 0.000000 0.034722 0.000000 0.000000 0.034722 0.000000 0.000000 0.034722 0.000000
0 0.038124997 0.5876111 0.01765625 0.092888884 0.000000 0.034722 0.000000 0.000000 0.034722 0.000000 0.000000 0.034722 0.000000 0.000000 0.034722 0.000000 0.000000 0.034722 0.000000 0.000000 0.034722 0.000000 0.000000 0.034722 0.000000 0.000000 0.034722 0.000000 0.000000 0.034722 0.000000 0.000000 0.034722 0.000000 0.000000 0.034722 0.000000 0.000000 0.034722 0.000000 0.000000 0.034722 0.000000 0.000000 0.034722 0.000000 0.000000 0.034722 0.000000 0.000000 0.034722 0.000000 0.000000 0.034722 0.000000
0 0.5440625 0.83741665 0.040312495 0.08716667 0.000000 0.034722 0.000000 0.000000 0.034722 0.000000 0.000000 0.034722 0.000000 0.000000 0.034722 0.000000 0.000000 0.034722 0.000000 0.000000 0.034722 0.000000 0.000000 0.034722 0.000000 0.000000 0.034722 0.000000 0.000000 0.034722 0.000000 0.000000 0.034722 0.000000 0.000000 0.034722 0.000000 0.000000 0.034722 0.000000 0.000000 0.034722 0.000000 0.000000 0.034722 0.000000 0.000000 0.034722 0.000000 0.000000 0.034722 0.000000 0.000000 0.034722 0.000000
0 0.17740625 0.6420556 0.0218125 0.06966666 0.000000 0.034722 0.000000 0.000000 0.034722 0.000000 0.000000 0.034722 0.000000 0.000000 0.034722 0.000000 0.000000 0.034722 0.000000 0.000000 0.034722 0.000000 0.000000 0.034722 0.000000 0.000000 0.034722 0.000000 0.000000 0.034722 0.000000 0.000000 0.034722 0.000000 0.000000 0.034722 0.000000 0.000000 0.034722 0.000000 0.000000 0.034722 0.000000 0.000000 0.034722 0.000000 0.000000 0.034722 0.000000 0.000000 0.034722 0.000000 0.000000 0.034722 0.000000
0 0.34296876 0.7416667 0.6828125 0.44166666 0.000000 0.034722 0.000000 0.000000 0.034722 0.000000 0.000000 0.034722 0.000000 0.000000 0.034722 0.000000 0.000000 0.034722 0.000000 0.000000 0.034722 0.000000 0.000000 0.034722 0.000000 0.000000 0.034722 0.000000 0.000000 0.034722 0.000000 0.000000 0.034722 0.000000 0.000000 0.034722 0.000000 0.000000 0.034722 0.000000 0.000000 0.034722 0.000000 0.000000 0.034722 0.000000 0.000000 0.034722 0.000000 0.000000 0.034722 0.000000 0.000000 0.034722 0.000000