0 0.7109375 0.40879166 0.03419531 0.121625 0.125000 0.000000 0.000000 0.125000 0.000000 0.000000 0.125000 0.000000 0.000000 0.125000 0.000000 0.000000 0.125000 0.000000 0.000000 0.125000 0.000000 0.000000 0.125000 0.000000 0.000000 0.125000 0.000000 0.000000 0.125000 0.000000 0.000000 0.125000 0.000000 0.000000 0.125000 0.000000 0.000000 0.125000 0.000000 0.000000 0.125000 0.000000 0.000000 0.125000 0.000000 0.000000 0.125000 0.000000 0.000000 0.125000 0.000000 0.000000 0.125000 0.000000 0.000000
0 0.38863087 0.6272708 0.11958984 0.599875 0.125000 0.000000 0.000000 0.125000 0.000000 0.000000 0.125000 0.000000 0.000000 0.125000 0.000000 0.000000 0.125000 0.000000 0.000000 0.348828 0.447917 2.000000 0.405078 0.439583 2.000000 0.337109 0.564583 1.000000 0.429688 0.537500 2.000000 0.344141 0.633333 1.000000 0.434375 0.616667 1.000000 0.362891 0.595833 2.000000 0.412109 0.583333 2.000000 0.361719 0.729167 1.000000 0.417969 0.606250 2.000000 0.358203 0.866667 2.000000 0.427344 0.704167 2.000000
0 0.45306054 0.4946354 0.07501172 0.32881248 0.125000 0.000000 0.000000 0.125000 0.000000 0.000000 0.125000 0.000000 0.000000 0.125000 0.000000 0.000000 0.125000 0.000000 0.000000 0.436719 0.402083 2.000000 0.464844 0.400000 2.000000 0.428516 0.437500 2.000000 0.475391 0.435417 2.000000 0.432031 0.477083 2.000000 0.482422 0.475000 2.000000 0.446094 0.485417 2.000000 0.463672 0.483333 2.000000 0.435547 0.535417 2.000000 0.474219 0.533333 2.000000 0.441406 0.602083 2.000000 0.476562 0.593750 2.000000
0 0.50898826 0.43110415 0.021117188 0.11812501 0.125000 0.000000 0.000000 0.125000 0.000000 0.000000 0.125000 0.000000 0.000000 0.125000 0.000000 0.000000 0.125000 0.000000 0.000000 0.125000 0.000000 0.000000 0.125000 0.000000 0.000000 0.125000 0.000000 0.000000 0.125000 0.000000 0.000000 0.125000 0.000000 0.000000 0.125000 0.000000 0.000000 0.125000 0.000000 0.000000 0.125000 0.000000 0.000000 0.125000 0.000000 0.000000 0.125000 0.000000 0.000000 0.125000 0.000000 0.000000 0.125000 0.000000 0.000000
0 0.49102345 0.48467708 0.040710937 0.26310417 0.125000 0.000000 0.000000 0.125000 0.000000 0.000000 0.125000 0.000000 0.000000 0.125000 0.000000 0.000000 0.125000 0.000000 0.000000 0.473047 0.402083 1.000000 0.501172 0.406250 2.000000 0.125000 0.000000 0.000000 0.505859 0.437500 2.000000 0.125000 0.000000 0.000000 0.504687 0.464583 2.000000 0.476562 0.468750 2.000000 0.492969 0.468750 2.000000 0.474219 0.529167 1.000000 0.492969 0.537500 2.000000 0.473047 0.581250 1.000000 0.489453 0.597917 2.000000
0 0.24571484 0.61572915 0.23889844 0.76404166 0.125000 0.000000 0.000000 0.125000 0.000000 0.000000 0.125000 0.000000 0.000000 0.125000 0.000000 0.000000 0.125000 0.000000 0.000000 0.134375 0.437500 2.000000 0.265625 0.439583 2.000000 0.125000 0.000000 0.000000 0.319531 0.581250 2.000000 0.125000 0.000000 0.000000 0.337109 0.697917 2.000000 0.147266 0.760417 2.000000 0.238672 0.764583 2.000000 0.125000 0.000000 0.000000 0.269141 0.981250 2.000000 0.125000 0.000000 0.000000 0.125000 0.000000 0.000000
0 0.7222696 0.37728125 0.011132812 0.043312505 0.125000 0.000000 0.000000 0.125000 0.000000 0.000000 0.125000 0.000000 0.000000 0.125000 0.000000 0.000000 0.125000 0.000000 0.000000 0.125000 0.000000 0.000000 0.125000 0.000000 0.000000 0.125000 0.000000 0.000000 0.125000 0.000000 0.000000 0.125000 0.000000 0.000000 0.125000 0.000000 0.000000 0.125000 0.000000 0.000000 0.125000 0.000000 0.000000 0.125000 0.000000 0.000000 0.125000 0.000000 0.000000 0.125000 0.000000 0.000000 0.125000 0.000000 0.000000
0 0.7308711 0.3778854 0.011507812 0.054270834 0.125000 0.000000 0.000000 0.125000 0.000000 0.000000 0.125000 0.000000 0.000000 0.125000 0.000000 0.000000 0.125000 0.000000 0.000000 0.125000 0.000000 0.000000 0.125000 0.000000 0.000000 0.125000 0.000000 0.000000 0.125000 0.000000 0.000000 0.125000 0.000000 0.000000 0.125000 0.000000 0.000000 0.125000 0.000000 0.000000 0.125000 0.000000 0.000000 0.125000 0.000000 0.000000 0.125000 0.000000 0.000000 0.125000 0.000000 0.000000 0.125000 0.000000 0.000000
0 0.675207 0.3744583 0.0075000003 0.034875 0.125000 0.000000 0.000000 0.125000 0.000000 0.000000 0.125000 0.000000 0.000000 0.125000 0.000000 0.000000 0.125000 0.000000 0.000000 0.125000 0.000000 0.000000 0.125000 0.000000 0.000000 0.125000 0.000000 0.000000 0.125000 0.000000 0.000000 0.125000 0.000000 0.000000 0.125000 0.000000 0.000000 0.125000 0.000000 0.000000 0.125000 0.000000 0.000000 0.125000 0.000000 0.000000 0.125000 0.000000 0.000000 0.125000 0.000000 0.000000 0.125000 0.000000 0.000000
0 0.6410118 0.39109376 0.006351562 0.03322917 0.125000 0.000000 0.000000 0.125000 0.000000 0.000000 0.125000 0.000000 0.000000 0.125000 0.000000 0.000000 0.125000 0.000000 0.000000 0.125000 0.000000 0.000000 0.125000 0.000000 0.000000 0.125000 0.000000 0.000000 0.125000 0.000000 0.000000 0.125000 0.000000 0.000000 0.125000 0.000000 0.000000 0.125000 0.000000 0.000000 0.125000 0.000000 0.000000 0.125000 0.000000 0.000000 0.125000 0.000000 0.000000 0.125000 0.000000 0.000000 0.125000 0.000000 0.000000
0 0.72794724 0.37242708 0.004558594 0.026645834 0.125000 0.000000 0.000000 0.125000 0.000000 0.000000 0.125000 0.000000 0.000000 0.125000 0.000000 0.000000 0.125000 0.000000 0.000000 0.125000 0.000000 0.000000 0.125000 0.000000 0.000000 0.125000 0.000000 0.000000 0.125000 0.000000 0.000000 0.125000 0.000000 0.000000 0.125000 0.000000 0.000000 0.125000 0.000000 0.000000 0.125000 0.000000 0.000000 0.125000 0.000000 0.000000 0.125000 0.000000 0.000000 0.125000 0.000000 0.000000 0.125000 0.000000 0.000000