0 0.42975876 0.32781678 0.2148465 0.45789474 0.373904 0.206628 2.000000 0.384868 0.189084 2.000000 0.149123 0.000000 0.000000 0.413377 0.183236 2.000000 0.149123 0.000000 0.000000 0.456140 0.241715 2.000000 0.385965 0.298246 2.000000 0.503289 0.333333 2.000000 0.373904 0.423002 1.000000 0.453947 0.311891 2.000000 0.346491 0.514620 2.000000 0.506579 0.421053 2.000000 0.453947 0.452242 1.000000 0.455044 0.499025 1.000000 0.149123 0.000000 0.000000 0.149123 0.000000 0.000000 0.149123 0.000000 0.000000
0 0.51205045 0.25954193 0.13214913 0.29612088 0.455044 0.175439 2.000000 0.462719 0.163743 2.000000 0.149123 0.000000 0.000000 0.476974 0.169591 2.000000 0.149123 0.000000 0.000000 0.468202 0.239766 1.000000 0.506579 0.181287 2.000000 0.149123 0.000000 0.000000 0.531798 0.192982 2.000000 0.149123 0.000000 0.000000 0.510965 0.191033 2.000000 0.527412 0.362573 2.000000 0.557018 0.315789 2.000000 0.149123 0.000000 0.000000 0.149123 0.000000 0.000000 0.149123 0.000000 0.000000 0.149123 0.000000 0.000000
0 0.21466011 0.252115 0.045921054 0.25035086 0.217105 0.157895 2.000000 0.221491 0.152047 2.000000 0.214912 0.152047 2.000000 0.224781 0.157895 2.000000 0.211623 0.155945 2.000000 0.231360 0.175439 2.000000 0.201754 0.177388 2.000000 0.230263 0.206628 2.000000 0.196272 0.198830 2.000000 0.216009 0.204678 2.000000 0.206140 0.204678 2.000000 0.228070 0.231969 1.000000 0.210526 0.228070 1.000000 0.229167 0.296296 1.000000 0.210526 0.298246 2.000000 0.224781 0.350877 2.000000 0.220395 0.358674 1.000000
0 0.27420506 0.15888889 0.06716009 0.13282652 0.280702 0.120858 2.000000 0.283991 0.115010 2.000000 0.278509 0.115010 2.000000 0.287281 0.118908 2.000000 0.269737 0.118908 2.000000 0.293860 0.146199 1.000000 0.263158 0.146199 2.000000 0.304825 0.181287 1.000000 0.251097 0.177388 2.000000 0.149123 0.000000 0.000000 0.248904 0.202729 2.000000 0.290570 0.237817 1.000000 0.266447 0.237817 1.000000 0.149123 0.000000 0.000000 0.149123 0.000000 0.000000 0.149123 0.000000 0.000000 0.149123 0.000000 0.000000
0 0.6841228 0.14561403 0.0254386 0.07118909 0.149123 0.000000 0.000000 0.149123 0.000000 0.000000 0.149123 0.000000 0.000000 0.149123 0.000000 0.000000 0.149123 0.000000 0.000000 0.149123 0.000000 0.000000 0.149123 0.000000 0.000000 0.149123 0.000000 0.000000 0.149123 0.000000 0.000000 0.149123 0.000000 0.000000 0.149123 0.000000 0.000000 0.149123 0.000000 0.000000 0.149123 0.000000 0.000000 0.149123 0.000000 0.000000 0.149123 0.000000 0.000000 0.149123 0.000000 0.000000 0.149123 0.000000 0.000000
0 0.6663048 0.20934698 0.029890353 0.16512671 0.149123 0.000000 0.000000 0.149123 0.000000 0.000000 0.149123 0.000000 0.000000 0.149123 0.000000 0.000000 0.149123 0.000000 0.000000 0.149123 0.000000 0.000000 0.149123 0.000000 0.000000 0.149123 0.000000 0.000000 0.149123 0.000000 0.000000 0.149123 0.000000 0.000000 0.149123 0.000000 0.000000 0.149123 0.000000 0.000000 0.149123 0.000000 0.000000 0.149123 0.000000 0.000000 0.149123 0.000000 0.000000 0.149123 0.000000 0.000000 0.149123 0.000000 0.000000
0 0.5179387 0.16046785 0.034890354 0.043703705 0.149123 0.000000 0.000000 0.149123 0.000000 0.000000 0.149123 0.000000 0.000000 0.149123 0.000000 0.000000 0.149123 0.000000 0.000000 0.149123 0.000000 0.000000 0.149123 0.000000 0.000000 0.149123 0.000000 0.000000 0.149123 0.000000 0.000000 0.149123 0.000000 0.000000 0.149123 0.000000 0.000000 0.149123 0.000000 0.000000 0.149123 0.000000 0.000000 0.149123 0.000000 0.000000 0.149123 0.000000 0.000000 0.149123 0.000000 0.000000 0.149123 0.000000 0.000000
0 0.5564529 0.16856726 0.045449562 0.09233918 0.550439 0.150097 2.000000 0.553728 0.148148 2.000000 0.547149 0.148148 2.000000 0.558114 0.148148 2.000000 0.542763 0.150097 1.000000 0.563596 0.183236 2.000000 0.537281 0.183236 1.000000 0.149123 0.000000 0.000000 0.538377 0.208577 2.000000 0.149123 0.000000 0.000000 0.557018 0.210526 2.000000 0.149123 0.000000 0.000000 0.149123 0.000000 0.000000 0.149123 0.000000 0.000000 0.149123 0.000000 0.000000 0.149123 0.000000 0.000000 0.149123 0.000000 0.000000
0 0.72305375 0.14307992 0.022379387 0.07918129 0.149123 0.000000 0.000000 0.149123 0.000000 0.000000 0.149123 0.000000 0.000000 0.149123 0.000000 0.000000 0.149123 0.000000 0.000000 0.149123 0.000000 0.000000 0.149123 0.000000 0.000000 0.149123 0.000000 0.000000 0.149123 0.000000 0.000000 0.149123 0.000000 0.000000 0.149123 0.000000 0.000000 0.149123 0.000000 0.000000 0.149123 0.000000 0.000000 0.149123 0.000000 0.000000 0.149123 0.000000 0.000000 0.149123 0.000000 0.000000 0.149123 0.000000 0.000000
0 0.2873026 0.25540936 0.055548247 0.22220273 0.288377 0.167641 2.000000 0.291667 0.163743 2.000000 0.287281 0.163743 2.000000 0.296053 0.163743 2.000000 0.281798 0.163743 2.000000 0.302632 0.183236 2.000000 0.274123 0.189084 2.000000 0.311404 0.204678 2.000000 0.257675 0.210526 1.000000 0.290570 0.208577 2.000000 0.276316 0.214425 2.000000 0.302632 0.270955 2.000000 0.277412 0.272904 2.000000 0.300439 0.325536 2.000000 0.280702 0.327485 2.000000 0.300439 0.376218 1.000000 0.283991 0.378168 1.000000
0 0.33054277 0.24046783 0.041633774 0.23582847 0.332237 0.148148 2.000000 0.335526 0.142300 2.000000 0.328947 0.142300 2.000000 0.341009 0.144250 2.000000 0.323465 0.144250 2.000000 0.347588 0.169591 2.000000 0.322368 0.167641 2.000000 0.149123 0.000000 0.000000 0.314693 0.181287 2.000000 0.149123 0.000000 0.000000 0.320175 0.157895 2.000000 0.343202 0.231969 1.000000 0.322368 0.233918 2.000000 0.343202 0.288499 1.000000 0.323465 0.286550 2.000000 0.342105 0.354776 1.000000 0.323465 0.350877 2.000000
0 0.19904058 0.15585771 0.03911184 0.11284601 0.149123 0.000000 0.000000 0.149123 0.000000 0.000000 0.149123 0.000000 0.000000 0.149123 0.000000 0.000000 0.149123 0.000000 0.000000 0.149123 0.000000 0.000000 0.149123 0.000000 0.000000 0.149123 0.000000 0.000000 0.149123 0.000000 0.000000 0.149123 0.000000 0.000000 0.149123 0.000000 0.000000 0.149123 0.000000 0.000000 0.149123 0.000000 0.000000 0.149123 0.000000 0.000000 0.149123 0.000000 0.000000 0.149123 0.000000 0.000000 0.149123 0.000000 0.000000
0 0.7430209 0.2505458 0.04494518 0.24074075 0.733553 0.167641 2.000000 0.735746 0.163743 2.000000 0.732456 0.161793 2.000000 0.748904 0.159844 2.000000 0.149123 0.000000 0.000000 0.756579 0.179337 2.000000 0.728070 0.179337 2.000000 0.758772 0.208577 2.000000 0.726974 0.208577 2.000000 0.746711 0.218324 2.000000 0.737939 0.220273 2.000000 0.754386 0.255361 1.000000 0.737939 0.253411 2.000000 0.754386 0.302144 1.000000 0.740132 0.311891 1.000000 0.753289 0.358674 2.000000 0.741228 0.360624 1.000000
0 0.49945176 0.15789475 0.7006579 0.17153998 0.149123 0.000000 0.000000 0.149123 0.000000 0.000000 0.149123 0.000000 0.000000 0.149123 0.000000 0.000000 0.149123 0.000000 0.000000 0.149123 0.000000 0.000000 0.149123 0.000000 0.000000 0.149123 0.000000 0.000000 0.149123 0.000000 0.000000 0.149123 0.000000 0.000000 0.149123 0.000000 0.000000 0.149123 0.000000 0.000000 0.149123 0.000000 0.000000 0.149123 0.000000 0.000000 0.149123 0.000000 0.000000 0.149123 0.000000 0.000000 0.149123 0.000000 0.000000