0 0.41826707 0.75835866 0.12738638 0.48328286 0.427083 0.577441 2.000000 0.432765 0.562290 2.000000 0.419508 0.562290 2.000000 0.196970 0.000000 0.000000 0.404356 0.567340 2.000000 0.448864 0.631313 2.000000 0.390152 0.629630 2.000000 0.472538 0.703704 2.000000 0.358902 0.703704 2.000000 0.450758 0.710438 2.000000 0.398674 0.715488 2.000000 0.435606 0.804714 2.000000 0.403409 0.804714 2.000000 0.432765 0.895623 2.000000 0.411932 0.898990 2.000000 0.403409 0.976431 2.000000 0.196970 0.000000 0.000000
0 0.6648911 0.7038721 0.064801134 0.3402357 0.196970 0.000000 0.000000 0.196970 0.000000 0.000000 0.196970 0.000000 0.000000 0.196970 0.000000 0.000000 0.196970 0.000000 0.000000 0.650568 0.599327 2.000000 0.684659 0.601010 2.000000 0.642992 0.646465 2.000000 0.693182 0.651515 2.000000 0.653409 0.673401 2.000000 0.678977 0.676768 2.000000 0.657197 0.698653 2.000000 0.678977 0.696970 2.000000 0.653409 0.762626 2.000000 0.673295 0.765993 2.000000 0.663826 0.829966 2.000000 0.670455 0.824916 2.000000
0 0.7064346 0.6475926 0.041695073 0.2331313 0.196970 0.000000 0.000000 0.196970 0.000000 0.000000 0.196970 0.000000 0.000000 0.697917 0.548822 2.000000 0.709280 0.547138 2.000000 0.689394 0.577441 2.000000 0.716856 0.575758 2.000000 0.683712 0.609428 1.000000 0.726326 0.597643 2.000000 0.196970 0.000000 0.000000 0.196970 0.000000 0.000000 0.697917 0.632997 2.000000 0.714015 0.631313 1.000000 0.700758 0.691919 2.000000 0.714015 0.683502 1.000000 0.704545 0.742424 2.000000 0.712121 0.732323 1.000000
0 0.500876 0.7209765 0.065312505 0.33986533 0.492424 0.594276 2.000000 0.495265 0.589226 2.000000 0.490530 0.589226 2.000000 0.196970 0.000000 0.000000 0.196970 0.000000 0.000000 0.517992 0.617845 2.000000 0.488636 0.612795 2.000000 0.528409 0.670034 2.000000 0.482008 0.663300 2.000000 0.517992 0.695286 2.000000 0.483902 0.685185 2.000000 0.508523 0.718855 2.000000 0.490530 0.715488 2.000000 0.509470 0.786195 2.000000 0.485795 0.782828 2.000000 0.508523 0.858586 2.000000 0.481061 0.868687 2.000000
0 0.56119317 0.71021044 0.062575765 0.35988218 0.543561 0.567340 2.000000 0.547349 0.562290 2.000000 0.541667 0.562290 2.000000 0.555871 0.560606 2.000000 0.196970 0.000000 0.000000 0.571970 0.606061 2.000000 0.536932 0.609428 2.000000 0.584280 0.653199 2.000000 0.196970 0.000000 0.000000 0.581439 0.698653 2.000000 0.196970 0.000000 0.000000 0.567235 0.702020 2.000000 0.544508 0.703704 2.000000 0.567235 0.779461 2.000000 0.545455 0.782828 2.000000 0.565341 0.843434 2.000000 0.545455 0.858586 2.000000
0 0.58283144 0.6086953 0.03719697 0.15402357 0.574811 0.562290 2.000000 0.578599 0.555556 2.000000 0.571970 0.555556 2.000000 0.582386 0.560606 2.000000 0.564394 0.557239 2.000000 0.589015 0.587542 2.000000 0.556818 0.587542 1.000000 0.594697 0.638047 2.000000 0.196970 0.000000 0.000000 0.588068 0.681818 1.000000 0.196970 0.000000 0.000000 0.580492 0.671717 1.000000 0.564394 0.671717 1.000000 0.578599 0.750842 1.000000 0.565341 0.742424 1.000000 0.196970 0.000000 0.000000 0.196970 0.000000 0.000000
0 0.7858191 0.7496464 0.03425189 0.42154884 0.196970 0.000000 0.000000 0.196970 0.000000 0.000000 0.196970 0.000000 0.000000 0.787879 0.582492 2.000000 0.196970 0.000000 0.000000 0.784091 0.627946 2.000000 0.196970 0.000000 0.000000 0.775568 0.688552 2.000000 0.196970 0.000000 0.000000 0.196970 0.000000 0.000000 0.196970 0.000000 0.000000 0.789773 0.744108 2.000000 0.196970 0.000000 0.000000 0.787879 0.846801 2.000000 0.196970 0.000000 0.000000 0.787879 0.930976 2.000000 0.196970 0.000000 0.000000
0 0.64579076 0.5774663 0.018759469 0.047828283 0.196970 0.000000 0.000000 0.196970 0.000000 0.000000 0.196970 0.000000 0.000000 0.196970 0.000000 0.000000 0.196970 0.000000 0.000000 0.196970 0.000000 0.000000 0.196970 0.000000 0.000000 0.196970 0.000000 0.000000 0.196970 0.000000 0.000000 0.196970 0.000000 0.000000 0.196970 0.000000 0.000000 0.196970 0.000000 0.000000 0.196970 0.000000 0.000000 0.196970 0.000000 0.000000 0.196970 0.000000 0.000000 0.196970 0.000000 0.000000 0.196970 0.000000 0.000000
0 0.73725855 0.70922565 0.05184659 0.30774412 0.196970 0.000000 0.000000 0.196970 0.000000 0.000000 0.196970 0.000000 0.000000 0.724432 0.580808 2.000000 0.741477 0.572391 2.000000 0.718750 0.622896 2.000000 0.750947 0.621212 2.000000 0.196970 0.000000 0.000000 0.196970 0.000000 0.000000 0.196970 0.000000 0.000000 0.196970 0.000000 0.000000 0.196970 0.000000 0.000000 0.196970 0.000000 0.000000 0.196970 0.000000 0.000000 0.196970 0.000000 0.000000 0.196970 0.000000 0.000000 0.196970 0.000000 0.000000
0 0.4620455 0.6069697 0.015984848 0.064141415 0.196970 0.000000 0.000000 0.196970 0.000000 0.000000 0.196970 0.000000 0.000000 0.196970 0.000000 0.000000 0.196970 0.000000 0.000000 0.196970 0.000000 0.000000 0.196970 0.000000 0.000000 0.196970 0.000000 0.000000 0.196970 0.000000 0.000000 0.196970 0.000000 0.000000 0.196970 0.000000 0.000000 0.196970 0.000000 0.000000 0.196970 0.000000 0.000000 0.196970 0.000000 0.000000 0.196970 0.000000 0.000000 0.196970 0.000000 0.000000 0.196970 0.000000 0.000000
0 0.626553 0.6290321 0.029109849 0.14607744 0.196970 0.000000 0.000000 0.196970 0.000000 0.000000 0.196970 0.000000 0.000000 0.196970 0.000000 0.000000 0.196970 0.000000 0.000000 0.617424 0.585859 2.000000 0.633523 0.585859 2.000000 0.613636 0.606061 2.000000 0.639205 0.604377 2.000000 0.196970 0.000000 0.000000 0.196970 0.000000 0.000000 0.623106 0.626263 2.000000 0.631629 0.626263 2.000000 0.625947 0.664983 2.000000 0.629735 0.661616 2.000000 0.627841 0.695286 2.000000 0.627841 0.685185 2.000000
0 0.4773864 0.6125505 0.022954546 0.09294613 0.196970 0.000000 0.000000 0.196970 0.000000 0.000000 0.196970 0.000000 0.000000 0.196970 0.000000 0.000000 0.196970 0.000000 0.000000 0.196970 0.000000 0.000000 0.196970 0.000000 0.000000 0.196970 0.000000 0.000000 0.196970 0.000000 0.000000 0.196970 0.000000 0.000000 0.196970 0.000000 0.000000 0.196970 0.000000 0.000000 0.196970 0.000000 0.000000 0.196970 0.000000 0.000000 0.196970 0.000000 0.000000 0.196970 0.000000 0.000000 0.196970 0.000000 0.000000
0 0.7672585 0.64821553 0.03678977 0.21491583 0.196970 0.000000 0.000000 0.196970 0.000000 0.000000 0.196970 0.000000 0.000000 0.770833 0.562290 2.000000 0.196970 0.000000 0.000000 0.766099 0.585859 2.000000 0.785038 0.585859 1.000000 0.761364 0.614478 2.000000 0.196970 0.000000 0.000000 0.196970 0.000000 0.000000 0.196970 0.000000 0.000000 0.765152 0.643098 2.000000 0.782197 0.643098 1.000000 0.763258 0.685185 2.000000 0.196970 0.000000 0.000000 0.760417 0.742424 2.000000 0.196970 0.000000 0.000000
0 0.46164772 0.6212121 0.31723487 0.15824917 0.196970 0.000000 0.000000 0.196970 0.000000 0.000000 0.196970 0.000000 0.000000 0.196970 0.000000 0.000000 0.196970 0.000000 0.000000 0.196970 0.000000 0.000000 0.196970 0.000000 0.000000 0.196970 0.000000 0.000000 0.196970 0.000000 0.000000 0.196970 0.000000 0.000000 0.196970 0.000000 0.000000 0.196970 0.000000 0.000000 0.196970 0.000000 0.000000 0.196970 0.000000 0.000000 0.196970 0.000000 0.000000 0.196970 0.000000 0.000000 0.196970 0.000000 0.000000