0 0.51137376 0.84290004 0.013320001 0.05392 0.312125 0.000000 0.000000 0.312125 0.000000 0.000000 0.312125 0.000000 0.000000 0.312125 0.000000 0.000000 0.312125 0.000000 0.000000 0.312125 0.000000 0.000000 0.312125 0.000000 0.000000 0.312125 0.000000 0.000000 0.312125 0.000000 0.000000 0.312125 0.000000 0.000000 0.312125 0.000000 0.000000 0.312125 0.000000 0.000000 0.312125 0.000000 0.000000 0.312125 0.000000 0.000000 0.312125 0.000000 0.000000 0.312125 0.000000 0.000000 0.312125 0.000000 0.000000
0 0.41105753 0.83119005 0.005985 0.01666 0.312125 0.000000 0.000000 0.312125 0.000000 0.000000 0.312125 0.000000 0.000000 0.312125 0.000000 0.000000 0.312125 0.000000 0.000000 0.312125 0.000000 0.000000 0.312125 0.000000 0.000000 0.312125 0.000000 0.000000 0.312125 0.000000 0.000000 0.312125 0.000000 0.000000 0.312125 0.000000 0.000000 0.312125 0.000000 0.000000 0.312125 0.000000 0.000000 0.312125 0.000000 0.000000 0.312125 0.000000 0.000000 0.312125 0.000000 0.000000 0.312125 0.000000 0.000000
0 0.39605004 0.8508701 0.0139500005 0.03646 0.312125 0.000000 0.000000 0.312125 0.000000 0.000000 0.312125 0.000000 0.000000 0.312125 0.000000 0.000000 0.312125 0.000000 0.000000 0.312125 0.000000 0.000000 0.312125 0.000000 0.000000 0.312125 0.000000 0.000000 0.312125 0.000000 0.000000 0.312125 0.000000 0.000000 0.312125 0.000000 0.000000 0.312125 0.000000 0.000000 0.312125 0.000000 0.000000 0.312125 0.000000 0.000000 0.312125 0.000000 0.000000 0.312125 0.000000 0.000000 0.312125 0.000000 0.000000
0 0.6158357 0.82522005 0.00932625 0.04204 0.312125 0.000000 0.000000 0.312125 0.000000 0.000000 0.312125 0.000000 0.000000 0.312125 0.000000 0.000000 0.312125 0.000000 0.000000 0.312125 0.000000 0.000000 0.312125 0.000000 0.000000 0.312125 0.000000 0.000000 0.312125 0.000000 0.000000 0.312125 0.000000 0.000000 0.312125 0.000000 0.000000 0.312125 0.000000 0.000000 0.312125 0.000000 0.000000 0.312125 0.000000 0.000000 0.312125 0.000000 0.000000 0.312125 0.000000 0.000000 0.312125 0.000000 0.000000
0 0.44222003 0.84129006 0.012555 0.056420002 0.312125 0.000000 0.000000 0.312125 0.000000 0.000000 0.312125 0.000000 0.000000 0.312125 0.000000 0.000000 0.312125 0.000000 0.000000 0.312125 0.000000 0.000000 0.312125 0.000000 0.000000 0.312125 0.000000 0.000000 0.312125 0.000000 0.000000 0.312125 0.000000 0.000000 0.312125 0.000000 0.000000 0.312125 0.000000 0.000000 0.312125 0.000000 0.000000 0.312125 0.000000 0.000000 0.312125 0.000000 0.000000 0.312125 0.000000 0.000000 0.312125 0.000000 0.000000
0 0.46726254 0.83904004 0.012442501 0.06744 0.312125 0.000000 0.000000 0.312125 0.000000 0.000000 0.312125 0.000000 0.000000 0.312125 0.000000 0.000000 0.312125 0.000000 0.000000 0.312125 0.000000 0.000000 0.312125 0.000000 0.000000 0.312125 0.000000 0.000000 0.312125 0.000000 0.000000 0.312125 0.000000 0.000000 0.312125 0.000000 0.000000 0.312125 0.000000 0.000000 0.312125 0.000000 0.000000 0.312125 0.000000 0.000000 0.312125 0.000000 0.000000 0.312125 0.000000 0.000000 0.312125 0.000000 0.000000
0 0.47493502 0.83906007 0.00837 0.063200004 0.312125 0.000000 0.000000 0.312125 0.000000 0.000000 0.312125 0.000000 0.000000 0.312125 0.000000 0.000000 0.312125 0.000000 0.000000 0.312125 0.000000 0.000000 0.312125 0.000000 0.000000 0.312125 0.000000 0.000000 0.312125 0.000000 0.000000 0.312125 0.000000 0.000000 0.312125 0.000000 0.000000 0.312125 0.000000 0.000000 0.312125 0.000000 0.000000 0.312125 0.000000 0.000000 0.312125 0.000000 0.000000 0.312125 0.000000 0.000000 0.312125 0.000000 0.000000
0 0.53112316 0.85125 0.009438751 0.040020004 0.312125 0.000000 0.000000 0.312125 0.000000 0.000000 0.312125 0.000000 0.000000 0.312125 0.000000 0.000000 0.312125 0.000000 0.000000 0.312125 0.000000 0.000000 0.312125 0.000000 0.000000 0.312125 0.000000 0.000000 0.312125 0.000000 0.000000 0.312125 0.000000 0.000000 0.312125 0.000000 0.000000 0.312125 0.000000 0.000000 0.312125 0.000000 0.000000 0.312125 0.000000 0.000000 0.312125 0.000000 0.000000 0.312125 0.000000 0.000000 0.312125 0.000000 0.000000
0 0.33583438 0.8340401 0.01274625 0.069400005 0.312125 0.000000 0.000000 0.312125 0.000000 0.000000 0.312125 0.000000 0.000000 0.312125 0.000000 0.000000 0.312125 0.000000 0.000000 0.312125 0.000000 0.000000 0.312125 0.000000 0.000000 0.312125 0.000000 0.000000 0.312125 0.000000 0.000000 0.312125 0.000000 0.000000 0.312125 0.000000 0.000000 0.312125 0.000000 0.000000 0.312125 0.000000 0.000000 0.312125 0.000000 0.000000 0.312125 0.000000 0.000000 0.312125 0.000000 0.000000 0.312125 0.000000 0.000000
0 0.42043442 0.84461004 0.00817875 0.051260002 0.312125 0.000000 0.000000 0.312125 0.000000 0.000000 0.312125 0.000000 0.000000 0.312125 0.000000 0.000000 0.312125 0.000000 0.000000 0.312125 0.000000 0.000000 0.312125 0.000000 0.000000 0.312125 0.000000 0.000000 0.312125 0.000000 0.000000 0.312125 0.000000 0.000000 0.312125 0.000000 0.000000 0.312125 0.000000 0.000000 0.312125 0.000000 0.000000 0.312125 0.000000 0.000000 0.312125 0.000000 0.000000 0.312125 0.000000 0.000000 0.312125 0.000000 0.000000
0 0.5262125 0.82842 0.006435 0.03936 0.312125 0.000000 0.000000 0.312125 0.000000 0.000000 0.312125 0.000000 0.000000 0.312125 0.000000 0.000000 0.312125 0.000000 0.000000 0.312125 0.000000 0.000000 0.312125 0.000000 0.000000 0.312125 0.000000 0.000000 0.312125 0.000000 0.000000 0.312125 0.000000 0.000000 0.312125 0.000000 0.000000 0.312125 0.000000 0.000000 0.312125 0.000000 0.000000 0.312125 0.000000 0.000000 0.312125 0.000000 0.000000 0.312125 0.000000 0.000000 0.312125 0.000000 0.000000
0 0.5784294 0.84043 0.01018125 0.04726 0.312125 0.000000 0.000000 0.312125 0.000000 0.000000 0.312125 0.000000 0.000000 0.312125 0.000000 0.000000 0.312125 0.000000 0.000000 0.312125 0.000000 0.000000 0.312125 0.000000 0.000000 0.312125 0.000000 0.000000 0.312125 0.000000 0.000000 0.312125 0.000000 0.000000 0.312125 0.000000 0.000000 0.312125 0.000000 0.000000 0.312125 0.000000 0.000000 0.312125 0.000000 0.000000 0.312125 0.000000 0.000000 0.312125 0.000000 0.000000 0.312125 0.000000 0.000000
0 0.36747503 0.82519 0.0072675003 0.033540003 0.312125 0.000000 0.000000 0.312125 0.000000 0.000000 0.312125 0.000000 0.000000 0.312125 0.000000 0.000000 0.312125 0.000000 0.000000 0.312125 0.000000 0.000000 0.312125 0.000000 0.000000 0.312125 0.000000 0.000000 0.312125 0.000000 0.000000 0.312125 0.000000 0.000000 0.312125 0.000000 0.000000 0.312125 0.000000 0.000000 0.312125 0.000000 0.000000 0.312125 0.000000 0.000000 0.312125 0.000000 0.000000 0.312125 0.000000 0.000000 0.312125 0.000000 0.000000
0 0.56975 0.837 0.013500001 0.054 0.312125 0.000000 0.000000 0.312125 0.000000 0.000000 0.312125 0.000000 0.000000 0.312125 0.000000 0.000000 0.312125 0.000000 0.000000 0.312125 0.000000 0.000000 0.312125 0.000000 0.000000 0.312125 0.000000 0.000000 0.312125 0.000000 0.000000 0.312125 0.000000 0.000000 0.312125 0.000000 0.000000 0.312125 0.000000 0.000000 0.312125 0.000000 0.000000 0.312125 0.000000 0.000000 0.312125 0.000000 0.000000 0.312125 0.000000 0.000000 0.312125 0.000000 0.000000