0 0.1734375 0.78987503 0.02209375 0.15708333 0.000000 0.058333 0.000000 0.000000 0.058333 0.000000 0.000000 0.058333 0.000000 0.000000 0.058333 0.000000 0.000000 0.058333 0.000000 0.000000 0.058333 0.000000 0.000000 0.058333 0.000000 0.000000 0.058333 0.000000 0.000000 0.058333 0.000000 0.000000 0.058333 0.000000 0.000000 0.058333 0.000000 0.000000 0.058333 0.000000 0.000000 0.058333 0.000000 0.000000 0.058333 0.000000 0.000000 0.058333 0.000000 0.000000 0.058333 0.000000 0.000000 0.058333 0.000000
0 0.07474219 0.82772225 0.034953125 0.1841111 0.000000 0.058333 0.000000 0.000000 0.058333 0.000000 0.000000 0.058333 0.000000 0.000000 0.058333 0.000000 0.000000 0.058333 0.000000 0.000000 0.058333 0.000000 0.000000 0.058333 0.000000 0.000000 0.058333 0.000000 0.000000 0.058333 0.000000 0.000000 0.058333 0.000000 0.000000 0.058333 0.000000 0.000000 0.058333 0.000000 0.000000 0.058333 0.000000 0.000000 0.058333 0.000000 0.000000 0.058333 0.000000 0.000000 0.058333 0.000000 0.000000 0.058333 0.000000
0 0.046039063 0.82729167 0.029859375 0.1631389 0.000000 0.058333 0.000000 0.000000 0.058333 0.000000 0.000000 0.058333 0.000000 0.000000 0.058333 0.000000 0.000000 0.058333 0.000000 0.000000 0.058333 0.000000 0.000000 0.058333 0.000000 0.000000 0.058333 0.000000 0.000000 0.058333 0.000000 0.000000 0.058333 0.000000 0.000000 0.058333 0.000000 0.000000 0.058333 0.000000 0.000000 0.058333 0.000000 0.000000 0.058333 0.000000 0.000000 0.058333 0.000000 0.000000 0.058333 0.000000 0.000000 0.058333 0.000000
0 0.15296094 0.78370833 0.030859375 0.15875001 0.000000 0.058333 0.000000 0.000000 0.058333 0.000000 0.000000 0.058333 0.000000 0.000000 0.058333 0.000000 0.000000 0.058333 0.000000 0.000000 0.058333 0.000000 0.000000 0.058333 0.000000 0.000000 0.058333 0.000000 0.000000 0.058333 0.000000 0.000000 0.058333 0.000000 0.000000 0.058333 0.000000 0.000000 0.058333 0.000000 0.000000 0.058333 0.000000 0.000000 0.058333 0.000000 0.000000 0.058333 0.000000 0.000000 0.058333 0.000000 0.000000 0.058333 0.000000
0 0.09932812 0.8094584 0.025093751 0.15475 0.000000 0.058333 0.000000 0.000000 0.058333 0.000000 0.000000 0.058333 0.000000 0.000000 0.058333 0.000000 0.000000 0.058333 0.000000 0.000000 0.058333 0.000000 0.000000 0.058333 0.000000 0.000000 0.058333 0.000000 0.000000 0.058333 0.000000 0.000000 0.058333 0.000000 0.000000 0.058333 0.000000 0.000000 0.058333 0.000000 0.000000 0.058333 0.000000 0.000000 0.058333 0.000000 0.000000 0.058333 0.000000 0.000000 0.058333 0.000000 0.000000 0.058333 0.000000
0 0.049242187 0.69506943 0.018234376 0.09897222 0.000000 0.058333 0.000000 0.000000 0.058333 0.000000 0.000000 0.058333 0.000000 0.000000 0.058333 0.000000 0.000000 0.058333 0.000000 0.000000 0.058333 0.000000 0.000000 0.058333 0.000000 0.000000 0.058333 0.000000 0.000000 0.058333 0.000000 0.000000 0.058333 0.000000 0.000000 0.058333 0.000000 0.000000 0.058333 0.000000 0.000000 0.058333 0.000000 0.000000 0.058333 0.000000 0.000000 0.058333 0.000000 0.000000 0.058333 0.000000 0.000000 0.058333 0.000000
0 0.03316406 0.70012504 0.016515624 0.092305556 0.000000 0.058333 0.000000 0.000000 0.058333 0.000000 0.000000 0.058333 0.000000 0.000000 0.058333 0.000000 0.000000 0.058333 0.000000 0.000000 0.058333 0.000000 0.000000 0.058333 0.000000 0.000000 0.058333 0.000000 0.000000 0.058333 0.000000 0.000000 0.058333 0.000000 0.000000 0.058333 0.000000 0.000000 0.058333 0.000000 0.000000 0.058333 0.000000 0.000000 0.058333 0.000000 0.000000 0.058333 0.000000 0.000000 0.058333 0.000000 0.000000 0.058333 0.000000
0 0.008054688 0.70133334 0.016109375 0.100888886 0.000000 0.058333 0.000000 0.000000 0.058333 0.000000 0.000000 0.058333 0.000000 0.000000 0.058333 0.000000 0.000000 0.058333 0.000000 0.000000 0.058333 0.000000 0.000000 0.058333 0.000000 0.000000 0.058333 0.000000 0.000000 0.058333 0.000000 0.000000 0.058333 0.000000 0.000000 0.058333 0.000000 0.000000 0.058333 0.000000 0.000000 0.058333 0.000000 0.000000 0.058333 0.000000 0.000000 0.058333 0.000000 0.000000 0.058333 0.000000 0.000000 0.058333 0.000000
0 0.13340625 0.8176389 0.04146875 0.1981111 0.000000 0.058333 0.000000 0.000000 0.058333 0.000000 0.000000 0.058333 0.000000 0.000000 0.058333 0.000000 0.000000 0.058333 0.000000 0.000000 0.058333 0.000000 0.000000 0.058333 0.000000 0.000000 0.058333 0.000000 0.000000 0.058333 0.000000 0.000000 0.058333 0.000000 0.000000 0.058333 0.000000 0.000000 0.058333 0.000000 0.000000 0.058333 0.000000 0.000000 0.058333 0.000000 0.000000 0.058333 0.000000 0.000000 0.058333 0.000000 0.000000 0.058333 0.000000
0 0.16468748 0.5226806 0.00709375 0.016861113 0.000000 0.058333 0.000000 0.000000 0.058333 0.000000 0.000000 0.058333 0.000000 0.000000 0.058333 0.000000 0.000000 0.058333 0.000000 0.000000 0.058333 0.000000 0.000000 0.058333 0.000000 0.000000 0.058333 0.000000 0.000000 0.058333 0.000000 0.000000 0.058333 0.000000 0.000000 0.058333 0.000000 0.000000 0.058333 0.000000 0.000000 0.058333 0.000000 0.000000 0.058333 0.000000 0.000000 0.058333 0.000000 0.000000 0.058333 0.000000 0.000000 0.058333 0.000000
0 0.28710157 0.523875 0.0106718745 0.039194442 0.000000 0.058333 0.000000 0.000000 0.058333 0.000000 0.000000 0.058333 0.000000 0.000000 0.058333 0.000000 0.000000 0.058333 0.000000 0.000000 0.058333 0.000000 0.000000 0.058333 0.000000 0.000000 0.058333 0.000000 0.000000 0.058333 0.000000 0.000000 0.058333 0.000000 0.000000 0.058333 0.000000 0.000000 0.058333 0.000000 0.000000 0.058333 0.000000 0.000000 0.058333 0.000000 0.000000 0.058333 0.000000 0.000000 0.058333 0.000000 0.000000 0.058333 0.000000