0 0.5838872 0.9554688 0.021049805 0.0890625 0.289062 0.000000 0.000000 0.289062 0.000000 0.000000 0.289062 0.000000 0.000000 0.289062 0.000000 0.000000 0.289062 0.000000 0.000000 0.289062 0.000000 0.000000 0.289062 0.000000 0.000000 0.289062 0.000000 0.000000 0.289062 0.000000 0.000000 0.289062 0.000000 0.000000 0.289062 0.000000 0.000000 0.289062 0.000000 0.000000 0.289062 0.000000 0.000000 0.289062 0.000000 0.000000 0.289062 0.000000 0.000000 0.289062 0.000000 0.000000 0.289062 0.000000 0.000000
0 0.66788423 0.7726016 0.01210254 0.038140625 0.289062 0.000000 0.000000 0.289062 0.000000 0.000000 0.289062 0.000000 0.000000 0.289062 0.000000 0.000000 0.289062 0.000000 0.000000 0.289062 0.000000 0.000000 0.289062 0.000000 0.000000 0.289062 0.000000 0.000000 0.289062 0.000000 0.000000 0.289062 0.000000 0.000000 0.289062 0.000000 0.000000 0.289062 0.000000 0.000000 0.289062 0.000000 0.000000 0.289062 0.000000 0.000000 0.289062 0.000000 0.000000 0.289062 0.000000 0.000000 0.289062 0.000000 0.000000
0 0.5234931 0.82368743 0.024328124 0.04625 0.289062 0.000000 0.000000 0.289062 0.000000 0.000000 0.289062 0.000000 0.000000 0.289062 0.000000 0.000000 0.289062 0.000000 0.000000 0.289062 0.000000 0.000000 0.289062 0.000000 0.000000 0.289062 0.000000 0.000000 0.289062 0.000000 0.000000 0.289062 0.000000 0.000000 0.289062 0.000000 0.000000 0.289062 0.000000 0.000000 0.289062 0.000000 0.000000 0.289062 0.000000 0.000000 0.289062 0.000000 0.000000 0.289062 0.000000 0.000000 0.289062 0.000000 0.000000
0 0.45497805 0.8654375 0.025110353 0.099843755 0.289062 0.000000 0.000000 0.289062 0.000000 0.000000 0.289062 0.000000 0.000000 0.289062 0.000000 0.000000 0.289062 0.000000 0.000000 0.289062 0.000000 0.000000 0.289062 0.000000 0.000000 0.289062 0.000000 0.000000 0.289062 0.000000 0.000000 0.289062 0.000000 0.000000 0.289062 0.000000 0.000000 0.289062 0.000000 0.000000 0.289062 0.000000 0.000000 0.289062 0.000000 0.000000 0.289062 0.000000 0.000000 0.289062 0.000000 0.000000 0.289062 0.000000 0.000000
0 0.30889502 0.8992109 0.027588867 0.11035937 0.306641 0.856250 2.000000 0.307520 0.853125 2.000000 0.289062 0.000000 0.000000 0.312793 0.854688 2.000000 0.289062 0.000000 0.000000 0.317187 0.867188 2.000000 0.306641 0.865625 2.000000 0.318066 0.887500 2.000000 0.303125 0.882812 2.000000 0.308398 0.896875 2.000000 0.303125 0.895312 2.000000 0.314551 0.895312 2.000000 0.305762 0.895312 2.000000 0.306641 0.909375 2.000000 0.297852 0.907812 2.000000 0.309277 0.937500 2.000000 0.301367 0.939062 2.000000
0 0.59386724 0.9517735 0.023273436 0.09645312 0.289062 0.000000 0.000000 0.289062 0.000000 0.000000 0.289062 0.000000 0.000000 0.289062 0.000000 0.000000 0.289062 0.000000 0.000000 0.289062 0.000000 0.000000 0.289062 0.000000 0.000000 0.289062 0.000000 0.000000 0.289062 0.000000 0.000000 0.289062 0.000000 0.000000 0.289062 0.000000 0.000000 0.289062 0.000000 0.000000 0.289062 0.000000 0.000000 0.289062 0.000000 0.000000 0.289062 0.000000 0.000000 0.289062 0.000000 0.000000 0.289062 0.000000 0.000000
0 0.44488817 0.87139845 0.039928712 0.09545313 0.289062 0.000000 0.000000 0.289062 0.000000 0.000000 0.289062 0.000000 0.000000 0.289062 0.000000 0.000000 0.289062 0.000000 0.000000 0.289062 0.000000 0.000000 0.289062 0.000000 0.000000 0.289062 0.000000 0.000000 0.289062 0.000000 0.000000 0.289062 0.000000 0.000000 0.289062 0.000000 0.000000 0.289062 0.000000 0.000000 0.289062 0.000000 0.000000 0.289062 0.000000 0.000000 0.289062 0.000000 0.000000 0.289062 0.000000 0.000000 0.289062 0.000000 0.000000
0 0.38999608 0.9028047 0.04062305 0.10832813 0.289062 0.000000 0.000000 0.289062 0.000000 0.000000 0.389258 0.859375 2.000000 0.289062 0.000000 0.000000 0.386621 0.859375 2.000000 0.383984 0.862500 2.000000 0.380469 0.867188 2.000000 0.289062 0.000000 0.000000 0.385742 0.882812 2.000000 0.289062 0.000000 0.000000 0.386621 0.868750 2.000000 0.386621 0.890625 2.000000 0.380469 0.895312 2.000000 0.397168 0.901563 2.000000 0.393652 0.909375 2.000000 0.398926 0.931250 2.000000 0.394531 0.940625 2.000000
0 0.30106398 0.7725547 0.017024416 0.029171875 0.289062 0.000000 0.000000 0.289062 0.000000 0.000000 0.289062 0.000000 0.000000 0.289062 0.000000 0.000000 0.289062 0.000000 0.000000 0.289062 0.000000 0.000000 0.289062 0.000000 0.000000 0.289062 0.000000 0.000000 0.289062 0.000000 0.000000 0.289062 0.000000 0.000000 0.289062 0.000000 0.000000 0.289062 0.000000 0.000000 0.289062 0.000000 0.000000 0.289062 0.000000 0.000000 0.289062 0.000000 0.000000 0.289062 0.000000 0.000000 0.289062 0.000000 0.000000
0 0.3557627 0.7637578 0.01650586 0.034234375 0.289062 0.000000 0.000000 0.289062 0.000000 0.000000 0.289062 0.000000 0.000000 0.289062 0.000000 0.000000 0.289062 0.000000 0.000000 0.289062 0.000000 0.000000 0.289062 0.000000 0.000000 0.289062 0.000000 0.000000 0.289062 0.000000 0.000000 0.289062 0.000000 0.000000 0.289062 0.000000 0.000000 0.289062 0.000000 0.000000 0.289062 0.000000 0.000000 0.289062 0.000000 0.000000 0.289062 0.000000 0.000000 0.289062 0.000000 0.000000 0.289062 0.000000 0.000000
0 0.33409324 0.770914 0.011170899 0.031109376 0.289062 0.000000 0.000000 0.289062 0.000000 0.000000 0.289062 0.000000 0.000000 0.289062 0.000000 0.000000 0.289062 0.000000 0.000000 0.289062 0.000000 0.000000 0.289062 0.000000 0.000000 0.289062 0.000000 0.000000 0.289062 0.000000 0.000000 0.289062 0.000000 0.000000 0.289062 0.000000 0.000000 0.289062 0.000000 0.000000 0.289062 0.000000 0.000000 0.289062 0.000000 0.000000 0.289062 0.000000 0.000000 0.289062 0.000000 0.000000 0.289062 0.000000 0.000000
0 0.5323174 0.76135945 0.008244141 0.030500002 0.289062 0.000000 0.000000 0.289062 0.000000 0.000000 0.289062 0.000000 0.000000 0.289062 0.000000 0.000000 0.289062 0.000000 0.000000 0.289062 0.000000 0.000000 0.289062 0.000000 0.000000 0.289062 0.000000 0.000000 0.289062 0.000000 0.000000 0.289062 0.000000 0.000000 0.289062 0.000000 0.000000 0.289062 0.000000 0.000000 0.289062 0.000000 0.000000 0.289062 0.000000 0.000000 0.289062 0.000000 0.000000 0.289062 0.000000 0.000000 0.289062 0.000000 0.000000
0 0.32140625 0.77145314 0.011953126 0.036250003 0.289062 0.000000 0.000000 0.289062 0.000000 0.000000 0.289062 0.000000 0.000000 0.289062 0.000000 0.000000 0.289062 0.000000 0.000000 0.289062 0.000000 0.000000 0.289062 0.000000 0.000000 0.289062 0.000000 0.000000 0.289062 0.000000 0.000000 0.289062 0.000000 0.000000 0.289062 0.000000 0.000000 0.289062 0.000000 0.000000 0.289062 0.000000 0.000000 0.289062 0.000000 0.000000 0.289062 0.000000 0.000000 0.289062 0.000000 0.000000 0.289062 0.000000 0.000000
0 0.40375978 0.746875 0.19248047 0.08125 0.289062 0.000000 0.000000 0.289062 0.000000 0.000000 0.289062 0.000000 0.000000 0.289062 0.000000 0.000000 0.289062 0.000000 0.000000 0.289062 0.000000 0.000000 0.289062 0.000000 0.000000 0.289062 0.000000 0.000000 0.289062 0.000000 0.000000 0.289062 0.000000 0.000000 0.289062 0.000000 0.000000 0.289062 0.000000 0.000000 0.289062 0.000000 0.000000 0.289062 0.000000 0.000000 0.289062 0.000000 0.000000 0.289062 0.000000 0.000000 0.289062 0.000000 0.000000