0 0.46546254 0.47524002 0.2628 0.78728 0.289062 0.000000 0.000000 0.289062 0.000000 0.000000 0.289062 0.000000 0.000000 0.366688 0.302000 1.000000 0.383563 0.248000 2.000000 0.403812 0.344000 2.000000 0.419562 0.256000 2.000000 0.440937 0.438000 2.000000 0.391438 0.180000 2.000000 0.400438 0.390000 1.000000 0.361062 0.116000 2.000000 0.474688 0.446000 2.000000 0.514063 0.404000 2.000000 0.445437 0.612000 2.000000 0.545563 0.600000 2.000000 0.451063 0.796000 2.000000 0.572563 0.758000 2.000000
0 0.3268175 0.15234 0.052852504 0.15212 0.323938 0.108000 2.000000 0.328437 0.104000 2.000000 0.320562 0.102000 2.000000 0.335187 0.108000 2.000000 0.289062 0.000000 0.000000 0.345313 0.148000 2.000000 0.311563 0.144000 2.000000 0.289062 0.000000 0.000000 0.304812 0.206000 2.000000 0.289062 0.000000 0.000000 0.310438 0.232000 1.000000 0.337438 0.228000 1.000000 0.310438 0.226000 2.000000 0.289062 0.000000 0.000000 0.289062 0.000000 0.000000 0.289062 0.000000 0.000000 0.289062 0.000000 0.000000
0 0.4276513 0.16163 0.056992505 0.17918001 0.435313 0.112000 2.000000 0.439813 0.106000 2.000000 0.431938 0.102000 2.000000 0.443188 0.110000 2.000000 0.422938 0.100000 2.000000 0.449937 0.144000 2.000000 0.408312 0.150000 2.000000 0.440937 0.208000 2.000000 0.406063 0.204000 1.000000 0.435313 0.200000 2.000000 0.289062 0.000000 0.000000 0.437562 0.240000 2.000000 0.410563 0.238000 1.000000 0.289062 0.000000 0.000000 0.289062 0.000000 0.000000 0.289062 0.000000 0.000000 0.289062 0.000000 0.000000
0 0.47593066 0.17792001 0.05954625 0.16892001 0.471313 0.126000 2.000000 0.474688 0.120000 2.000000 0.469062 0.122000 2.000000 0.484813 0.122000 2.000000 0.289062 0.000000 0.000000 0.491563 0.156000 2.000000 0.464563 0.156000 2.000000 0.490438 0.204000 2.000000 0.452188 0.188000 2.000000 0.462313 0.206000 2.000000 0.471313 0.182000 2.000000 0.483688 0.228000 2.000000 0.463438 0.228000 1.000000 0.289062 0.000000 0.000000 0.289062 0.000000 0.000000 0.289062 0.000000 0.000000 0.289062 0.000000 0.000000
0 0.32961315 0.29298 0.079998754 0.25652 0.337438 0.196000 2.000000 0.343062 0.190000 2.000000 0.335187 0.190000 2.000000 0.352063 0.196000 2.000000 0.289062 0.000000 0.000000 0.359938 0.232000 1.000000 0.325062 0.232000 2.000000 0.364437 0.292000 1.000000 0.312687 0.286000 2.000000 0.334063 0.330000 2.000000 0.319438 0.328000 2.000000 0.346438 0.326000 2.000000 0.316063 0.326000 2.000000 0.340813 0.348000 2.000000 0.292437 0.338000 2.000000 0.340813 0.442000 1.000000 0.292437 0.432000 1.000000
0 0.56622314 0.17928001 0.05844375 0.16584001 0.574813 0.128000 2.000000 0.578188 0.124000 2.000000 0.570312 0.124000 2.000000 0.289062 0.000000 0.000000 0.557938 0.128000 2.000000 0.584938 0.162000 2.000000 0.547813 0.164000 2.000000 0.581563 0.196000 2.000000 0.542188 0.206000 2.000000 0.557938 0.230000 2.000000 0.544438 0.230000 2.000000 0.581563 0.248000 2.000000 0.556813 0.248000 1.000000 0.289062 0.000000 0.000000 0.289062 0.000000 0.000000 0.289062 0.000000 0.000000 0.289062 0.000000 0.000000
0 0.6218207 0.18442002 0.055248752 0.15280001 0.624313 0.142000 2.000000 0.627688 0.134000 2.000000 0.620937 0.134000 2.000000 0.637813 0.136000 2.000000 0.289062 0.000000 0.000000 0.649062 0.186000 1.000000 0.606313 0.186000 2.000000 0.289062 0.000000 0.000000 0.604062 0.234000 2.000000 0.289062 0.000000 0.000000 0.601812 0.238000 1.000000 0.634438 0.256000 1.000000 0.611938 0.256000 2.000000 0.289062 0.000000 0.000000 0.289062 0.000000 0.000000 0.289062 0.000000 0.000000 0.289062 0.000000 0.000000
0 0.6784588 0.17237 0.06057 0.1789 0.674937 0.114000 2.000000 0.680563 0.110000 2.000000 0.671562 0.110000 2.000000 0.689562 0.118000 2.000000 0.289062 0.000000 0.000000 0.699688 0.164000 2.000000 0.656938 0.162000 2.000000 0.694063 0.226000 2.000000 0.656938 0.226000 1.000000 0.670438 0.258000 2.000000 0.289062 0.000000 0.000000 0.289062 0.000000 0.000000 0.289062 0.000000 0.000000 0.289062 0.000000 0.000000 0.289062 0.000000 0.000000 0.289062 0.000000 0.000000 0.289062 0.000000 0.000000
0 0.5059906 0.08184001 0.060536254 0.13676001 0.499438 0.050000 2.000000 0.502813 0.042000 2.000000 0.496062 0.042000 2.000000 0.509562 0.046000 2.000000 0.491563 0.048000 1.000000 0.518562 0.074000 2.000000 0.488187 0.076000 2.000000 0.289062 0.000000 0.000000 0.289062 0.000000 0.000000 0.289062 0.000000 0.000000 0.289062 0.000000 0.000000 0.507313 0.152000 1.000000 0.499438 0.154000 1.000000 0.289062 0.000000 0.000000 0.289062 0.000000 0.000000 0.289062 0.000000 0.000000 0.289062 0.000000 0.000000
0 0.6094119 0.111430004 0.046586253 0.17394 0.606313 0.054000 2.000000 0.609688 0.046000 2.000000 0.600688 0.048000 2.000000 0.615313 0.054000 2.000000 0.596188 0.056000 1.000000 0.627688 0.088000 2.000000 0.591688 0.092000 2.000000 0.626562 0.146000 1.000000 0.591688 0.146000 2.000000 0.604062 0.170000 2.000000 0.593938 0.162000 1.000000 0.622063 0.158000 1.000000 0.597313 0.162000 2.000000 0.289062 0.000000 0.000000 0.289062 0.000000 0.000000 0.289062 0.000000 0.000000 0.289062 0.000000 0.000000
0 0.41312188 0.067269996 0.05421375 0.13453999 0.412813 0.034000 2.000000 0.415063 0.028000 2.000000 0.409438 0.028000 2.000000 0.289062 0.000000 0.000000 0.401563 0.034000 2.000000 0.427438 0.054000 2.000000 0.394813 0.072000 2.000000 0.289062 0.000000 0.000000 0.395938 0.138000 1.000000 0.289062 0.000000 0.000000 0.401563 0.108000 2.000000 0.289062 0.000000 0.000000 0.289062 0.000000 0.000000 0.289062 0.000000 0.000000 0.289062 0.000000 0.000000 0.289062 0.000000 0.000000 0.289062 0.000000 0.000000
0 0.6433419 0.35276005 0.09142875 0.28648004 0.289062 0.000000 0.000000 0.289062 0.000000 0.000000 0.289062 0.000000 0.000000 0.289062 0.000000 0.000000 0.289062 0.000000 0.000000 0.678313 0.284000 2.000000 0.640063 0.280000 2.000000 0.668187 0.338000 2.000000 0.619813 0.318000 2.000000 0.652438 0.290000 2.000000 0.634438 0.270000 2.000000 0.673813 0.396000 2.000000 0.649062 0.396000 2.000000 0.637813 0.390000 2.000000 0.611938 0.372000 2.000000 0.662563 0.468000 2.000000 0.610812 0.464000 2.000000
0 0.51866376 0.16849001 0.046035 0.13434 0.521937 0.132000 2.000000 0.526438 0.126000 2.000000 0.518562 0.128000 2.000000 0.533188 0.130000 2.000000 0.514063 0.130000 1.000000 0.536563 0.164000 2.000000 0.508438 0.166000 2.000000 0.289062 0.000000 0.000000 0.501687 0.218000 2.000000 0.289062 0.000000 0.000000 0.289062 0.000000 0.000000 0.526438 0.228000 2.000000 0.510688 0.228000 2.000000 0.289062 0.000000 0.000000 0.289062 0.000000 0.000000 0.289062 0.000000 0.000000 0.289062 0.000000 0.000000
0 0.5 0.24900001 0.419625 0.49800003 0.289062 0.000000 0.000000 0.289062 0.000000 0.000000 0.289062 0.000000 0.000000 0.289062 0.000000 0.000000 0.289062 0.000000 0.000000 0.289062 0.000000 0.000000 0.289062 0.000000 0.000000 0.289062 0.000000 0.000000 0.289062 0.000000 0.000000 0.289062 0.000000 0.000000 0.289062 0.000000 0.000000 0.289062 0.000000 0.000000 0.289062 0.000000 0.000000 0.289062 0.000000 0.000000 0.289062 0.000000 0.000000 0.289062 0.000000 0.000000 0.289062 0.000000 0.000000