0 0.33262998 0.24735983 0.076988906 0.2527103 0.338347 0.165888 1.000000 0.079439 0.000000 0.000000 0.337033 0.156542 2.000000 0.079439 0.000000 0.000000 0.331776 0.163551 2.000000 0.298919 0.193925 2.000000 0.325204 0.210280 2.000000 0.079439 0.000000 0.000000 0.342290 0.273364 2.000000 0.079439 0.000000 0.000000 0.350175 0.238318 2.000000 0.306805 0.310748 2.000000 0.325204 0.320093 2.000000 0.079439 0.000000 0.000000 0.356747 0.303738 2.000000 0.079439 0.000000 0.000000 0.079439 0.000000 0.000000
0 0.40863317 0.27315423 0.12879673 0.27822432 0.414574 0.221963 2.000000 0.422459 0.205607 2.000000 0.405374 0.210280 2.000000 0.429030 0.207944 2.000000 0.383032 0.214953 2.000000 0.444801 0.289720 2.000000 0.362004 0.299065 2.000000 0.471086 0.376168 2.000000 0.347547 0.394860 2.000000 0.435602 0.394860 2.000000 0.385660 0.397196 2.000000 0.439544 0.476636 1.000000 0.377775 0.481308 1.000000 0.079439 0.000000 0.000000 0.079439 0.000000 0.000000 0.079439 0.000000 0.000000 0.079439 0.000000 0.000000
0 0.5616122 0.29030374 0.140625 0.30808413 0.584112 0.242991 2.000000 0.590683 0.226636 2.000000 0.576227 0.231308 2.000000 0.079439 0.000000 0.000000 0.548627 0.238318 2.000000 0.609083 0.317757 2.000000 0.534171 0.306075 2.000000 0.628797 0.446262 1.000000 0.497372 0.418224 1.000000 0.588055 0.387850 2.000000 0.514457 0.380841 2.000000 0.595940 0.500000 1.000000 0.534171 0.483645 1.000000 0.079439 0.000000 0.000000 0.079439 0.000000 0.000000 0.079439 0.000000 0.000000 0.079439 0.000000 0.000000
0 0.6640581 0.3591706 0.12766647 0.3865187 0.652453 0.264019 2.000000 0.657710 0.250000 2.000000 0.079439 0.000000 0.000000 0.686624 0.268692 2.000000 0.079439 0.000000 0.000000 0.712909 0.373832 1.000000 0.673481 0.338785 2.000000 0.695824 0.549065 1.000000 0.637996 0.439252 2.000000 0.079439 0.000000 0.000000 0.611711 0.366822 2.000000 0.079439 0.000000 0.000000 0.079439 0.000000 0.000000 0.079439 0.000000 0.000000 0.079439 0.000000 0.000000 0.079439 0.000000 0.000000 0.079439 0.000000 0.000000
0 0.6548189 0.62021035 0.3659667 0.7595795 0.079439 0.000000 0.000000 0.079439 0.000000 0.000000 0.079439 0.000000 0.000000 0.693195 0.418224 2.000000 0.812792 0.432243 1.000000 0.733937 0.707944 2.000000 0.802278 0.588785 2.000000 0.651139 0.978972 2.000000 0.695824 0.574766 2.000000 0.631425 0.883178 2.000000 0.624854 0.474299 2.000000 0.079439 0.000000 0.000000 0.079439 0.000000 0.000000 0.521028 0.985981 2.000000 0.588055 0.883178 2.000000 0.079439 0.000000 0.000000 0.079439 0.000000 0.000000
0 0.85697067 0.14438084 0.07255987 0.15418224 0.849591 0.123832 2.000000 0.857477 0.116822 2.000000 0.844334 0.114486 2.000000 0.870619 0.119159 2.000000 0.839077 0.116822 2.000000 0.877190 0.175234 2.000000 0.827249 0.172897 2.000000 0.079439 0.000000 0.000000 0.079439 0.000000 0.000000 0.079439 0.000000 0.000000 0.079439 0.000000 0.000000 0.079439 0.000000 0.000000 0.079439 0.000000 0.000000 0.079439 0.000000 0.000000 0.079439 0.000000 0.000000 0.079439 0.000000 0.000000 0.079439 0.000000 0.000000
0 0.15197942 0.29806072 0.104601346 0.37327102 0.079439 0.000000 0.000000 0.079439 0.000000 0.000000 0.079439 0.000000 0.000000 0.120181 0.186916 1.000000 0.160923 0.189252 2.000000 0.118867 0.278037 2.000000 0.183265 0.259346 2.000000 0.122810 0.371495 2.000000 0.079439 0.000000 0.000000 0.079439 0.000000 0.000000 0.079439 0.000000 0.000000 0.143838 0.448598 1.000000 0.204293 0.436916 1.000000 0.101782 0.422897 1.000000 0.079439 0.000000 0.000000 0.121495 0.523364 1.000000 0.079439 0.000000 0.000000
0 0.8754227 0.34157708 0.090275995 0.3146028 0.079439 0.000000 0.000000 0.079439 0.000000 0.000000 0.079439 0.000000 0.000000 0.836449 0.247664 2.000000 0.079439 0.000000 0.000000 0.815421 0.315421 1.000000 0.907418 0.345794 1.000000 0.079439 0.000000 0.000000 0.079439 0.000000 0.000000 0.079439 0.000000 0.000000 0.079439 0.000000 0.000000 0.818049 0.532710 1.000000 0.853534 0.542056 1.000000 0.079439 0.000000 0.000000 0.079439 0.000000 0.000000 0.079439 0.000000 0.000000 0.079439 0.000000 0.000000
0 0.81881136 0.5017523 0.13271321 0.5776168 0.079439 0.000000 0.000000 0.079439 0.000000 0.000000 0.079439 0.000000 0.000000 0.079439 0.000000 0.000000 0.079439 0.000000 0.000000 0.828563 0.535047 2.000000 0.832506 0.467290 2.000000 0.079439 0.000000 0.000000 0.079439 0.000000 0.000000 0.079439 0.000000 0.000000 0.079439 0.000000 0.000000 0.828563 0.801402 1.000000 0.843020 0.768692 2.000000 0.079439 0.000000 0.000000 0.079439 0.000000 0.000000 0.079439 0.000000 0.000000 0.079439 0.000000 0.000000
0 0.23753068 0.29115653 0.14858937 0.2617056 0.268692 0.275701 2.000000 0.279206 0.259346 2.000000 0.259492 0.250000 2.000000 0.079439 0.000000 0.000000 0.238464 0.226636 2.000000 0.280520 0.296729 2.000000 0.188522 0.287383 2.000000 0.304176 0.397196 2.000000 0.163551 0.392523 1.000000 0.250292 0.415888 1.000000 0.079439 0.000000 0.000000 0.079439 0.000000 0.000000 0.079439 0.000000 0.000000 0.079439 0.000000 0.000000 0.079439 0.000000 0.000000 0.079439 0.000000 0.000000 0.079439 0.000000 0.000000
0 0.18468456 0.19297898 0.045762267 0.08950935 0.079439 0.000000 0.000000 0.079439 0.000000 0.000000 0.079439 0.000000 0.000000 0.079439 0.000000 0.000000 0.079439 0.000000 0.000000 0.079439 0.000000 0.000000 0.079439 0.000000 0.000000 0.079439 0.000000 0.000000 0.079439 0.000000 0.000000 0.079439 0.000000 0.000000 0.079439 0.000000 0.000000 0.079439 0.000000 0.000000 0.079439 0.000000 0.000000 0.079439 0.000000 0.000000 0.079439 0.000000 0.000000 0.079439 0.000000 0.000000 0.079439 0.000000 0.000000
0 0.22280447 0.1925701 0.045538846 0.08953271 0.079439 0.000000 0.000000 0.079439 0.000000 0.000000 0.079439 0.000000 0.000000 0.079439 0.000000 0.000000 0.079439 0.000000 0.000000 0.079439 0.000000 0.000000 0.079439 0.000000 0.000000 0.079439 0.000000 0.000000 0.079439 0.000000 0.000000 0.079439 0.000000 0.000000 0.079439 0.000000 0.000000 0.079439 0.000000 0.000000 0.079439 0.000000 0.000000 0.079439 0.000000 0.000000 0.079439 0.000000 0.000000 0.079439 0.000000 0.000000 0.079439 0.000000 0.000000
0 0.28602657 0.66295564 0.41317466 0.67408884 0.079439 0.000000 0.000000 0.079439 0.000000 0.000000 0.079439 0.000000 0.000000 0.079439 0.000000 0.000000 0.233207 0.516355 2.000000 0.105724 0.686916 2.000000 0.289720 0.717290 2.000000 0.079439 0.000000 0.000000 0.468458 0.824766 2.000000 0.079439 0.000000 0.000000 0.406688 0.714953 2.000000 0.079439 0.000000 0.000000 0.079439 0.000000 0.000000 0.079439 0.000000 0.000000 0.079439 0.000000 0.000000 0.079439 0.000000 0.000000 0.079439 0.000000 0.000000
0 0.4993429 0.21962616 0.8398073 0.3504673 0.079439 0.000000 0.000000 0.079439 0.000000 0.000000 0.079439 0.000000 0.000000 0.079439 0.000000 0.000000 0.079439 0.000000 0.000000 0.079439 0.000000 0.000000 0.079439 0.000000 0.000000 0.079439 0.000000 0.000000 0.079439 0.000000 0.000000 0.079439 0.000000 0.000000 0.079439 0.000000 0.000000 0.079439 0.000000 0.000000 0.079439 0.000000 0.000000 0.079439 0.000000 0.000000 0.079439 0.000000 0.000000 0.079439 0.000000 0.000000 0.079439 0.000000 0.000000