0 0.42039746 0.687961 0.050941404 0.104203135 0.413428 0.659375 2.000000 0.416943 0.654688 2.000000 0.409912 0.654688 2.000000 0.421338 0.668750 2.000000 0.402881 0.662500 2.000000 0.431006 0.696875 2.000000 0.397607 0.700000 2.000000 0.418701 0.748438 1.000000 0.296533 0.000000 0.000000 0.411670 0.731250 2.000000 0.296533 0.000000 0.000000 0.296533 0.000000 0.000000 0.393213 0.762500 1.000000 0.296533 0.000000 0.000000 0.296533 0.000000 0.000000 0.296533 0.000000 0.000000 0.296533 0.000000 0.000000
0 0.37417576 0.6858203 0.051503904 0.08260938 0.296533 0.000000 0.000000 0.296533 0.000000 0.000000 0.296533 0.000000 0.000000 0.380908 0.667188 2.000000 0.366846 0.664062 1.000000 0.388818 0.706250 2.000000 0.358057 0.701563 2.000000 0.296533 0.000000 0.000000 0.296533 0.000000 0.000000 0.296533 0.000000 0.000000 0.296533 0.000000 0.000000 0.296533 0.000000 0.000000 0.296533 0.000000 0.000000 0.296533 0.000000 0.000000 0.296533 0.000000 0.000000 0.296533 0.000000 0.000000 0.296533 0.000000 0.000000
0 0.5377666 0.73372656 0.04763672 0.07495313 0.528564 0.739062 2.000000 0.530322 0.732813 2.000000 0.525928 0.732813 2.000000 0.542627 0.729688 2.000000 0.296533 0.000000 0.000000 0.554932 0.762500 2.000000 0.525049 0.753125 2.000000 0.296533 0.000000 0.000000 0.296533 0.000000 0.000000 0.296533 0.000000 0.000000 0.296533 0.000000 0.000000 0.296533 0.000000 0.000000 0.296533 0.000000 0.000000 0.296533 0.000000 0.000000 0.296533 0.000000 0.000000 0.296533 0.000000 0.000000 0.296533 0.000000 0.000000
0 0.40208104 0.28695312 0.10492383 0.1483125 0.375635 0.251563 2.000000 0.375635 0.245312 2.000000 0.371240 0.256250 2.000000 0.296533 0.000000 0.000000 0.362451 0.264062 2.000000 0.380908 0.248437 2.000000 0.381787 0.298438 2.000000 0.296533 0.000000 0.000000 0.408154 0.301562 2.000000 0.296533 0.000000 0.000000 0.433643 0.303125 2.000000 0.416943 0.285937 2.000000 0.430127 0.339063 2.000000 0.296533 0.000000 0.000000 0.296533 0.000000 0.000000 0.296533 0.000000 0.000000 0.296533 0.000000 0.000000
0 0.62855756 0.7696953 0.052751955 0.09379687 0.626123 0.742188 2.000000 0.631396 0.739062 2.000000 0.296533 0.000000 0.000000 0.639307 0.753125 2.000000 0.296533 0.000000 0.000000 0.641064 0.784375 2.000000 0.627002 0.778125 2.000000 0.623486 0.800000 2.000000 0.296533 0.000000 0.000000 0.608545 0.784375 2.000000 0.296533 0.000000 0.000000 0.296533 0.000000 0.000000 0.296533 0.000000 0.000000 0.296533 0.000000 0.000000 0.296533 0.000000 0.000000 0.296533 0.000000 0.000000 0.296533 0.000000 0.000000
0 0.59937793 0.74300003 0.050308596 0.0853125 0.296533 0.000000 0.000000 0.296533 0.000000 0.000000 0.296533 0.000000 0.000000 0.296533 0.000000 0.000000 0.296533 0.000000 0.000000 0.616455 0.757812 2.000000 0.592725 0.754687 2.000000 0.296533 0.000000 0.000000 0.296533 0.000000 0.000000 0.296533 0.000000 0.000000 0.296533 0.000000 0.000000 0.296533 0.000000 0.000000 0.296533 0.000000 0.000000 0.296533 0.000000 0.000000 0.296533 0.000000 0.000000 0.296533 0.000000 0.000000 0.296533 0.000000 0.000000
0 0.34711426 0.67299217 0.035296872 0.09276562 0.296533 0.000000 0.000000 0.296533 0.000000 0.000000 0.296533 0.000000 0.000000 0.296533 0.000000 0.000000 0.296533 0.000000 0.000000 0.296533 0.000000 0.000000 0.296533 0.000000 0.000000 0.296533 0.000000 0.000000 0.296533 0.000000 0.000000 0.296533 0.000000 0.000000 0.296533 0.000000 0.000000 0.296533 0.000000 0.000000 0.296533 0.000000 0.000000 0.296533 0.000000 0.000000 0.296533 0.000000 0.000000 0.296533 0.000000 0.000000 0.296533 0.000000 0.000000
0 0.3198594 0.6652031 0.040710937 0.084125005 0.331689 0.653125 2.000000 0.332568 0.646875 2.000000 0.325537 0.651563 2.000000 0.296533 0.000000 0.000000 0.296533 0.000000 0.000000 0.342236 0.679688 1.000000 0.307959 0.685938 2.000000 0.296533 0.000000 0.000000 0.296533 0.000000 0.000000 0.296533 0.000000 0.000000 0.296533 0.000000 0.000000 0.296533 0.000000 0.000000 0.296533 0.000000 0.000000 0.296533 0.000000 0.000000 0.296533 0.000000 0.000000 0.296533 0.000000 0.000000 0.296533 0.000000 0.000000
0 0.6589854 0.7687578 0.020548826 0.06679688 0.296533 0.000000 0.000000 0.296533 0.000000 0.000000 0.296533 0.000000 0.000000 0.296533 0.000000 0.000000 0.296533 0.000000 0.000000 0.296533 0.000000 0.000000 0.296533 0.000000 0.000000 0.296533 0.000000 0.000000 0.296533 0.000000 0.000000 0.296533 0.000000 0.000000 0.296533 0.000000 0.000000 0.296533 0.000000 0.000000 0.296533 0.000000 0.000000 0.296533 0.000000 0.000000 0.296533 0.000000 0.000000 0.296533 0.000000 0.000000 0.296533 0.000000 0.000000
0 0.48480812 0.732875 0.07708886 0.16153125 0.485498 0.675000 2.000000 0.488135 0.668750 2.000000 0.482861 0.670313 2.000000 0.496924 0.678125 2.000000 0.296533 0.000000 0.000000 0.500439 0.709375 2.000000 0.467041 0.709375 2.000000 0.502197 0.742188 2.000000 0.451221 0.728125 2.000000 0.467920 0.753125 2.000000 0.466162 0.746875 2.000000 0.496045 0.784375 2.000000 0.469678 0.781250 2.000000 0.296533 0.000000 0.000000 0.296533 0.000000 0.000000 0.296533 0.000000 0.000000 0.296533 0.000000 0.000000
0 0.4468965 0.6887109 0.02420508 0.074328125 0.296533 0.000000 0.000000 0.296533 0.000000 0.000000 0.296533 0.000000 0.000000 0.296533 0.000000 0.000000 0.296533 0.000000 0.000000 0.296533 0.000000 0.000000 0.296533 0.000000 0.000000 0.296533 0.000000 0.000000 0.296533 0.000000 0.000000 0.296533 0.000000 0.000000 0.296533 0.000000 0.000000 0.296533 0.000000 0.000000 0.296533 0.000000 0.000000 0.296533 0.000000 0.000000 0.296533 0.000000 0.000000 0.296533 0.000000 0.000000 0.296533 0.000000 0.000000
0 0.68043065 0.78556246 0.03798633 0.04740625 0.296533 0.000000 0.000000 0.296533 0.000000 0.000000 0.296533 0.000000 0.000000 0.296533 0.000000 0.000000 0.296533 0.000000 0.000000 0.296533 0.000000 0.000000 0.296533 0.000000 0.000000 0.296533 0.000000 0.000000 0.296533 0.000000 0.000000 0.296533 0.000000 0.000000 0.296533 0.000000 0.000000 0.296533 0.000000 0.000000 0.296533 0.000000 0.000000 0.296533 0.000000 0.000000 0.296533 0.000000 0.000000 0.296533 0.000000 0.000000 0.296533 0.000000 0.000000
0 0.30792382 0.63449216 0.022781251 0.08445312 0.296533 0.000000 0.000000 0.296533 0.000000 0.000000 0.296533 0.000000 0.000000 0.296533 0.000000 0.000000 0.296533 0.000000 0.000000 0.296533 0.000000 0.000000 0.296533 0.000000 0.000000 0.296533 0.000000 0.000000 0.296533 0.000000 0.000000 0.296533 0.000000 0.000000 0.296533 0.000000 0.000000 0.296533 0.000000 0.000000 0.296533 0.000000 0.000000 0.296533 0.000000 0.000000 0.296533 0.000000 0.000000 0.296533 0.000000 0.000000 0.296533 0.000000 0.000000