0 0.5111621 0.6696563 0.16053516 0.61122924 0.488281 0.414583 2.000000 0.494141 0.408333 2.000000 0.483594 0.408333 2.000000 0.509375 0.412500 2.000000 0.125000 0.000000 0.000000 0.521094 0.466667 2.000000 0.485938 0.466667 2.000000 0.498828 0.556250 2.000000 0.469531 0.560417 2.000000 0.454297 0.537500 2.000000 0.451953 0.541667 2.000000 0.517578 0.679167 2.000000 0.492969 0.681250 2.000000 0.515234 0.781250 2.000000 0.490625 0.812500 2.000000 0.563281 0.906250 2.000000 0.489453 0.929167 2.000000
0 0.16585156 0.67616665 0.08036719 0.64766663 0.144922 0.414583 2.000000 0.148438 0.402083 2.000000 0.125000 0.000000 0.000000 0.169531 0.414583 2.000000 0.125000 0.000000 0.000000 0.178906 0.497917 2.000000 0.173047 0.497917 2.000000 0.175391 0.616667 2.000000 0.125000 0.000000 0.000000 0.139062 0.706250 2.000000 0.125000 0.000000 0.000000 0.175391 0.691667 2.000000 0.162500 0.689583 2.000000 0.173047 0.887500 2.000000 0.135547 0.872917 2.000000 0.125000 0.000000 0.000000 0.198828 0.983333 1.000000
0 0.5990059 0.68745834 0.1943086 0.6250834 0.579687 0.422917 1.000000 0.586719 0.414583 2.000000 0.578516 0.414583 1.000000 0.606641 0.425000 2.000000 0.125000 0.000000 0.000000 0.614844 0.485417 2.000000 0.587891 0.489583 2.000000 0.618359 0.602083 2.000000 0.125000 0.000000 0.000000 0.578516 0.660417 2.000000 0.125000 0.000000 0.000000 0.626562 0.672917 2.000000 0.596094 0.670833 2.000000 0.653516 0.818750 2.000000 0.575000 0.822917 2.000000 0.671094 0.939583 2.000000 0.545703 0.947917 2.000000
0 0.71005857 0.6500417 0.13814062 0.64666665 0.702734 0.387500 1.000000 0.708594 0.377083 2.000000 0.125000 0.000000 0.000000 0.730859 0.385417 2.000000 0.125000 0.000000 0.000000 0.748438 0.445833 2.000000 0.708594 0.435417 2.000000 0.767187 0.550000 2.000000 0.125000 0.000000 0.000000 0.739062 0.639583 2.000000 0.125000 0.000000 0.000000 0.740234 0.608333 2.000000 0.710938 0.610417 2.000000 0.753125 0.764583 2.000000 0.682813 0.752083 2.000000 0.768359 0.927083 2.000000 0.682813 0.925000 2.000000
0 0.37441012 0.541625 0.03883594 0.08654167 0.125000 0.000000 0.000000 0.125000 0.000000 0.000000 0.125000 0.000000 0.000000 0.125000 0.000000 0.000000 0.125000 0.000000 0.000000 0.125000 0.000000 0.000000 0.125000 0.000000 0.000000 0.125000 0.000000 0.000000 0.125000 0.000000 0.000000 0.125000 0.000000 0.000000 0.125000 0.000000 0.000000 0.125000 0.000000 0.000000 0.125000 0.000000 0.000000 0.125000 0.000000 0.000000 0.125000 0.000000 0.000000 0.125000 0.000000 0.000000 0.125000 0.000000 0.000000
0 0.79179686 0.37875 0.033 0.084208325 0.125000 0.000000 0.000000 0.125000 0.000000 0.000000 0.125000 0.000000 0.000000 0.125000 0.000000 0.000000 0.125000 0.000000 0.000000 0.125000 0.000000 0.000000 0.125000 0.000000 0.000000 0.125000 0.000000 0.000000 0.125000 0.000000 0.000000 0.125000 0.000000 0.000000 0.125000 0.000000 0.000000 0.125000 0.000000 0.000000 0.125000 0.000000 0.000000 0.125000 0.000000 0.000000 0.125000 0.000000 0.000000 0.125000 0.000000 0.000000 0.125000 0.000000 0.000000
0 0.8290567 0.33007294 0.017988283 0.05864583 0.125000 0.000000 0.000000 0.125000 0.000000 0.000000 0.125000 0.000000 0.000000 0.125000 0.000000 0.000000 0.125000 0.000000 0.000000 0.125000 0.000000 0.000000 0.125000 0.000000 0.000000 0.125000 0.000000 0.000000 0.125000 0.000000 0.000000 0.125000 0.000000 0.000000 0.125000 0.000000 0.000000 0.125000 0.000000 0.000000 0.125000 0.000000 0.000000 0.125000 0.000000 0.000000 0.125000 0.000000 0.000000 0.125000 0.000000 0.000000 0.125000 0.000000 0.000000
0 0.45998633 0.49126044 0.029613283 0.08297917 0.125000 0.000000 0.000000 0.125000 0.000000 0.000000 0.125000 0.000000 0.000000 0.125000 0.000000 0.000000 0.125000 0.000000 0.000000 0.125000 0.000000 0.000000 0.125000 0.000000 0.000000 0.125000 0.000000 0.000000 0.125000 0.000000 0.000000 0.125000 0.000000 0.000000 0.125000 0.000000 0.000000 0.125000 0.000000 0.000000 0.125000 0.000000 0.000000 0.125000 0.000000 0.000000 0.125000 0.000000 0.000000 0.125000 0.000000 0.000000 0.125000 0.000000 0.000000
0 0.81959367 0.6483125 0.109968744 0.66741663 0.829297 0.362500 1.000000 0.837500 0.356250 2.000000 0.125000 0.000000 0.000000 0.856250 0.368750 2.000000 0.125000 0.000000 0.000000 0.125000 0.000000 0.000000 0.841016 0.422917 2.000000 0.125000 0.000000 0.000000 0.826953 0.525000 2.000000 0.871484 0.635417 2.000000 0.777734 0.504167 2.000000 0.865625 0.618750 2.000000 0.835156 0.608333 2.000000 0.869141 0.766667 2.000000 0.819922 0.764583 2.000000 0.125000 0.000000 0.000000 0.812891 0.920833 2.000000
0 0.5558281 0.2952083 0.032789063 0.06279167 0.125000 0.000000 0.000000 0.125000 0.000000 0.000000 0.125000 0.000000 0.000000 0.125000 0.000000 0.000000 0.125000 0.000000 0.000000 0.125000 0.000000 0.000000 0.125000 0.000000 0.000000 0.125000 0.000000 0.000000 0.125000 0.000000 0.000000 0.125000 0.000000 0.000000 0.125000 0.000000 0.000000 0.125000 0.000000 0.000000 0.125000 0.000000 0.000000 0.125000 0.000000 0.000000 0.125000 0.000000 0.000000 0.125000 0.000000 0.000000 0.125000 0.000000 0.000000
0 0.45437303 0.44333333 0.034066405 0.06533333 0.125000 0.000000 0.000000 0.125000 0.000000 0.000000 0.125000 0.000000 0.000000 0.125000 0.000000 0.000000 0.125000 0.000000 0.000000 0.125000 0.000000 0.000000 0.125000 0.000000 0.000000 0.125000 0.000000 0.000000 0.125000 0.000000 0.000000 0.125000 0.000000 0.000000 0.125000 0.000000 0.000000 0.125000 0.000000 0.000000 0.125000 0.000000 0.000000 0.125000 0.000000 0.000000 0.125000 0.000000 0.000000 0.125000 0.000000 0.000000 0.125000 0.000000 0.000000
0 0.81640625 0.37972915 0.027164062 0.08575 0.125000 0.000000 0.000000 0.125000 0.000000 0.000000 0.125000 0.000000 0.000000 0.125000 0.000000 0.000000 0.125000 0.000000 0.000000 0.125000 0.000000 0.000000 0.125000 0.000000 0.000000 0.125000 0.000000 0.000000 0.125000 0.000000 0.000000 0.125000 0.000000 0.000000 0.125000 0.000000 0.000000 0.125000 0.000000 0.000000 0.125000 0.000000 0.000000 0.125000 0.000000 0.000000 0.125000 0.000000 0.000000 0.125000 0.000000 0.000000 0.125000 0.000000 0.000000
0 0.39683396 0.45055208 0.024105469 0.09643751 0.125000 0.000000 0.000000 0.125000 0.000000 0.000000 0.125000 0.000000 0.000000 0.125000 0.000000 0.000000 0.125000 0.000000 0.000000 0.125000 0.000000 0.000000 0.125000 0.000000 0.000000 0.125000 0.000000 0.000000 0.125000 0.000000 0.000000 0.125000 0.000000 0.000000 0.125000 0.000000 0.000000 0.125000 0.000000 0.000000 0.125000 0.000000 0.000000 0.125000 0.000000 0.000000 0.125000 0.000000 0.000000 0.125000 0.000000 0.000000 0.125000 0.000000 0.000000
0 0.5 0.29583332 0.7476562 0.56666666 0.125000 0.000000 0.000000 0.125000 0.000000 0.000000 0.125000 0.000000 0.000000 0.125000 0.000000 0.000000 0.125000 0.000000 0.000000 0.125000 0.000000 0.000000 0.125000 0.000000 0.000000 0.125000 0.000000 0.000000 0.125000 0.000000 0.000000 0.125000 0.000000 0.000000 0.125000 0.000000 0.000000 0.125000 0.000000 0.000000 0.125000 0.000000 0.000000 0.125000 0.000000 0.000000 0.125000 0.000000 0.000000 0.125000 0.000000 0.000000 0.125000 0.000000 0.000000