0 0.72234005 0.5506722 0.40437648 0.88964623 0.778597 0.283019 2.000000 0.813090 0.254717 2.000000 0.775943 0.250000 2.000000 0.880749 0.292453 2.000000 0.075472 0.000000 0.000000 0.908608 0.445755 2.000000 0.753390 0.441038 2.000000 0.809110 0.771226 2.000000 0.717571 0.615566 2.000000 0.647258 0.872642 2.000000 0.641952 0.752358 2.000000 0.785230 0.882075 2.000000 0.683078 0.813679 2.000000 0.075472 0.000000 0.000000 0.502653 0.917453 1.000000 0.075472 0.000000 0.000000 0.075472 0.000000 0.000000
0 0.30009362 0.5 0.44924384 1.0 0.278449 0.205189 2.000000 0.302329 0.172170 2.000000 0.258550 0.155660 2.000000 0.326209 0.158019 2.000000 0.226710 0.143868 2.000000 0.358048 0.356132 2.000000 0.141804 0.323113 2.000000 0.396521 0.549528 2.000000 0.103331 0.584906 1.000000 0.336822 0.695755 2.000000 0.169664 0.662736 1.000000 0.364682 0.714623 2.000000 0.222730 0.768868 2.000000 0.502653 0.839623 2.000000 0.364682 0.997642 1.000000 0.075472 0.000000 0.000000 0.075472 0.000000 0.000000
0 0.48806676 0.44119105 0.1017674 0.15841982 0.490713 0.398585 2.000000 0.497347 0.391509 2.000000 0.484080 0.389151 2.000000 0.502653 0.408019 2.000000 0.474794 0.408019 2.000000 0.514593 0.452830 2.000000 0.456221 0.462264 2.000000 0.075472 0.000000 0.000000 0.075472 0.000000 0.000000 0.075472 0.000000 0.000000 0.075472 0.000000 0.000000 0.075472 0.000000 0.000000 0.075472 0.000000 0.000000 0.075472 0.000000 0.000000 0.075472 0.000000 0.000000 0.075472 0.000000 0.000000 0.075472 0.000000 0.000000
0 0.63054913 0.44523588 0.098769166 0.16566038 0.630012 0.396226 2.000000 0.635318 0.386792 2.000000 0.624705 0.386792 2.000000 0.645932 0.398585 2.000000 0.616745 0.398585 1.000000 0.669811 0.464623 2.000000 0.595519 0.457547 2.000000 0.671138 0.540094 1.000000 0.586232 0.518868 1.000000 0.075472 0.000000 0.000000 0.075472 0.000000 0.000000 0.075472 0.000000 0.000000 0.075472 0.000000 0.000000 0.075472 0.000000 0.000000 0.075472 0.000000 0.000000 0.075472 0.000000 0.000000 0.075472 0.000000 0.000000
0 0.5981788 0.44825473 0.046817515 0.1064151 0.075472 0.000000 0.000000 0.075472 0.000000 0.000000 0.075472 0.000000 0.000000 0.075472 0.000000 0.000000 0.075472 0.000000 0.000000 0.075472 0.000000 0.000000 0.075472 0.000000 0.000000 0.075472 0.000000 0.000000 0.075472 0.000000 0.000000 0.075472 0.000000 0.000000 0.075472 0.000000 0.000000 0.075472 0.000000 0.000000 0.075472 0.000000 0.000000 0.075472 0.000000 0.000000 0.075472 0.000000 0.000000 0.075472 0.000000 0.000000 0.075472 0.000000 0.000000
0 0.42487842 0.437559 0.025909495 0.05492925 0.075472 0.000000 0.000000 0.075472 0.000000 0.000000 0.075472 0.000000 0.000000 0.075472 0.000000 0.000000 0.075472 0.000000 0.000000 0.075472 0.000000 0.000000 0.075472 0.000000 0.000000 0.075472 0.000000 0.000000 0.075472 0.000000 0.000000 0.075472 0.000000 0.000000 0.075472 0.000000 0.000000 0.075472 0.000000 0.000000 0.075472 0.000000 0.000000 0.075472 0.000000 0.000000 0.075472 0.000000 0.000000 0.075472 0.000000 0.000000 0.075472 0.000000 0.000000
0 0.46524176 0.4211675 0.024383845 0.046391513 0.075472 0.000000 0.000000 0.075472 0.000000 0.000000 0.075472 0.000000 0.000000 0.075472 0.000000 0.000000 0.075472 0.000000 0.000000 0.075472 0.000000 0.000000 0.075472 0.000000 0.000000 0.075472 0.000000 0.000000 0.075472 0.000000 0.000000 0.075472 0.000000 0.000000 0.075472 0.000000 0.000000 0.075472 0.000000 0.000000 0.075472 0.000000 0.000000 0.075472 0.000000 0.000000 0.075472 0.000000 0.000000 0.075472 0.000000 0.000000 0.075472 0.000000 0.000000
0 0.40629864 0.42725235 0.034201067 0.078136794 0.075472 0.000000 0.000000 0.075472 0.000000 0.000000 0.075472 0.000000 0.000000 0.075472 0.000000 0.000000 0.075472 0.000000 0.000000 0.075472 0.000000 0.000000 0.075472 0.000000 0.000000 0.075472 0.000000 0.000000 0.075472 0.000000 0.000000 0.075472 0.000000 0.000000 0.075472 0.000000 0.000000 0.075472 0.000000 0.000000 0.075472 0.000000 0.000000 0.075472 0.000000 0.000000 0.075472 0.000000 0.000000 0.075472 0.000000 0.000000 0.075472 0.000000 0.000000
0 0.54549754 0.45642695 0.018904777 0.03502359 0.075472 0.000000 0.000000 0.075472 0.000000 0.000000 0.075472 0.000000 0.000000 0.075472 0.000000 0.000000 0.075472 0.000000 0.000000 0.075472 0.000000 0.000000 0.075472 0.000000 0.000000 0.075472 0.000000 0.000000 0.075472 0.000000 0.000000 0.075472 0.000000 0.000000 0.075472 0.000000 0.000000 0.075472 0.000000 0.000000 0.075472 0.000000 0.000000 0.075472 0.000000 0.000000 0.075472 0.000000 0.000000 0.075472 0.000000 0.000000 0.075472 0.000000 0.000000
0 0.16297096 0.21253538 0.08621905 0.047570758 0.075472 0.000000 0.000000 0.075472 0.000000 0.000000 0.075472 0.000000 0.000000 0.075472 0.000000 0.000000 0.075472 0.000000 0.000000 0.075472 0.000000 0.000000 0.075472 0.000000 0.000000 0.075472 0.000000 0.000000 0.075472 0.000000 0.000000 0.075472 0.000000 0.000000 0.075472 0.000000 0.000000 0.075472 0.000000 0.000000 0.075472 0.000000 0.000000 0.075472 0.000000 0.000000 0.075472 0.000000 0.000000 0.075472 0.000000 0.000000 0.075472 0.000000 0.000000
0 0.5693242 0.45790094 0.02200914 0.034339625 0.075472 0.000000 0.000000 0.075472 0.000000 0.000000 0.075472 0.000000 0.000000 0.075472 0.000000 0.000000 0.075472 0.000000 0.000000 0.075472 0.000000 0.000000 0.075472 0.000000 0.000000 0.075472 0.000000 0.000000 0.075472 0.000000 0.000000 0.075472 0.000000 0.000000 0.075472 0.000000 0.000000 0.075472 0.000000 0.000000 0.075472 0.000000 0.000000 0.075472 0.000000 0.000000 0.075472 0.000000 0.000000 0.075472 0.000000 0.000000 0.075472 0.000000 0.000000
0 0.68264 0.47839627 0.033643868 0.11740567 0.075472 0.000000 0.000000 0.075472 0.000000 0.000000 0.075472 0.000000 0.000000 0.075472 0.000000 0.000000 0.075472 0.000000 0.000000 0.075472 0.000000 0.000000 0.075472 0.000000 0.000000 0.075472 0.000000 0.000000 0.075472 0.000000 0.000000 0.075472 0.000000 0.000000 0.075472 0.000000 0.000000 0.075472 0.000000 0.000000 0.075472 0.000000 0.000000 0.075472 0.000000 0.000000 0.075472 0.000000 0.000000 0.075472 0.000000 0.000000 0.075472 0.000000 0.000000
0 0.5542269 0.45215806 0.029969046 0.0690802 0.075472 0.000000 0.000000 0.075472 0.000000 0.000000 0.075472 0.000000 0.000000 0.075472 0.000000 0.000000 0.075472 0.000000 0.000000 0.075472 0.000000 0.000000 0.075472 0.000000 0.000000 0.075472 0.000000 0.000000 0.075472 0.000000 0.000000 0.075472 0.000000 0.000000 0.075472 0.000000 0.000000 0.075472 0.000000 0.000000 0.075472 0.000000 0.000000 0.075472 0.000000 0.000000 0.075472 0.000000 0.000000 0.075472 0.000000 0.000000 0.075472 0.000000 0.000000