0 0.42070463 0.6448892 0.035027698 0.23770082 0.001385 0.000000 0.000000 0.001385 0.000000 0.000000 0.001385 0.000000 0.000000 0.001385 0.000000 0.000000 0.001385 0.000000 0.000000 0.001385 0.000000 0.000000 0.001385 0.000000 0.000000 0.001385 0.000000 0.000000 0.001385 0.000000 0.000000 0.001385 0.000000 0.000000 0.001385 0.000000 0.000000 0.001385 0.000000 0.000000 0.001385 0.000000 0.000000 0.001385 0.000000 0.000000 0.001385 0.000000 0.000000 0.001385 0.000000 0.000000 0.001385 0.000000 0.000000
0 0.14980868 0.6866482 0.024884004 0.16886425 0.001385 0.000000 0.000000 0.001385 0.000000 0.000000 0.001385 0.000000 0.000000 0.001385 0.000000 0.000000 0.001385 0.000000 0.000000 0.001385 0.000000 0.000000 0.001385 0.000000 0.000000 0.001385 0.000000 0.000000 0.001385 0.000000 0.000000 0.001385 0.000000 0.000000 0.001385 0.000000 0.000000 0.001385 0.000000 0.000000 0.001385 0.000000 0.000000 0.001385 0.000000 0.000000 0.001385 0.000000 0.000000 0.001385 0.000000 0.000000 0.001385 0.000000 0.000000
0 0.025053669 0.651662 0.047337253 0.23191136 0.001385 0.000000 0.000000 0.001385 0.000000 0.000000 0.001385 0.000000 0.000000 0.021641 0.562327 2.000000 0.034107 0.562327 2.000000 0.013850 0.592798 2.000000 0.038781 0.592798 2.000000 0.001385 0.000000 0.000000 0.001385 0.000000 0.000000 0.001385 0.000000 0.000000 0.001385 0.000000 0.000000 0.015409 0.648199 2.000000 0.034107 0.650970 2.000000 0.015409 0.711911 1.000000 0.026316 0.714681 2.000000 0.001385 0.000000 0.000000 0.001385 0.000000 0.000000
0 0.034363747 0.7551662 0.06595741 0.16628808 0.046572 0.703601 2.000000 0.048130 0.698061 2.000000 0.041898 0.698061 2.000000 0.001385 0.000000 0.000000 0.034107 0.706371 2.000000 0.059037 0.734072 2.000000 0.030990 0.734072 2.000000 0.059037 0.770083 2.000000 0.024758 0.770083 2.000000 0.052805 0.789474 2.000000 0.029432 0.789474 2.000000 0.055921 0.789474 2.000000 0.032548 0.789474 2.000000 0.048130 0.800554 2.000000 0.024758 0.800554 1.000000 0.043456 0.811634 2.000000 0.015409 0.817174 2.000000
0 0.11122836 0.747036 0.073405474 0.16243766 0.094875 0.686981 2.000000 0.097992 0.681440 2.000000 0.090201 0.681440 2.000000 0.001385 0.000000 0.000000 0.082410 0.686981 2.000000 0.108899 0.711911 2.000000 0.077735 0.711911 2.000000 0.115132 0.736842 2.000000 0.077735 0.747922 2.000000 0.129155 0.770083 2.000000 0.088643 0.772853 2.000000 0.104224 0.764543 2.000000 0.093317 0.764543 2.000000 0.130713 0.756233 2.000000 0.069945 0.761773 1.000000 0.127597 0.792244 2.000000 0.091759 0.800554 2.000000
0 0.23293714 0.5802077 0.028000345 0.08196676 0.001385 0.000000 0.000000 0.001385 0.000000 0.000000 0.001385 0.000000 0.000000 0.001385 0.000000 0.000000 0.001385 0.000000 0.000000 0.001385 0.000000 0.000000 0.001385 0.000000 0.000000 0.001385 0.000000 0.000000 0.001385 0.000000 0.000000 0.001385 0.000000 0.000000 0.001385 0.000000 0.000000 0.001385 0.000000 0.000000 0.001385 0.000000 0.000000 0.001385 0.000000 0.000000 0.001385 0.000000 0.000000 0.001385 0.000000 0.000000 0.001385 0.000000 0.000000
0 0.35598597 0.65393347 0.030368768 0.19096954 0.001385 0.000000 0.000000 0.001385 0.000000 0.000000 0.001385 0.000000 0.000000 0.001385 0.000000 0.000000 0.001385 0.000000 0.000000 0.001385 0.000000 0.000000 0.001385 0.000000 0.000000 0.001385 0.000000 0.000000 0.001385 0.000000 0.000000 0.001385 0.000000 0.000000 0.001385 0.000000 0.000000 0.001385 0.000000 0.000000 0.001385 0.000000 0.000000 0.001385 0.000000 0.000000 0.001385 0.000000 0.000000 0.001385 0.000000 0.000000 0.001385 0.000000 0.000000
0 0.3310708 0.5919529 0.028124997 0.12667589 0.001385 0.000000 0.000000 0.001385 0.000000 0.000000 0.001385 0.000000 0.000000 0.001385 0.000000 0.000000 0.001385 0.000000 0.000000 0.001385 0.000000 0.000000 0.001385 0.000000 0.000000 0.001385 0.000000 0.000000 0.001385 0.000000 0.000000 0.001385 0.000000 0.000000 0.001385 0.000000 0.000000 0.001385 0.000000 0.000000 0.001385 0.000000 0.000000 0.001385 0.000000 0.000000 0.001385 0.000000 0.000000 0.001385 0.000000 0.000000 0.001385 0.000000 0.000000
0 0.202732 0.5863573 0.043940444 0.08795013 0.001385 0.000000 0.000000 0.001385 0.000000 0.000000 0.001385 0.000000 0.000000 0.001385 0.000000 0.000000 0.001385 0.000000 0.000000 0.001385 0.000000 0.000000 0.001385 0.000000 0.000000 0.001385 0.000000 0.000000 0.001385 0.000000 0.000000 0.001385 0.000000 0.000000 0.001385 0.000000 0.000000 0.001385 0.000000 0.000000 0.001385 0.000000 0.000000 0.001385 0.000000 0.000000 0.001385 0.000000 0.000000 0.001385 0.000000 0.000000 0.001385 0.000000 0.000000
0 0.41750258 0.5311911 0.02740824 0.06166205 0.001385 0.000000 0.000000 0.001385 0.000000 0.000000 0.001385 0.000000 0.000000 0.001385 0.000000 0.000000 0.001385 0.000000 0.000000 0.001385 0.000000 0.000000 0.001385 0.000000 0.000000 0.001385 0.000000 0.000000 0.001385 0.000000 0.000000 0.001385 0.000000 0.000000 0.001385 0.000000 0.000000 0.001385 0.000000 0.000000 0.001385 0.000000 0.000000 0.001385 0.000000 0.000000 0.001385 0.000000 0.000000 0.001385 0.000000 0.000000 0.001385 0.000000 0.000000
0 0.044507444 0.5647229 0.00553151 0.023185594 0.001385 0.000000 0.000000 0.001385 0.000000 0.000000 0.001385 0.000000 0.000000 0.001385 0.000000 0.000000 0.001385 0.000000 0.000000 0.001385 0.000000 0.000000 0.001385 0.000000 0.000000 0.001385 0.000000 0.000000 0.001385 0.000000 0.000000 0.001385 0.000000 0.000000 0.001385 0.000000 0.000000 0.001385 0.000000 0.000000 0.001385 0.000000 0.000000 0.001385 0.000000 0.000000 0.001385 0.000000 0.000000 0.001385 0.000000 0.000000 0.001385 0.000000 0.000000
0 0.274291 0.67304707 0.02703428 0.17168975 0.001385 0.000000 0.000000 0.001385 0.000000 0.000000 0.001385 0.000000 0.000000 0.001385 0.000000 0.000000 0.001385 0.000000 0.000000 0.001385 0.000000 0.000000 0.001385 0.000000 0.000000 0.001385 0.000000 0.000000 0.001385 0.000000 0.000000 0.001385 0.000000 0.000000 0.001385 0.000000 0.000000 0.001385 0.000000 0.000000 0.001385 0.000000 0.000000 0.001385 0.000000 0.000000 0.001385 0.000000 0.000000 0.001385 0.000000 0.000000 0.001385 0.000000 0.000000
0 0.10473858 0.5663712 0.008195983 0.029972298 0.001385 0.000000 0.000000 0.001385 0.000000 0.000000 0.001385 0.000000 0.000000 0.001385 0.000000 0.000000 0.001385 0.000000 0.000000 0.001385 0.000000 0.000000 0.001385 0.000000 0.000000 0.001385 0.000000 0.000000 0.001385 0.000000 0.000000 0.001385 0.000000 0.000000 0.001385 0.000000 0.000000 0.001385 0.000000 0.000000 0.001385 0.000000 0.000000 0.001385 0.000000 0.000000 0.001385 0.000000 0.000000 0.001385 0.000000 0.000000 0.001385 0.000000 0.000000
0 0.20628461 0.65096956 0.32565787 0.18836565 0.001385 0.000000 0.000000 0.001385 0.000000 0.000000 0.001385 0.000000 0.000000 0.001385 0.000000 0.000000 0.001385 0.000000 0.000000 0.001385 0.000000 0.000000 0.001385 0.000000 0.000000 0.001385 0.000000 0.000000 0.001385 0.000000 0.000000 0.001385 0.000000 0.000000 0.001385 0.000000 0.000000 0.001385 0.000000 0.000000 0.001385 0.000000 0.000000 0.001385 0.000000 0.000000 0.001385 0.000000 0.000000 0.001385 0.000000 0.000000 0.001385 0.000000 0.000000