0 0.17429492 0.74943745 0.098589845 0.46966666 0.125000 0.000000 0.000000 0.125000 0.000000 0.000000 0.125000 0.000000 0.000000 0.125000 0.000000 0.000000 0.185937 0.552083 2.000000 0.142578 0.606250 2.000000 0.196484 0.606250 2.000000 0.130859 0.687500 2.000000 0.203516 0.687500 2.000000 0.126172 0.760417 2.000000 0.212891 0.758333 2.000000 0.151953 0.735417 2.000000 0.188281 0.733333 2.000000 0.164844 0.862500 2.000000 0.183594 0.862500 2.000000 0.174219 0.958333 2.000000 0.173047 0.958333 2.000000
0 0.26250783 0.6775729 0.061570313 0.2770625 0.273828 0.566667 2.000000 0.125000 0.000000 0.000000 0.271484 0.562500 2.000000 0.125000 0.000000 0.000000 0.263281 0.562500 2.000000 0.250391 0.591667 2.000000 0.270312 0.587500 2.000000 0.125000 0.000000 0.000000 0.276172 0.631250 2.000000 0.125000 0.000000 0.000000 0.280859 0.675000 2.000000 0.253906 0.695833 2.000000 0.267969 0.693750 2.000000 0.252734 0.725000 2.000000 0.275000 0.733333 2.000000 0.238672 0.787500 2.000000 0.283203 0.789583 2.000000
0 0.28613865 0.64734375 0.028675782 0.19060417 0.125000 0.000000 0.000000 0.125000 0.000000 0.000000 0.125000 0.000000 0.000000 0.125000 0.000000 0.000000 0.125000 0.000000 0.000000 0.125000 0.000000 0.000000 0.125000 0.000000 0.000000 0.125000 0.000000 0.000000 0.125000 0.000000 0.000000 0.125000 0.000000 0.000000 0.125000 0.000000 0.000000 0.125000 0.000000 0.000000 0.125000 0.000000 0.000000 0.125000 0.000000 0.000000 0.125000 0.000000 0.000000 0.125000 0.000000 0.000000 0.125000 0.000000 0.000000
0 0.41643944 0.639625 0.04845703 0.21604167 0.125000 0.000000 0.000000 0.125000 0.000000 0.000000 0.125000 0.000000 0.000000 0.420312 0.552083 2.000000 0.125000 0.000000 0.000000 0.425000 0.568750 2.000000 0.433203 0.566667 2.000000 0.412109 0.597917 2.000000 0.125000 0.000000 0.000000 0.398047 0.608333 2.000000 0.125000 0.000000 0.000000 0.425000 0.625000 2.000000 0.432031 0.625000 2.000000 0.427344 0.675000 2.000000 0.432031 0.677083 2.000000 0.432031 0.729167 2.000000 0.428516 0.722917 2.000000
0 0.7232891 0.65513545 0.05444531 0.23785417 0.125000 0.000000 0.000000 0.125000 0.000000 0.000000 0.125000 0.000000 0.000000 0.125000 0.000000 0.000000 0.730859 0.552083 2.000000 0.709766 0.570833 2.000000 0.735547 0.572917 2.000000 0.700391 0.606250 2.000000 0.741406 0.612500 2.000000 0.703906 0.635417 2.000000 0.744922 0.650000 2.000000 0.713281 0.645833 2.000000 0.732031 0.645833 2.000000 0.712109 0.700000 2.000000 0.729688 0.700000 2.000000 0.720312 0.737500 2.000000 0.723828 0.750000 2.000000
0 0.37511328 0.58024997 0.012492188 0.058708332 0.125000 0.000000 0.000000 0.125000 0.000000 0.000000 0.125000 0.000000 0.000000 0.125000 0.000000 0.000000 0.125000 0.000000 0.000000 0.125000 0.000000 0.000000 0.125000 0.000000 0.000000 0.125000 0.000000 0.000000 0.125000 0.000000 0.000000 0.125000 0.000000 0.000000 0.125000 0.000000 0.000000 0.125000 0.000000 0.000000 0.125000 0.000000 0.000000 0.125000 0.000000 0.000000 0.125000 0.000000 0.000000 0.125000 0.000000 0.000000 0.125000 0.000000 0.000000
0 0.80666214 0.60694796 0.033410154 0.12647916 0.125000 0.000000 0.000000 0.125000 0.000000 0.000000 0.125000 0.000000 0.000000 0.125000 0.000000 0.000000 0.125000 0.000000 0.000000 0.125000 0.000000 0.000000 0.125000 0.000000 0.000000 0.125000 0.000000 0.000000 0.125000 0.000000 0.000000 0.125000 0.000000 0.000000 0.125000 0.000000 0.000000 0.125000 0.000000 0.000000 0.125000 0.000000 0.000000 0.125000 0.000000 0.000000 0.125000 0.000000 0.000000 0.125000 0.000000 0.000000 0.125000 0.000000 0.000000
0 0.8559629 0.6252812 0.029191406 0.1541875 0.125000 0.000000 0.000000 0.125000 0.000000 0.000000 0.125000 0.000000 0.000000 0.125000 0.000000 0.000000 0.125000 0.000000 0.000000 0.864453 0.581250 2.000000 0.845703 0.583333 2.000000 0.864453 0.595833 2.000000 0.844531 0.604167 2.000000 0.857422 0.614583 2.000000 0.853906 0.616667 2.000000 0.862109 0.627083 2.000000 0.850391 0.629167 2.000000 0.862109 0.666667 2.000000 0.852734 0.672917 1.000000 0.862109 0.700000 1.000000 0.852734 0.706250 1.000000
0 0.33399805 0.60888535 0.019230468 0.10660416 0.125000 0.000000 0.000000 0.125000 0.000000 0.000000 0.125000 0.000000 0.000000 0.125000 0.000000 0.000000 0.125000 0.000000 0.000000 0.125000 0.000000 0.000000 0.125000 0.000000 0.000000 0.125000 0.000000 0.000000 0.125000 0.000000 0.000000 0.125000 0.000000 0.000000 0.125000 0.000000 0.000000 0.125000 0.000000 0.000000 0.125000 0.000000 0.000000 0.125000 0.000000 0.000000 0.125000 0.000000 0.000000 0.125000 0.000000 0.000000 0.125000 0.000000 0.000000
0 0.6339336 0.67838544 0.043382812 0.24552085 0.125000 0.000000 0.000000 0.125000 0.000000 0.000000 0.125000 0.000000 0.000000 0.125000 0.000000 0.000000 0.125000 0.000000 0.000000 0.620703 0.606250 2.000000 0.642969 0.608333 2.000000 0.125000 0.000000 0.000000 0.125000 0.000000 0.000000 0.125000 0.000000 0.000000 0.125000 0.000000 0.000000 0.627734 0.656250 2.000000 0.641797 0.656250 2.000000 0.626562 0.714583 1.000000 0.646484 0.714583 1.000000 0.628906 0.764583 2.000000 0.647656 0.768750 1.000000
0 0.6758164 0.5984167 0.022921873 0.09066667 0.125000 0.000000 0.000000 0.125000 0.000000 0.000000 0.125000 0.000000 0.000000 0.125000 0.000000 0.000000 0.125000 0.000000 0.000000 0.125000 0.000000 0.000000 0.125000 0.000000 0.000000 0.125000 0.000000 0.000000 0.125000 0.000000 0.000000 0.125000 0.000000 0.000000 0.125000 0.000000 0.000000 0.125000 0.000000 0.000000 0.125000 0.000000 0.000000 0.125000 0.000000 0.000000 0.125000 0.000000 0.000000 0.125000 0.000000 0.000000 0.125000 0.000000 0.000000
0 0.68992 0.5927188 0.014261719 0.095562495 0.125000 0.000000 0.000000 0.125000 0.000000 0.000000 0.125000 0.000000 0.000000 0.125000 0.000000 0.000000 0.125000 0.000000 0.000000 0.125000 0.000000 0.000000 0.125000 0.000000 0.000000 0.125000 0.000000 0.000000 0.125000 0.000000 0.000000 0.125000 0.000000 0.000000 0.125000 0.000000 0.000000 0.125000 0.000000 0.000000 0.125000 0.000000 0.000000 0.125000 0.000000 0.000000 0.125000 0.000000 0.000000 0.125000 0.000000 0.000000 0.125000 0.000000 0.000000
0 0.31322658 0.6122187 0.0159375 0.10314583 0.125000 0.000000 0.000000 0.125000 0.000000 0.000000 0.125000 0.000000 0.000000 0.125000 0.000000 0.000000 0.125000 0.000000 0.000000 0.125000 0.000000 0.000000 0.125000 0.000000 0.000000 0.125000 0.000000 0.000000 0.125000 0.000000 0.000000 0.125000 0.000000 0.000000 0.125000 0.000000 0.000000 0.125000 0.000000 0.000000 0.125000 0.000000 0.000000 0.125000 0.000000 0.000000 0.125000 0.000000 0.000000 0.125000 0.000000 0.000000 0.125000 0.000000 0.000000
0 0.47890624 0.40208334 0.7054688 0.7875 0.125000 0.000000 0.000000 0.125000 0.000000 0.000000 0.125000 0.000000 0.000000 0.125000 0.000000 0.000000 0.125000 0.000000 0.000000 0.125000 0.000000 0.000000 0.125000 0.000000 0.000000 0.125000 0.000000 0.000000 0.125000 0.000000 0.000000 0.125000 0.000000 0.000000 0.125000 0.000000 0.000000 0.125000 0.000000 0.000000 0.125000 0.000000 0.000000 0.125000 0.000000 0.000000 0.125000 0.000000 0.000000 0.125000 0.000000 0.000000 0.125000 0.000000 0.000000