0 0.57766134 0.6843796 0.009351736 0.041066993 0.053350 0.000000 0.000000 0.053350 0.000000 0.000000 0.053350 0.000000 0.000000 0.053350 0.000000 0.000000 0.053350 0.000000 0.000000 0.053350 0.000000 0.000000 0.053350 0.000000 0.000000 0.053350 0.000000 0.000000 0.053350 0.000000 0.000000 0.053350 0.000000 0.000000 0.053350 0.000000 0.000000 0.053350 0.000000 0.000000 0.053350 0.000000 0.000000 0.053350 0.000000 0.000000 0.053350 0.000000 0.000000 0.053350 0.000000 0.000000 0.053350 0.000000 0.000000
0 0.58726424 0.6772828 0.0056668734 0.035707194 0.053350 0.000000 0.000000 0.053350 0.000000 0.000000 0.053350 0.000000 0.000000 0.053350 0.000000 0.000000 0.053350 0.000000 0.000000 0.053350 0.000000 0.000000 0.053350 0.000000 0.000000 0.053350 0.000000 0.000000 0.053350 0.000000 0.000000 0.053350 0.000000 0.000000 0.053350 0.000000 0.000000 0.053350 0.000000 0.000000 0.053350 0.000000 0.000000 0.053350 0.000000 0.000000 0.053350 0.000000 0.000000 0.053350 0.000000 0.000000 0.053350 0.000000 0.000000
0 0.5928125 0.6797766 0.0076070097 0.040397022 0.053350 0.000000 0.000000 0.053350 0.000000 0.000000 0.053350 0.000000 0.000000 0.053350 0.000000 0.000000 0.053350 0.000000 0.000000 0.053350 0.000000 0.000000 0.053350 0.000000 0.000000 0.053350 0.000000 0.000000 0.053350 0.000000 0.000000 0.053350 0.000000 0.000000 0.053350 0.000000 0.000000 0.053350 0.000000 0.000000 0.053350 0.000000 0.000000 0.053350 0.000000 0.000000 0.053350 0.000000 0.000000 0.053350 0.000000 0.000000 0.053350 0.000000 0.000000
0 0.7006506 0.6784367 0.004703784 0.027543426 0.053350 0.000000 0.000000 0.053350 0.000000 0.000000 0.053350 0.000000 0.000000 0.053350 0.000000 0.000000 0.053350 0.000000 0.000000 0.053350 0.000000 0.000000 0.053350 0.000000 0.000000 0.053350 0.000000 0.000000 0.053350 0.000000 0.000000 0.053350 0.000000 0.000000 0.053350 0.000000 0.000000 0.053350 0.000000 0.000000 0.053350 0.000000 0.000000 0.053350 0.000000 0.000000 0.053350 0.000000 0.000000 0.053350 0.000000 0.000000 0.053350 0.000000 0.000000
0 0.58330727 0.68263024 0.0052062655 0.036575682 0.053350 0.000000 0.000000 0.053350 0.000000 0.000000 0.053350 0.000000 0.000000 0.053350 0.000000 0.000000 0.053350 0.000000 0.000000 0.053350 0.000000 0.000000 0.053350 0.000000 0.000000 0.053350 0.000000 0.000000 0.053350 0.000000 0.000000 0.053350 0.000000 0.000000 0.053350 0.000000 0.000000 0.053350 0.000000 0.000000 0.053350 0.000000 0.000000 0.053350 0.000000 0.000000 0.053350 0.000000 0.000000 0.053350 0.000000 0.000000 0.053350 0.000000 0.000000
0 0.65517604 0.68496275 0.009309863 0.01801489 0.053350 0.000000 0.000000 0.053350 0.000000 0.000000 0.053350 0.000000 0.000000 0.053350 0.000000 0.000000 0.053350 0.000000 0.000000 0.053350 0.000000 0.000000 0.053350 0.000000 0.000000 0.053350 0.000000 0.000000 0.053350 0.000000 0.000000 0.053350 0.000000 0.000000 0.053350 0.000000 0.000000 0.053350 0.000000 0.000000 0.053350 0.000000 0.000000 0.053350 0.000000 0.000000 0.053350 0.000000 0.000000 0.053350 0.000000 0.000000 0.053350 0.000000 0.000000
0 0.695514 0.6788709 0.0041454714 0.025583126 0.053350 0.000000 0.000000 0.053350 0.000000 0.000000 0.053350 0.000000 0.000000 0.053350 0.000000 0.000000 0.053350 0.000000 0.000000 0.053350 0.000000 0.000000 0.053350 0.000000 0.000000 0.053350 0.000000 0.000000 0.053350 0.000000 0.000000 0.053350 0.000000 0.000000 0.053350 0.000000 0.000000 0.053350 0.000000 0.000000 0.053350 0.000000 0.000000 0.053350 0.000000 0.000000 0.053350 0.000000 0.000000 0.053350 0.000000 0.000000 0.053350 0.000000 0.000000
0 0.7554978 0.68523574 0.0077047143 0.01369727 0.053350 0.000000 0.000000 0.053350 0.000000 0.000000 0.053350 0.000000 0.000000 0.053350 0.000000 0.000000 0.053350 0.000000 0.000000 0.053350 0.000000 0.000000 0.053350 0.000000 0.000000 0.053350 0.000000 0.000000 0.053350 0.000000 0.000000 0.053350 0.000000 0.000000 0.053350 0.000000 0.000000 0.053350 0.000000 0.000000 0.053350 0.000000 0.000000 0.053350 0.000000 0.000000 0.053350 0.000000 0.000000 0.053350 0.000000 0.000000 0.053350 0.000000 0.000000
0 0.74605536 0.6862158 0.0073278532 0.016550867 0.053350 0.000000 0.000000 0.053350 0.000000 0.000000 0.053350 0.000000 0.000000 0.053350 0.000000 0.000000 0.053350 0.000000 0.000000 0.053350 0.000000 0.000000 0.053350 0.000000 0.000000 0.053350 0.000000 0.000000 0.053350 0.000000 0.000000 0.053350 0.000000 0.000000 0.053350 0.000000 0.000000 0.053350 0.000000 0.000000 0.053350 0.000000 0.000000 0.053350 0.000000 0.000000 0.053350 0.000000 0.000000 0.053350 0.000000 0.000000 0.053350 0.000000 0.000000
0 0.64193 0.67875934 0.0068532876 0.027890816 0.053350 0.000000 0.000000 0.053350 0.000000 0.000000 0.053350 0.000000 0.000000 0.053350 0.000000 0.000000 0.053350 0.000000 0.000000 0.053350 0.000000 0.000000 0.053350 0.000000 0.000000 0.053350 0.000000 0.000000 0.053350 0.000000 0.000000 0.053350 0.000000 0.000000 0.053350 0.000000 0.000000 0.053350 0.000000 0.000000 0.053350 0.000000 0.000000 0.053350 0.000000 0.000000 0.053350 0.000000 0.000000 0.053350 0.000000 0.000000 0.053350 0.000000 0.000000
0 0.71518767 0.6767742 0.0050806454 0.0096774185 0.053350 0.000000 0.000000 0.053350 0.000000 0.000000 0.053350 0.000000 0.000000 0.053350 0.000000 0.000000 0.053350 0.000000 0.000000 0.053350 0.000000 0.000000 0.053350 0.000000 0.000000 0.053350 0.000000 0.000000 0.053350 0.000000 0.000000 0.053350 0.000000 0.000000 0.053350 0.000000 0.000000 0.053350 0.000000 0.000000 0.053350 0.000000 0.000000 0.053350 0.000000 0.000000 0.053350 0.000000 0.000000 0.053350 0.000000 0.000000 0.053350 0.000000 0.000000
0 0.6015152 0.68142676 0.0055552106 0.0171464 0.053350 0.000000 0.000000 0.053350 0.000000 0.000000 0.053350 0.000000 0.000000 0.053350 0.000000 0.000000 0.053350 0.000000 0.000000 0.053350 0.000000 0.000000 0.053350 0.000000 0.000000 0.053350 0.000000 0.000000 0.053350 0.000000 0.000000 0.053350 0.000000 0.000000 0.053350 0.000000 0.000000 0.053350 0.000000 0.000000 0.053350 0.000000 0.000000 0.053350 0.000000 0.000000 0.053350 0.000000 0.000000 0.053350 0.000000 0.000000 0.053350 0.000000 0.000000
0 0.6352721 0.67844903 0.0076349247 0.028312653 0.053350 0.000000 0.000000 0.053350 0.000000 0.000000 0.053350 0.000000 0.000000 0.053350 0.000000 0.000000 0.053350 0.000000 0.000000 0.053350 0.000000 0.000000 0.053350 0.000000 0.000000 0.053350 0.000000 0.000000 0.053350 0.000000 0.000000 0.053350 0.000000 0.000000 0.053350 0.000000 0.000000 0.053350 0.000000 0.000000 0.053350 0.000000 0.000000 0.053350 0.000000 0.000000 0.053350 0.000000 0.000000 0.053350 0.000000 0.000000 0.053350 0.000000 0.000000
0 0.78892684 0.6985111 0.1814516 0.07196029 0.053350 0.000000 0.000000 0.053350 0.000000 0.000000 0.053350 0.000000 0.000000 0.053350 0.000000 0.000000 0.053350 0.000000 0.000000 0.053350 0.000000 0.000000 0.053350 0.000000 0.000000 0.053350 0.000000 0.000000 0.053350 0.000000 0.000000 0.053350 0.000000 0.000000 0.053350 0.000000 0.000000 0.053350 0.000000 0.000000 0.053350 0.000000 0.000000 0.053350 0.000000 0.000000 0.053350 0.000000 0.000000 0.053350 0.000000 0.000000 0.053350 0.000000 0.000000