0 0.51752764 0.6473849 0.08622928 0.44688767 0.168508 0.000000 0.000000 0.168508 0.000000 0.000000 0.168508 0.000000 0.000000 0.486533 0.465930 2.000000 0.514503 0.464088 2.000000 0.480318 0.495396 2.000000 0.516575 0.489871 2.000000 0.168508 0.000000 0.000000 0.538329 0.570902 2.000000 0.168508 0.000000 0.000000 0.168508 0.000000 0.000000 0.483425 0.624309 1.000000 0.515539 0.626151 1.000000 0.168508 0.000000 0.000000 0.529005 0.738490 2.000000 0.168508 0.000000 0.000000 0.529005 0.837937 2.000000
0 0.45165402 0.6679835 0.08595995 0.47640884 0.168508 0.000000 0.000000 0.168508 0.000000 0.000000 0.168508 0.000000 0.000000 0.168508 0.000000 0.000000 0.512431 0.469613 1.000000 0.478246 0.502762 1.000000 0.523826 0.500921 1.000000 0.168508 0.000000 0.000000 0.537293 0.569061 1.000000 0.168508 0.000000 0.000000 0.168508 0.000000 0.000000 0.486533 0.627993 1.000000 0.519682 0.637201 1.000000 0.500000 0.670350 1.000000 0.527970 0.738490 1.000000 0.491713 0.742173 1.000000 0.530041 0.830571 1.000000
0 0.63275725 0.51871085 0.025949586 0.17771639 0.631561 0.449355 2.000000 0.633633 0.443831 2.000000 0.630525 0.443831 2.000000 0.637776 0.445672 2.000000 0.168508 0.000000 0.000000 0.640884 0.462247 2.000000 0.625345 0.464088 2.000000 0.636740 0.488029 2.000000 0.620166 0.482505 2.000000 0.625345 0.493554 2.000000 0.631561 0.486188 2.000000 0.637776 0.513812 2.000000 0.624309 0.515654 2.000000 0.636740 0.556169 2.000000 0.627417 0.550645 2.000000 0.635704 0.593002 2.000000 0.628453 0.591160 2.000000
0 0.5826761 0.52000916 0.029046962 0.17876612 0.584945 0.447514 2.000000 0.585981 0.443831 2.000000 0.581837 0.441989 2.000000 0.168508 0.000000 0.000000 0.577693 0.445672 2.000000 0.589088 0.465930 2.000000 0.574586 0.469613 2.000000 0.597376 0.482505 1.000000 0.574586 0.499079 2.000000 0.592196 0.469613 2.000000 0.576657 0.519337 2.000000 0.590124 0.521179 2.000000 0.580801 0.523020 2.000000 0.585981 0.563536 2.000000 0.579765 0.561694 2.000000 0.583909 0.594843 2.000000 0.577693 0.593002 2.000000
0 0.5191125 0.42346224 0.020801105 0.052744012 0.168508 0.000000 0.000000 0.168508 0.000000 0.000000 0.168508 0.000000 0.000000 0.168508 0.000000 0.000000 0.168508 0.000000 0.000000 0.168508 0.000000 0.000000 0.168508 0.000000 0.000000 0.168508 0.000000 0.000000 0.168508 0.000000 0.000000 0.168508 0.000000 0.000000 0.168508 0.000000 0.000000 0.168508 0.000000 0.000000 0.168508 0.000000 0.000000 0.168508 0.000000 0.000000 0.168508 0.000000 0.000000 0.168508 0.000000 0.000000 0.168508 0.000000 0.000000
0 0.5382303 0.43866482 0.02203384 0.06812155 0.168508 0.000000 0.000000 0.168508 0.000000 0.000000 0.168508 0.000000 0.000000 0.168508 0.000000 0.000000 0.168508 0.000000 0.000000 0.168508 0.000000 0.000000 0.168508 0.000000 0.000000 0.168508 0.000000 0.000000 0.168508 0.000000 0.000000 0.168508 0.000000 0.000000 0.168508 0.000000 0.000000 0.168508 0.000000 0.000000 0.168508 0.000000 0.000000 0.168508 0.000000 0.000000 0.168508 0.000000 0.000000 0.168508 0.000000 0.000000 0.168508 0.000000 0.000000
0 0.30972895 0.43640882 0.015797652 0.08898711 0.168508 0.000000 0.000000 0.168508 0.000000 0.000000 0.168508 0.000000 0.000000 0.168508 0.000000 0.000000 0.168508 0.000000 0.000000 0.168508 0.000000 0.000000 0.168508 0.000000 0.000000 0.168508 0.000000 0.000000 0.168508 0.000000 0.000000 0.168508 0.000000 0.000000 0.168508 0.000000 0.000000 0.168508 0.000000 0.000000 0.168508 0.000000 0.000000 0.168508 0.000000 0.000000 0.168508 0.000000 0.000000 0.168508 0.000000 0.000000 0.168508 0.000000 0.000000
0 0.3160014 0.37472376 0.014813537 0.032246776 0.168508 0.000000 0.000000 0.168508 0.000000 0.000000 0.168508 0.000000 0.000000 0.168508 0.000000 0.000000 0.168508 0.000000 0.000000 0.168508 0.000000 0.000000 0.168508 0.000000 0.000000 0.168508 0.000000 0.000000 0.168508 0.000000 0.000000 0.168508 0.000000 0.000000 0.168508 0.000000 0.000000 0.168508 0.000000 0.000000 0.168508 0.000000 0.000000 0.168508 0.000000 0.000000 0.168508 0.000000 0.000000 0.168508 0.000000 0.000000 0.168508 0.000000 0.000000
0 0.301105 0.37399632 0.014337016 0.033554323 0.168508 0.000000 0.000000 0.168508 0.000000 0.000000 0.168508 0.000000 0.000000 0.168508 0.000000 0.000000 0.168508 0.000000 0.000000 0.168508 0.000000 0.000000 0.168508 0.000000 0.000000 0.168508 0.000000 0.000000 0.168508 0.000000 0.000000 0.168508 0.000000 0.000000 0.168508 0.000000 0.000000 0.168508 0.000000 0.000000 0.168508 0.000000 0.000000 0.168508 0.000000 0.000000 0.168508 0.000000 0.000000 0.168508 0.000000 0.000000 0.168508 0.000000 0.000000
0 0.33554906 0.43006447 0.019247238 0.09876612 0.168508 0.000000 0.000000 0.168508 0.000000 0.000000 0.168508 0.000000 0.000000 0.168508 0.000000 0.000000 0.168508 0.000000 0.000000 0.168508 0.000000 0.000000 0.168508 0.000000 0.000000 0.168508 0.000000 0.000000 0.168508 0.000000 0.000000 0.168508 0.000000 0.000000 0.168508 0.000000 0.000000 0.168508 0.000000 0.000000 0.168508 0.000000 0.000000 0.168508 0.000000 0.000000 0.168508 0.000000 0.000000 0.168508 0.000000 0.000000 0.168508 0.000000 0.000000
0 0.48913845 0.4195764 0.023131905 0.04578269 0.168508 0.000000 0.000000 0.168508 0.000000 0.000000 0.168508 0.000000 0.000000 0.168508 0.000000 0.000000 0.168508 0.000000 0.000000 0.168508 0.000000 0.000000 0.168508 0.000000 0.000000 0.168508 0.000000 0.000000 0.168508 0.000000 0.000000 0.168508 0.000000 0.000000 0.168508 0.000000 0.000000 0.168508 0.000000 0.000000 0.168508 0.000000 0.000000 0.168508 0.000000 0.000000 0.168508 0.000000 0.000000 0.168508 0.000000 0.000000 0.168508 0.000000 0.000000