0 0.19067968 0.614875 0.111140616 0.32769445 0.201562 0.494444 2.000000 0.203125 0.488889 2.000000 0.196875 0.488889 2.000000 0.000000 0.000000 0.000000 0.190625 0.497222 2.000000 0.215625 0.525000 2.000000 0.178125 0.533333 2.000000 0.242188 0.547222 2.000000 0.000000 0.000000 0.000000 0.218750 0.519444 2.000000 0.000000 0.000000 0.000000 0.209375 0.602778 2.000000 0.181250 0.605556 1.000000 0.232812 0.650000 2.000000 0.153125 0.661111 2.000000 0.237500 0.733333 2.000000 0.159375 0.736111 1.000000
0 0.039781254 0.65705556 0.030906253 0.17661111 0.000000 0.000000 0.000000 0.000000 0.000000 0.000000 0.000000 0.000000 0.000000 0.000000 0.000000 0.000000 0.000000 0.000000 0.000000 0.000000 0.000000 0.000000 0.000000 0.000000 0.000000 0.000000 0.000000 0.000000 0.000000 0.000000 0.000000 0.000000 0.000000 0.000000 0.000000 0.000000 0.000000 0.000000 0.000000 0.000000 0.000000 0.000000 0.000000 0.000000 0.000000 0.000000 0.000000 0.000000 0.000000 0.000000 0.000000 0.000000 0.000000 0.000000 0.000000
0 0.010445312 0.6564861 0.019765623 0.17663889 0.000000 0.000000 0.000000 0.000000 0.000000 0.000000 0.000000 0.000000 0.000000 0.000000 0.000000 0.000000 0.000000 0.000000 0.000000 0.000000 0.000000 0.000000 0.000000 0.000000 0.000000 0.000000 0.000000 0.000000 0.000000 0.000000 0.000000 0.000000 0.000000 0.000000 0.000000 0.000000 0.000000 0.000000 0.000000 0.000000 0.000000 0.000000 0.000000 0.000000 0.000000 0.000000 0.000000 0.000000 0.000000 0.000000 0.000000 0.000000 0.000000 0.000000 0.000000
0 0.28421095 0.50576395 0.056203127 0.12330555 0.000000 0.000000 0.000000 0.000000 0.000000 0.000000 0.000000 0.000000 0.000000 0.000000 0.000000 0.000000 0.000000 0.000000 0.000000 0.000000 0.000000 0.000000 0.000000 0.000000 0.000000 0.000000 0.000000 0.000000 0.000000 0.000000 0.000000 0.000000 0.000000 0.000000 0.000000 0.000000 0.000000 0.000000 0.000000 0.000000 0.000000 0.000000 0.000000 0.000000 0.000000 0.000000 0.000000 0.000000 0.000000 0.000000 0.000000 0.000000 0.000000 0.000000 0.000000
0 0.4172422 0.54398614 0.038078126 0.13302778 0.000000 0.000000 0.000000 0.000000 0.000000 0.000000 0.000000 0.000000 0.000000 0.000000 0.000000 0.000000 0.000000 0.000000 0.000000 0.000000 0.000000 0.000000 0.000000 0.000000 0.000000 0.000000 0.000000 0.000000 0.000000 0.000000 0.000000 0.000000 0.000000 0.000000 0.000000 0.000000 0.000000 0.000000 0.000000 0.000000 0.000000 0.000000 0.000000 0.000000 0.000000 0.000000 0.000000 0.000000 0.000000 0.000000 0.000000 0.000000 0.000000 0.000000 0.000000
0 0.39191404 0.6059305 0.05473437 0.24997222 0.367188 0.505556 2.000000 0.371875 0.497222 2.000000 0.365625 0.500000 2.000000 0.378125 0.508333 2.000000 0.000000 0.000000 0.000000 0.382812 0.533333 2.000000 0.000000 0.000000 0.000000 0.403125 0.602778 2.000000 0.000000 0.000000 0.000000 0.400000 0.577778 2.000000 0.000000 0.000000 0.000000 0.385938 0.616667 2.000000 0.000000 0.000000 0.000000 0.404687 0.661111 2.000000 0.000000 0.000000 0.000000 0.410937 0.725000 1.000000 0.000000 0.000000 0.000000
0 0.47683594 0.5824861 0.11126563 0.31513888 0.478125 0.461111 2.000000 0.481250 0.458333 2.000000 0.475000 0.458333 2.000000 0.487500 0.461111 2.000000 0.465625 0.458333 2.000000 0.496875 0.500000 2.000000 0.454688 0.500000 2.000000 0.503125 0.561111 2.000000 0.435937 0.530556 1.000000 0.485938 0.544444 2.000000 0.437500 0.566667 1.000000 0.495313 0.591667 2.000000 0.457812 0.588889 1.000000 0.517187 0.636111 2.000000 0.431250 0.644444 2.000000 0.517187 0.713889 1.000000 0.431250 0.741667 1.000000
0 0.77150786 0.5435972 0.07501563 0.25591666 0.756250 0.441667 2.000000 0.759375 0.438889 2.000000 0.753125 0.438889 2.000000 0.765625 0.441667 2.000000 0.000000 0.000000 0.000000 0.778125 0.475000 2.000000 0.742188 0.475000 2.000000 0.782812 0.513889 2.000000 0.740625 0.511111 2.000000 0.771875 0.538889 2.000000 0.748438 0.533333 1.000000 0.776563 0.555556 1.000000 0.754687 0.558333 1.000000 0.801562 0.583333 2.000000 0.737500 0.580556 1.000000 0.801562 0.638889 2.000000 0.732813 0.647222 1.000000
0 0.6716172 0.5799583 0.13204688 0.3439722 0.664062 0.441667 2.000000 0.667188 0.436111 2.000000 0.660937 0.436111 2.000000 0.000000 0.000000 0.000000 0.650000 0.441667 2.000000 0.670313 0.475000 2.000000 0.629687 0.475000 2.000000 0.684375 0.522222 2.000000 0.614062 0.530556 2.000000 0.670313 0.533333 2.000000 0.629687 0.516667 2.000000 0.671875 0.566667 1.000000 0.639063 0.569444 2.000000 0.703125 0.608333 1.000000 0.617188 0.633333 2.000000 0.717188 0.711111 2.000000 0.615625 0.725000 2.000000
0 0.35404688 0.6395278 0.08165625 0.3895 0.334375 0.491667 2.000000 0.339063 0.483333 2.000000 0.332812 0.483333 2.000000 0.350000 0.486111 2.000000 0.000000 0.000000 0.000000 0.367188 0.530556 2.000000 0.323438 0.525000 2.000000 0.378125 0.591667 2.000000 0.312500 0.588889 1.000000 0.357812 0.577778 2.000000 0.326562 0.577778 2.000000 0.357812 0.630556 2.000000 0.326562 0.630556 1.000000 0.385938 0.702778 2.000000 0.287500 0.700000 1.000000 0.379687 0.797222 2.000000 0.284375 0.788889 1.000000
0 0.56995314 0.5169444 0.082093745 0.1965 0.573438 0.455556 2.000000 0.575000 0.447222 2.000000 0.568750 0.447222 2.000000 0.000000 0.000000 0.000000 0.557813 0.458333 2.000000 0.579687 0.483333 2.000000 0.546875 0.500000 2.000000 0.595312 0.530556 2.000000 0.539062 0.555556 2.000000 0.590625 0.538889 2.000000 0.556250 0.561111 2.000000 0.585938 0.569444 2.000000 0.557813 0.566667 2.000000 0.000000 0.000000 0.000000 0.000000 0.000000 0.000000 0.000000 0.000000 0.000000 0.000000 0.000000 0.000000
0 0.931 0.5018333 0.060624998 0.21877778 0.935938 0.425000 2.000000 0.939062 0.419444 2.000000 0.932813 0.419444 2.000000 0.943750 0.419444 2.000000 0.000000 0.000000 0.000000 0.951563 0.438889 1.000000 0.920313 0.438889 2.000000 0.954687 0.475000 2.000000 0.917188 0.488889 2.000000 0.950000 0.497222 2.000000 0.931250 0.505556 2.000000 0.000000 0.000000 0.000000 0.000000 0.000000 0.000000 0.000000 0.000000 0.000000 0.000000 0.000000 0.000000 0.000000 0.000000 0.000000 0.000000 0.000000 0.000000
0 0.8473204 0.5532083 0.069796875 0.2150278 0.000000 0.000000 0.000000 0.000000 0.000000 0.000000 0.000000 0.000000 0.000000 0.000000 0.000000 0.000000 0.000000 0.000000 0.000000 0.000000 0.000000 0.000000 0.000000 0.000000 0.000000 0.000000 0.000000 0.000000 0.000000 0.000000 0.000000 0.000000 0.000000 0.000000 0.000000 0.000000 0.000000 0.000000 0.000000 0.000000 0.000000 0.000000 0.000000 0.000000 0.000000 0.000000 0.000000 0.000000 0.000000 0.000000 0.000000 0.000000 0.000000 0.000000 0.000000
0 0.71171874 0.6402778 0.5734375 0.49166667 0.000000 0.000000 0.000000 0.000000 0.000000 0.000000 0.000000 0.000000 0.000000 0.000000 0.000000 0.000000 0.000000 0.000000 0.000000 0.000000 0.000000 0.000000 0.000000 0.000000 0.000000 0.000000 0.000000 0.000000 0.000000 0.000000 0.000000 0.000000 0.000000 0.000000 0.000000 0.000000 0.000000 0.000000 0.000000 0.000000 0.000000 0.000000 0.000000 0.000000 0.000000 0.000000 0.000000 0.000000 0.000000 0.000000 0.000000 0.000000 0.000000 0.000000 0.000000