0 0.39661592 0.6048595 0.40955794 0.7797892 0.330064 0.348946 2.000000 0.341920 0.330211 2.000000 0.301083 0.339578 2.000000 0.361680 0.384075 2.000000 0.261563 0.407494 2.000000 0.368267 0.632318 2.000000 0.278689 0.494145 2.000000 0.417008 0.903981 2.000000 0.390662 0.529274 2.000000 0.486827 0.711944 2.000000 0.509221 0.407494 2.000000 0.078454 0.000000 0.000000 0.078454 0.000000 0.000000 0.078454 0.000000 0.000000 0.078454 0.000000 0.000000 0.078454 0.000000 0.000000 0.078454 0.000000 0.000000
0 0.5000132 0.21980093 0.19807377 0.42437938 0.488144 0.056206 2.000000 0.500000 0.042155 2.000000 0.474971 0.046838 2.000000 0.513173 0.053864 2.000000 0.445989 0.072600 2.000000 0.547424 0.154567 2.000000 0.426230 0.196721 2.000000 0.579040 0.304450 2.000000 0.481557 0.351288 2.000000 0.078454 0.000000 0.000000 0.544789 0.323185 2.000000 0.078454 0.000000 0.000000 0.465749 0.437939 1.000000 0.078454 0.000000 0.000000 0.530299 0.407494 1.000000 0.078454 0.000000 0.000000 0.523712 0.615925 1.000000
0 0.822331 0.5656089 0.19842945 0.777541 0.822746 0.276347 2.000000 0.830650 0.255269 2.000000 0.810890 0.252927 2.000000 0.078454 0.000000 0.000000 0.774005 0.271663 1.000000 0.867535 0.402810 2.000000 0.756879 0.412178 2.000000 0.913642 0.480094 2.000000 0.779274 0.543326 2.000000 0.909690 0.557377 2.000000 0.871487 0.533958 2.000000 0.905738 0.653396 2.000000 0.842506 0.676815 1.000000 0.078454 0.000000 0.000000 0.892564 0.843091 2.000000 0.078454 0.000000 0.000000 0.078454 0.000000 0.000000
0 0.13849825 0.615726 0.120087825 0.759555 0.087676 0.353630 2.000000 0.099532 0.332553 2.000000 0.078454 0.000000 0.000000 0.078454 0.000000 0.000000 0.078454 0.000000 0.000000 0.127196 0.435597 2.000000 0.078454 0.000000 0.000000 0.165398 0.608899 1.000000 0.078454 0.000000 0.000000 0.186475 0.768150 2.000000 0.078454 0.000000 0.000000 0.160129 0.740047 2.000000 0.082406 0.747073 1.000000 0.211505 0.882904 1.000000 0.152225 0.901639 2.000000 0.078454 0.000000 0.000000 0.078454 0.000000 0.000000
0 0.19312134 0.37203747 0.15519467 0.47063234 0.248390 0.262295 2.000000 0.253659 0.234192 2.000000 0.228630 0.234192 2.000000 0.078454 0.000000 0.000000 0.191745 0.238876 2.000000 0.078454 0.000000 0.000000 0.171985 0.381733 2.000000 0.078454 0.000000 0.000000 0.251025 0.583138 1.000000 0.078454 0.000000 0.000000 0.078454 0.000000 0.000000 0.078454 0.000000 0.000000 0.078454 0.000000 0.000000 0.078454 0.000000 0.000000 0.078454 0.000000 0.000000 0.078454 0.000000 0.000000 0.078454 0.000000 0.000000
0 0.19411592 0.18165106 0.18076405 0.3415691 0.193062 0.037471 2.000000 0.203601 0.025761 2.000000 0.177254 0.025761 2.000000 0.078454 0.000000 0.000000 0.148273 0.039813 2.000000 0.243121 0.145199 2.000000 0.140369 0.180328 2.000000 0.078454 0.000000 0.000000 0.150908 0.337237 2.000000 0.078454 0.000000 0.000000 0.078454 0.000000 0.000000 0.078454 0.000000 0.000000 0.078454 0.000000 0.000000 0.078454 0.000000 0.000000 0.078454 0.000000 0.000000 0.078454 0.000000 0.000000 0.078454 0.000000 0.000000
0 0.6494774 0.15014051 0.17770784 0.2979391 0.654128 0.039813 2.000000 0.660714 0.025761 2.000000 0.640954 0.028103 2.000000 0.078454 0.000000 0.000000 0.608021 0.046838 2.000000 0.697600 0.135831 1.000000 0.592213 0.159251 2.000000 0.730533 0.302108 1.000000 0.588261 0.323185 1.000000 0.078454 0.000000 0.000000 0.078454 0.000000 0.000000 0.078454 0.000000 0.000000 0.078454 0.000000 0.000000 0.078454 0.000000 0.000000 0.078454 0.000000 0.000000 0.078454 0.000000 0.000000 0.078454 0.000000 0.000000
0 0.81712747 0.17572601 0.16863142 0.35145202 0.816159 0.053864 2.000000 0.824063 0.035129 2.000000 0.805621 0.030445 2.000000 0.078454 0.000000 0.000000 0.774005 0.053864 1.000000 0.842506 0.161592 2.000000 0.737119 0.166276 2.000000 0.903103 0.295082 1.000000 0.747658 0.306792 1.000000 0.866218 0.163934 2.000000 0.816159 0.173302 2.000000 0.078454 0.000000 0.000000 0.078454 0.000000 0.000000 0.078454 0.000000 0.000000 0.078454 0.000000 0.000000 0.078454 0.000000 0.000000 0.078454 0.000000 0.000000
0 0.27651495 0.08444965 0.1294672 0.1688993 0.078454 0.000000 0.000000 0.078454 0.000000 0.000000 0.078454 0.000000 0.000000 0.078454 0.000000 0.000000 0.078454 0.000000 0.000000 0.078454 0.000000 0.000000 0.078454 0.000000 0.000000 0.078454 0.000000 0.000000 0.078454 0.000000 0.000000 0.078454 0.000000 0.000000 0.078454 0.000000 0.000000 0.078454 0.000000 0.000000 0.078454 0.000000 0.000000 0.078454 0.000000 0.000000 0.078454 0.000000 0.000000 0.078454 0.000000 0.000000 0.078454 0.000000 0.000000
0 0.7367901 0.5925878 0.352781 0.78025764 0.648858 0.318501 1.000000 0.656762 0.292740 1.000000 0.633050 0.292740 1.000000 0.078454 0.000000 0.000000 0.602752 0.309133 2.000000 0.694965 0.409836 2.000000 0.593530 0.423888 2.000000 0.746341 0.555035 2.000000 0.611973 0.569087 2.000000 0.643589 0.555035 2.000000 0.718677 0.540984 2.000000 0.743706 0.718970 2.000000 0.675205 0.754098 2.000000 0.820111 0.704918 2.000000 0.808255 0.810304 2.000000 0.855679 0.981265 1.000000 0.078454 0.000000 0.000000
0 0.36116657 0.26752928 0.11542448 0.4103747 0.355094 0.154567 2.000000 0.361680 0.140515 2.000000 0.341920 0.138173 2.000000 0.078454 0.000000 0.000000 0.316891 0.149883 2.000000 0.384075 0.271663 2.000000 0.290545 0.257611 1.000000 0.078454 0.000000 0.000000 0.078454 0.000000 0.000000 0.078454 0.000000 0.000000 0.078454 0.000000 0.000000 0.376171 0.473068 1.000000 0.315574 0.470726 1.000000 0.078454 0.000000 0.000000 0.078454 0.000000 0.000000 0.078454 0.000000 0.000000 0.078454 0.000000 0.000000