0 0.8992656 0.5794306 0.0349375 0.14630555 0.000000 0.162500 0.000000 0.000000 0.162500 0.000000 0.000000 0.162500 0.000000 0.000000 0.162500 0.000000 0.000000 0.162500 0.000000 0.000000 0.162500 0.000000 0.000000 0.162500 0.000000 0.000000 0.162500 0.000000 0.000000 0.162500 0.000000 0.000000 0.162500 0.000000 0.000000 0.162500 0.000000 0.000000 0.162500 0.000000 0.000000 0.162500 0.000000 0.000000 0.162500 0.000000 0.000000 0.162500 0.000000 0.000000 0.162500 0.000000 0.000000 0.162500 0.000000
0 0.8474141 0.5317639 0.0092968745 0.05402778 0.000000 0.162500 0.000000 0.000000 0.162500 0.000000 0.000000 0.162500 0.000000 0.000000 0.162500 0.000000 0.000000 0.162500 0.000000 0.000000 0.162500 0.000000 0.000000 0.162500 0.000000 0.000000 0.162500 0.000000 0.000000 0.162500 0.000000 0.000000 0.162500 0.000000 0.000000 0.162500 0.000000 0.000000 0.162500 0.000000 0.000000 0.162500 0.000000 0.000000 0.162500 0.000000 0.000000 0.162500 0.000000 0.000000 0.162500 0.000000 0.000000 0.162500 0.000000
0 0.88465625 0.5185555 0.0121875005 0.054777775 0.000000 0.162500 0.000000 0.000000 0.162500 0.000000 0.000000 0.162500 0.000000 0.000000 0.162500 0.000000 0.000000 0.162500 0.000000 0.000000 0.162500 0.000000 0.000000 0.162500 0.000000 0.000000 0.162500 0.000000 0.000000 0.162500 0.000000 0.000000 0.162500 0.000000 0.000000 0.162500 0.000000 0.000000 0.162500 0.000000 0.000000 0.162500 0.000000 0.000000 0.162500 0.000000 0.000000 0.162500 0.000000 0.000000 0.162500 0.000000 0.000000 0.162500 0.000000
0 0.9188281 0.5283194 0.007999999 0.043027777 0.000000 0.162500 0.000000 0.000000 0.162500 0.000000 0.000000 0.162500 0.000000 0.000000 0.162500 0.000000 0.000000 0.162500 0.000000 0.000000 0.162500 0.000000 0.000000 0.162500 0.000000 0.000000 0.162500 0.000000 0.000000 0.162500 0.000000 0.000000 0.162500 0.000000 0.000000 0.162500 0.000000 0.000000 0.162500 0.000000 0.000000 0.162500 0.000000 0.000000 0.162500 0.000000 0.000000 0.162500 0.000000 0.000000 0.162500 0.000000 0.000000 0.162500 0.000000
0 0.9259218 0.5236805 0.018125001 0.06525 0.000000 0.162500 0.000000 0.000000 0.162500 0.000000 0.000000 0.162500 0.000000 0.000000 0.162500 0.000000 0.000000 0.162500 0.000000 0.000000 0.162500 0.000000 0.000000 0.162500 0.000000 0.000000 0.162500 0.000000 0.000000 0.162500 0.000000 0.000000 0.162500 0.000000 0.000000 0.162500 0.000000 0.000000 0.162500 0.000000 0.000000 0.162500 0.000000 0.000000 0.162500 0.000000 0.000000 0.162500 0.000000 0.000000 0.162500 0.000000 0.000000 0.162500 0.000000
0 0.87510943 0.5284306 0.0126249995 0.04352778 0.000000 0.162500 0.000000 0.000000 0.162500 0.000000 0.000000 0.162500 0.000000 0.000000 0.162500 0.000000 0.000000 0.162500 0.000000 0.000000 0.162500 0.000000 0.000000 0.162500 0.000000 0.000000 0.162500 0.000000 0.000000 0.162500 0.000000 0.000000 0.162500 0.000000 0.000000 0.162500 0.000000 0.000000 0.162500 0.000000 0.000000 0.162500 0.000000 0.000000 0.162500 0.000000 0.000000 0.162500 0.000000 0.000000 0.162500 0.000000 0.000000 0.162500 0.000000
0 0.89224994 0.5204722 0.0088125 0.023222221 0.000000 0.162500 0.000000 0.000000 0.162500 0.000000 0.000000 0.162500 0.000000 0.000000 0.162500 0.000000 0.000000 0.162500 0.000000 0.000000 0.162500 0.000000 0.000000 0.162500 0.000000 0.000000 0.162500 0.000000 0.000000 0.162500 0.000000 0.000000 0.162500 0.000000 0.000000 0.162500 0.000000 0.000000 0.162500 0.000000 0.000000 0.162500 0.000000 0.000000 0.162500 0.000000 0.000000 0.162500 0.000000 0.000000 0.162500 0.000000 0.000000 0.162500 0.000000
0 0.97150004 0.57556945 0.023031252 0.12936111 0.000000 0.162500 0.000000 0.000000 0.162500 0.000000 0.000000 0.162500 0.000000 0.000000 0.162500 0.000000 0.000000 0.162500 0.000000 0.000000 0.162500 0.000000 0.000000 0.162500 0.000000 0.000000 0.162500 0.000000 0.000000 0.162500 0.000000 0.000000 0.162500 0.000000 0.000000 0.162500 0.000000 0.000000 0.162500 0.000000 0.000000 0.162500 0.000000 0.000000 0.162500 0.000000 0.000000 0.162500 0.000000 0.000000 0.162500 0.000000 0.000000 0.162500 0.000000
0 0.9914374 0.5785139 0.017125001 0.14769444 0.000000 0.162500 0.000000 0.000000 0.162500 0.000000 0.000000 0.162500 0.000000 0.000000 0.162500 0.000000 0.000000 0.162500 0.000000 0.000000 0.162500 0.000000 0.000000 0.162500 0.000000 0.000000 0.162500 0.000000 0.000000 0.162500 0.000000 0.000000 0.162500 0.000000 0.000000 0.162500 0.000000 0.000000 0.162500 0.000000 0.000000 0.162500 0.000000 0.000000 0.162500 0.000000 0.000000 0.162500 0.000000 0.000000 0.162500 0.000000 0.000000 0.162500 0.000000
0 0.9137109 0.52272224 0.009453126 0.04216667 0.000000 0.162500 0.000000 0.000000 0.162500 0.000000 0.000000 0.162500 0.000000 0.000000 0.162500 0.000000 0.000000 0.162500 0.000000 0.000000 0.162500 0.000000 0.000000 0.162500 0.000000 0.000000 0.162500 0.000000 0.000000 0.162500 0.000000 0.000000 0.162500 0.000000 0.000000 0.162500 0.000000 0.000000 0.162500 0.000000 0.000000 0.162500 0.000000 0.000000 0.162500 0.000000 0.000000 0.162500 0.000000 0.000000 0.162500 0.000000 0.000000 0.162500 0.000000
0 0.76860934 0.49584723 0.0079375 0.017138889 0.000000 0.162500 0.000000 0.000000 0.162500 0.000000 0.000000 0.162500 0.000000 0.000000 0.162500 0.000000 0.000000 0.162500 0.000000 0.000000 0.162500 0.000000 0.000000 0.162500 0.000000 0.000000 0.162500 0.000000 0.000000 0.162500 0.000000 0.000000 0.162500 0.000000 0.000000 0.162500 0.000000 0.000000 0.162500 0.000000 0.000000 0.162500 0.000000 0.000000 0.162500 0.000000 0.000000 0.162500 0.000000 0.000000 0.162500 0.000000 0.000000 0.162500 0.000000
0 0.82958597 0.5349444 0.013828126 0.0505 0.000000 0.162500 0.000000 0.000000 0.162500 0.000000 0.000000 0.162500 0.000000 0.000000 0.162500 0.000000 0.000000 0.162500 0.000000 0.000000 0.162500 0.000000 0.000000 0.162500 0.000000 0.000000 0.162500 0.000000 0.000000 0.162500 0.000000 0.000000 0.162500 0.000000 0.000000 0.162500 0.000000 0.000000 0.162500 0.000000 0.000000 0.162500 0.000000 0.000000 0.162500 0.000000 0.000000 0.162500 0.000000 0.000000 0.162500 0.000000 0.000000 0.162500 0.000000
0 0.8579609 0.5290834 0.012453125 0.039055556 0.000000 0.162500 0.000000 0.000000 0.162500 0.000000 0.000000 0.162500 0.000000 0.000000 0.162500 0.000000 0.000000 0.162500 0.000000 0.000000 0.162500 0.000000 0.000000 0.162500 0.000000 0.000000 0.162500 0.000000 0.000000 0.162500 0.000000 0.000000 0.162500 0.000000 0.000000 0.162500 0.000000 0.000000 0.162500 0.000000 0.000000 0.162500 0.000000 0.000000 0.162500 0.000000 0.000000 0.162500 0.000000 0.000000 0.162500 0.000000 0.000000 0.162500 0.000000
0 0.86796874 0.5888889 0.1671875 0.19166666 0.000000 0.162500 0.000000 0.000000 0.162500 0.000000 0.000000 0.162500 0.000000 0.000000 0.162500 0.000000 0.000000 0.162500 0.000000 0.000000 0.162500 0.000000 0.000000 0.162500 0.000000 0.000000 0.162500 0.000000 0.000000 0.162500 0.000000 0.000000 0.162500 0.000000 0.000000 0.162500 0.000000 0.000000 0.162500 0.000000 0.000000 0.162500 0.000000 0.000000 0.162500 0.000000 0.000000 0.162500 0.000000 0.000000 0.162500 0.000000 0.000000 0.162500 0.000000