0 0.1944232 0.5509579 0.19500877 0.45523366 0.158294 0.436916 2.000000 0.163551 0.422897 2.000000 0.149095 0.427570 2.000000 0.187208 0.399533 2.000000 0.079439 0.000000 0.000000 0.220064 0.425234 2.000000 0.150409 0.443925 2.000000 0.247664 0.544393 2.000000 0.149095 0.551402 2.000000 0.209550 0.588785 2.000000 0.122810 0.591122 2.000000 0.268692 0.460280 2.000000 0.209550 0.492991 2.000000 0.213493 0.553738 2.000000 0.202979 0.677570 2.000000 0.256863 0.670561 2.000000 0.250292 0.799065 1.000000
0 0.54617625 0.40047896 0.11056805 0.31787384 0.515771 0.334112 2.000000 0.522342 0.317757 2.000000 0.510514 0.320093 2.000000 0.535485 0.301402 2.000000 0.079439 0.000000 0.000000 0.555199 0.322430 2.000000 0.502629 0.331776 2.000000 0.582798 0.411215 2.000000 0.498686 0.418224 2.000000 0.572284 0.478972 1.000000 0.498686 0.476636 1.000000 0.584112 0.380841 1.000000 0.547313 0.383178 2.000000 0.570970 0.485981 1.000000 0.528914 0.511682 1.000000 0.593312 0.537383 2.000000 0.540742 0.584112 1.000000
0 0.617757 0.4244159 0.13045269 0.40528038 0.593312 0.310748 2.000000 0.598569 0.296729 2.000000 0.586741 0.299065 2.000000 0.615654 0.280374 2.000000 0.079439 0.000000 0.000000 0.632739 0.310748 2.000000 0.578855 0.324766 2.000000 0.645882 0.413551 2.000000 0.570970 0.420561 2.000000 0.644568 0.476636 2.000000 0.561770 0.478972 2.000000 0.668224 0.366822 2.000000 0.627482 0.387850 2.000000 0.640625 0.455608 2.000000 0.614340 0.530374 1.000000 0.665596 0.565421 2.000000 0.616968 0.682243 1.000000
0 0.7553395 0.3377103 0.09206338 0.24205607 0.748394 0.287383 2.000000 0.754965 0.278037 2.000000 0.743137 0.280374 2.000000 0.079439 0.000000 0.000000 0.079439 0.000000 0.000000 0.777307 0.268692 1.000000 0.727366 0.282710 1.000000 0.782564 0.359813 2.000000 0.718166 0.359813 2.000000 0.779936 0.406542 2.000000 0.719480 0.420561 1.000000 0.787821 0.359813 2.000000 0.752336 0.369159 2.000000 0.777307 0.425234 1.000000 0.079439 0.000000 0.000000 0.799649 0.514019 1.000000 0.079439 0.000000 0.000000
0 0.6399876 0.11122663 0.017624123 0.041144863 0.079439 0.000000 0.000000 0.079439 0.000000 0.000000 0.079439 0.000000 0.000000 0.079439 0.000000 0.000000 0.079439 0.000000 0.000000 0.079439 0.000000 0.000000 0.079439 0.000000 0.000000 0.079439 0.000000 0.000000 0.079439 0.000000 0.000000 0.079439 0.000000 0.000000 0.079439 0.000000 0.000000 0.079439 0.000000 0.000000 0.079439 0.000000 0.000000 0.079439 0.000000 0.000000 0.079439 0.000000 0.000000 0.079439 0.000000 0.000000 0.079439 0.000000 0.000000
0 0.28800455 0.4280841 0.121344924 0.44719625 0.247664 0.292056 2.000000 0.254235 0.280374 2.000000 0.242407 0.282710 2.000000 0.271320 0.268692 2.000000 0.079439 0.000000 0.000000 0.302862 0.285047 2.000000 0.239778 0.306075 2.000000 0.309433 0.392523 2.000000 0.079439 0.000000 0.000000 0.281834 0.462617 1.000000 0.079439 0.000000 0.000000 0.326519 0.355140 2.000000 0.292348 0.369159 2.000000 0.294977 0.460280 2.000000 0.277891 0.455608 1.000000 0.335718 0.546729 2.000000 0.289720 0.626168 1.000000
0 0.79109377 0.68651867 0.25533295 0.604486 0.079439 0.000000 0.000000 0.079439 0.000000 0.000000 0.079439 0.000000 0.000000 0.699766 0.516355 2.000000 0.790450 0.483645 1.000000 0.686624 0.691589 2.000000 0.860105 0.614486 2.000000 0.701081 0.978972 2.000000 0.079439 0.000000 0.000000 0.079439 0.000000 0.000000 0.079439 0.000000 0.000000 0.079439 0.000000 0.000000 0.079439 0.000000 0.000000 0.079439 0.000000 0.000000 0.079439 0.000000 0.000000 0.079439 0.000000 0.000000 0.079439 0.000000 0.000000
0 0.24818926 0.1419743 0.07638434 0.2839486 0.258178 0.011682 2.000000 0.079439 0.000000 0.000000 0.255549 0.009346 2.000000 0.079439 0.000000 0.000000 0.251606 0.018692 2.000000 0.241092 0.046729 2.000000 0.239778 0.051402 2.000000 0.256863 0.079439 2.000000 0.251606 0.098131 2.000000 0.264749 0.074766 2.000000 0.268692 0.084112 2.000000 0.227950 0.123832 2.000000 0.225321 0.123832 2.000000 0.221379 0.203271 2.000000 0.234521 0.207944 2.000000 0.217436 0.266355 2.000000 0.238464 0.271028 1.000000
0 0.31024826 0.08031542 0.04849591 0.16063084 0.313376 0.007009 2.000000 0.079439 0.000000 0.000000 0.310748 0.002336 2.000000 0.079439 0.000000 0.000000 0.304176 0.007009 2.000000 0.289720 0.035047 1.000000 0.310748 0.037383 2.000000 0.310748 0.060748 2.000000 0.327833 0.065421 2.000000 0.322576 0.035047 2.000000 0.329147 0.035047 2.000000 0.289720 0.123832 2.000000 0.308119 0.123832 1.000000 0.079439 0.000000 0.000000 0.079439 0.000000 0.000000 0.079439 0.000000 0.000000 0.079439 0.000000 0.000000
0 0.4248642 0.14267525 0.0370882 0.14109814 0.079439 0.000000 0.000000 0.079439 0.000000 0.000000 0.079439 0.000000 0.000000 0.079439 0.000000 0.000000 0.079439 0.000000 0.000000 0.079439 0.000000 0.000000 0.079439 0.000000 0.000000 0.079439 0.000000 0.000000 0.079439 0.000000 0.000000 0.079439 0.000000 0.000000 0.079439 0.000000 0.000000 0.079439 0.000000 0.000000 0.079439 0.000000 0.000000 0.079439 0.000000 0.000000 0.079439 0.000000 0.000000 0.079439 0.000000 0.000000 0.079439 0.000000 0.000000
0 0.12924285 0.19271028 0.055658586 0.26303738 0.079439 0.000000 0.000000 0.079439 0.000000 0.000000 0.079439 0.000000 0.000000 0.079439 0.000000 0.000000 0.143838 0.086449 2.000000 0.118867 0.121495 2.000000 0.138581 0.119159 2.000000 0.105724 0.149533 2.000000 0.130695 0.172897 2.000000 0.079439 0.000000 0.000000 0.142523 0.210280 2.000000 0.114924 0.200935 2.000000 0.128067 0.203271 2.000000 0.118867 0.285047 1.000000 0.143838 0.282710 2.000000 0.079439 0.000000 0.000000 0.079439 0.000000 0.000000
0 0.33670413 0.21168225 0.054252334 0.297243 0.079439 0.000000 0.000000 0.079439 0.000000 0.000000 0.079439 0.000000 0.000000 0.079439 0.000000 0.000000 0.331776 0.123832 2.000000 0.312062 0.158879 2.000000 0.319947 0.154206 2.000000 0.346232 0.137850 2.000000 0.351490 0.142523 2.000000 0.351490 0.107477 2.000000 0.352804 0.100467 2.000000 0.319947 0.264019 2.000000 0.327833 0.264019 2.000000 0.325204 0.331776 1.000000 0.335718 0.338785 1.000000 0.326519 0.408879 1.000000 0.334404 0.411215 1.000000
0 0.42924067 0.5866472 0.17647782 0.55651873 0.402745 0.434579 2.000000 0.408002 0.415888 2.000000 0.393546 0.418224 2.000000 0.425088 0.385514 2.000000 0.079439 0.000000 0.000000 0.459258 0.406542 2.000000 0.384346 0.418224 2.000000 0.476343 0.525701 2.000000 0.385660 0.521028 2.000000 0.446116 0.560748 2.000000 0.368575 0.563084 2.000000 0.492115 0.476636 2.000000 0.447430 0.483645 2.000000 0.481600 0.633178 2.000000 0.410631 0.544393 2.000000 0.501314 0.782710 2.000000 0.435602 0.661215 1.000000
0 0.5 0.26635513 0.83849305 0.53271025 0.079439 0.000000 0.000000 0.079439 0.000000 0.000000 0.079439 0.000000 0.000000 0.079439 0.000000 0.000000 0.079439 0.000000 0.000000 0.079439 0.000000 0.000000 0.079439 0.000000 0.000000 0.079439 0.000000 0.000000 0.079439 0.000000 0.000000 0.079439 0.000000 0.000000 0.079439 0.000000 0.000000 0.079439 0.000000 0.000000 0.079439 0.000000 0.000000 0.079439 0.000000 0.000000 0.079439 0.000000 0.000000 0.079439 0.000000 0.000000 0.079439 0.000000 0.000000