0 0.49302474 0.44751757 0.23744877 0.30927402 0.078454 0.000000 0.000000 0.078454 0.000000 0.000000 0.078454 0.000000 0.000000 0.078454 0.000000 0.000000 0.481557 0.327869 2.000000 0.430182 0.348946 2.000000 0.448624 0.409836 2.000000 0.439403 0.412178 2.000000 0.469701 0.484777 2.000000 0.488144 0.419204 2.000000 0.505269 0.442623 2.000000 0.440720 0.496487 2.000000 0.456528 0.557377 2.000000 0.528981 0.494145 2.000000 0.532933 0.461358 2.000000 0.556645 0.583138 2.000000 0.568501 0.508197 2.000000
0 0.2530467 0.12923887 0.19426669 0.23702577 0.078454 0.000000 0.000000 0.078454 0.000000 0.000000 0.078454 0.000000 0.000000 0.078454 0.000000 0.000000 0.078454 0.000000 0.000000 0.189110 0.035129 2.000000 0.181206 0.072600 2.000000 0.216774 0.058548 2.000000 0.222043 0.124122 2.000000 0.245755 0.103044 2.000000 0.235217 0.077283 2.000000 0.229947 0.110070 2.000000 0.222043 0.152225 2.000000 0.290545 0.093677 2.000000 0.283958 0.128806 2.000000 0.316891 0.206089 2.000000 0.301083 0.210773 2.000000
0 0.25716993 0.65742385 0.28289664 0.3895082 0.193062 0.536300 2.000000 0.078454 0.000000 0.000000 0.189110 0.529274 2.000000 0.078454 0.000000 0.000000 0.164081 0.543326 2.000000 0.153542 0.519906 2.000000 0.143004 0.646370 2.000000 0.183841 0.594848 2.000000 0.179889 0.749415 2.000000 0.239169 0.606557 2.000000 0.236534 0.662763 2.000000 0.215457 0.625293 2.000000 0.212822 0.740047 2.000000 0.303718 0.625293 2.000000 0.306352 0.662763 2.000000 0.339286 0.803279 2.000000 0.324795 0.800937 2.000000
0 0.7091789 0.42834896 0.17691746 0.38709602 0.078454 0.000000 0.000000 0.078454 0.000000 0.000000 0.078454 0.000000 0.000000 0.679157 0.255269 2.000000 0.688378 0.302108 2.000000 0.656762 0.285714 2.000000 0.671253 0.379391 2.000000 0.078454 0.000000 0.000000 0.692330 0.473068 2.000000 0.078454 0.000000 0.000000 0.710773 0.423888 2.000000 0.688378 0.377049 2.000000 0.702869 0.466042 2.000000 0.078454 0.000000 0.000000 0.774005 0.461358 1.000000 0.078454 0.000000 0.000000 0.767418 0.569087 2.000000
0 0.23992608 0.4832787 0.2232743 0.40894613 0.208870 0.344262 2.000000 0.078454 0.000000 0.000000 0.202283 0.346604 2.000000 0.078454 0.000000 0.000000 0.174619 0.360656 2.000000 0.174619 0.362998 2.000000 0.171985 0.466042 1.000000 0.224678 0.405152 2.000000 0.212822 0.536300 2.000000 0.262881 0.442623 2.000000 0.270785 0.498829 2.000000 0.235217 0.461358 2.000000 0.229947 0.529274 2.000000 0.322160 0.449649 2.000000 0.319526 0.536300 2.000000 0.316891 0.585480 2.000000 0.319526 0.669789 1.000000
0 0.22480972 0.9241686 0.24307378 0.15166277 0.078454 0.000000 0.000000 0.078454 0.000000 0.000000 0.078454 0.000000 0.000000 0.078454 0.000000 0.000000 0.141686 0.953162 2.000000 0.150908 0.887588 2.000000 0.078454 0.000000 0.000000 0.197014 0.925059 2.000000 0.078454 0.000000 0.000000 0.260246 0.957845 2.000000 0.078454 0.000000 0.000000 0.229947 0.981265 2.000000 0.078454 0.000000 0.000000 0.311622 0.878220 2.000000 0.078454 0.000000 0.000000 0.078454 0.000000 0.000000 0.078454 0.000000 0.000000
0 0.12339506 0.10400468 0.08988144 0.20800936 0.078454 0.000000 0.000000 0.078454 0.000000 0.000000 0.078454 0.000000 0.000000 0.078454 0.000000 0.000000 0.078454 0.000000 0.000000 0.078454 0.000000 0.000000 0.078454 0.000000 0.000000 0.078454 0.000000 0.000000 0.078454 0.000000 0.000000 0.078454 0.000000 0.000000 0.078454 0.023419 1.000000 0.078454 0.000000 0.000000 0.078454 0.000000 0.000000 0.143004 0.002342 1.000000 0.148273 0.039813 2.000000 0.078454 0.000000 0.000000 0.154859 0.170960 2.000000
0 0.81575745 0.84962523 0.19026199 0.3007494 0.078454 0.000000 0.000000 0.078454 0.000000 0.000000 0.078454 0.000000 0.000000 0.826698 0.740047 2.000000 0.851727 0.800937 2.000000 0.785861 0.765808 2.000000 0.828015 0.885246 2.000000 0.813525 0.817330 2.000000 0.837237 0.969555 2.000000 0.868852 0.826698 1.000000 0.863583 0.903981 2.000000 0.743706 0.906323 2.000000 0.779274 0.997658 2.000000 0.850410 0.852459 1.000000 0.891247 0.981265 2.000000 0.855679 0.911007 2.000000 0.078454 0.000000 0.000000
0 0.48180106 0.21313818 0.13040252 0.17704917 0.515808 0.182670 2.000000 0.078454 0.000000 0.000000 0.515808 0.173302 2.000000 0.078454 0.000000 0.000000 0.501317 0.187354 2.000000 0.461797 0.177986 1.000000 0.480240 0.257611 2.000000 0.488144 0.255269 2.000000 0.485509 0.299766 1.000000 0.531616 0.248244 2.000000 0.535568 0.283372 1.000000 0.431499 0.274005 2.000000 0.442037 0.316159 1.000000 0.510539 0.259953 2.000000 0.526347 0.297424 1.000000 0.078454 0.000000 0.000000 0.078454 0.000000 0.000000
0 0.2757179 0.10456675 0.16180767 0.2091335 0.078454 0.000000 0.000000 0.078454 0.000000 0.000000 0.078454 0.000000 0.000000 0.078454 0.000000 0.000000 0.078454 0.000000 0.000000 0.189110 0.021077 1.000000 0.195697 0.074941 1.000000 0.216774 0.053864 1.000000 0.222043 0.126464 1.000000 0.243121 0.100703 1.000000 0.237851 0.072600 1.000000 0.219409 0.096019 1.000000 0.228630 0.152225 1.000000 0.289227 0.088993 1.000000 0.289227 0.121780 1.000000 0.316891 0.215457 1.000000 0.308987 0.224824 1.000000
0 0.47146 0.13625292 0.15558986 0.25189695 0.532933 0.091335 2.000000 0.078454 0.000000 0.000000 0.531616 0.086651 2.000000 0.078454 0.000000 0.000000 0.514491 0.077283 2.000000 0.481557 0.030445 2.000000 0.481557 0.124122 1.000000 0.078454 0.000000 0.000000 0.492096 0.213115 1.000000 0.078454 0.000000 0.000000 0.534251 0.192037 1.000000 0.415691 0.185012 2.000000 0.415691 0.243560 2.000000 0.518443 0.145199 1.000000 0.521077 0.229508 1.000000 0.078454 0.000000 0.000000 0.078454 0.000000 0.000000