0 0.49619752 0.61089003 0.0769725 0.46978003 0.515188 0.424000 2.000000 0.515188 0.418000 2.000000 0.510688 0.420000 2.000000 0.312687 0.000000 0.000000 0.496062 0.422000 2.000000 0.514063 0.462000 2.000000 0.479188 0.474000 2.000000 0.518562 0.524000 2.000000 0.465687 0.546000 2.000000 0.527562 0.590000 2.000000 0.466813 0.620000 2.000000 0.510688 0.604000 2.000000 0.484812 0.610000 2.000000 0.517438 0.696000 2.000000 0.489312 0.694000 2.000000 0.478063 0.754000 2.000000 0.488187 0.808000 2.000000
0 0.57919997 0.22362001 0.02205 0.06056 0.312687 0.000000 0.000000 0.312687 0.000000 0.000000 0.312687 0.000000 0.000000 0.312687 0.000000 0.000000 0.312687 0.000000 0.000000 0.312687 0.000000 0.000000 0.312687 0.000000 0.000000 0.312687 0.000000 0.000000 0.312687 0.000000 0.000000 0.312687 0.000000 0.000000 0.312687 0.000000 0.000000 0.312687 0.000000 0.000000 0.312687 0.000000 0.000000 0.312687 0.000000 0.000000 0.312687 0.000000 0.000000 0.312687 0.000000 0.000000 0.312687 0.000000 0.000000
0 0.3520625 0.22682 0.0218475 0.033840004 0.312687 0.000000 0.000000 0.312687 0.000000 0.000000 0.312687 0.000000 0.000000 0.312687 0.000000 0.000000 0.312687 0.000000 0.000000 0.312687 0.000000 0.000000 0.312687 0.000000 0.000000 0.312687 0.000000 0.000000 0.312687 0.000000 0.000000 0.312687 0.000000 0.000000 0.312687 0.000000 0.000000 0.312687 0.000000 0.000000 0.312687 0.000000 0.000000 0.312687 0.000000 0.000000 0.312687 0.000000 0.000000 0.312687 0.000000 0.000000 0.312687 0.000000 0.000000
0 0.32772875 0.29694 0.028912503 0.071320005 0.312687 0.000000 0.000000 0.312687 0.000000 0.000000 0.312687 0.000000 0.000000 0.312687 0.000000 0.000000 0.312687 0.000000 0.000000 0.312687 0.000000 0.000000 0.312687 0.000000 0.000000 0.312687 0.000000 0.000000 0.312687 0.000000 0.000000 0.312687 0.000000 0.000000 0.312687 0.000000 0.000000 0.312687 0.000000 0.000000 0.312687 0.000000 0.000000 0.312687 0.000000 0.000000 0.312687 0.000000 0.000000 0.312687 0.000000 0.000000 0.312687 0.000000 0.000000
0 0.37776873 0.41093 0.030015001 0.04362 0.312687 0.000000 0.000000 0.312687 0.000000 0.000000 0.312687 0.000000 0.000000 0.312687 0.000000 0.000000 0.312687 0.000000 0.000000 0.312687 0.000000 0.000000 0.312687 0.000000 0.000000 0.312687 0.000000 0.000000 0.312687 0.000000 0.000000 0.312687 0.000000 0.000000 0.312687 0.000000 0.000000 0.312687 0.000000 0.000000 0.312687 0.000000 0.000000 0.312687 0.000000 0.000000 0.312687 0.000000 0.000000 0.312687 0.000000 0.000000 0.312687 0.000000 0.000000
0 0.45678872 0.34388003 0.014850001 0.0328 0.312687 0.000000 0.000000 0.312687 0.000000 0.000000 0.312687 0.000000 0.000000 0.312687 0.000000 0.000000 0.312687 0.000000 0.000000 0.312687 0.000000 0.000000 0.312687 0.000000 0.000000 0.312687 0.000000 0.000000 0.312687 0.000000 0.000000 0.312687 0.000000 0.000000 0.312687 0.000000 0.000000 0.312687 0.000000 0.000000 0.312687 0.000000 0.000000 0.312687 0.000000 0.000000 0.312687 0.000000 0.000000 0.312687 0.000000 0.000000 0.312687 0.000000 0.000000
0 0.6043606 0.39998 0.02955375 0.06236 0.312687 0.000000 0.000000 0.312687 0.000000 0.000000 0.312687 0.000000 0.000000 0.312687 0.000000 0.000000 0.312687 0.000000 0.000000 0.312687 0.000000 0.000000 0.312687 0.000000 0.000000 0.312687 0.000000 0.000000 0.312687 0.000000 0.000000 0.312687 0.000000 0.000000 0.312687 0.000000 0.000000 0.312687 0.000000 0.000000 0.312687 0.000000 0.000000 0.312687 0.000000 0.000000 0.312687 0.000000 0.000000 0.312687 0.000000 0.000000 0.312687 0.000000 0.000000
0 0.6340381 0.39616004 0.02521125 0.060120005 0.312687 0.000000 0.000000 0.312687 0.000000 0.000000 0.312687 0.000000 0.000000 0.312687 0.000000 0.000000 0.312687 0.000000 0.000000 0.312687 0.000000 0.000000 0.312687 0.000000 0.000000 0.312687 0.000000 0.000000 0.312687 0.000000 0.000000 0.312687 0.000000 0.000000 0.312687 0.000000 0.000000 0.312687 0.000000 0.000000 0.312687 0.000000 0.000000 0.312687 0.000000 0.000000 0.312687 0.000000 0.000000 0.312687 0.000000 0.000000 0.312687 0.000000 0.000000
0 0.6563638 0.9483201 0.061897505 0.103360005 0.312687 0.000000 0.000000 0.312687 0.000000 0.000000 0.312687 0.000000 0.000000 0.626562 0.966000 2.000000 0.312687 0.000000 0.000000 0.312687 0.000000 0.000000 0.312687 0.000000 0.000000 0.312687 0.000000 0.000000 0.312687 0.000000 0.000000 0.312687 0.000000 0.000000 0.312687 0.000000 0.000000 0.312687 0.000000 0.000000 0.312687 0.000000 0.000000 0.312687 0.000000 0.000000 0.312687 0.000000 0.000000 0.312687 0.000000 0.000000 0.312687 0.000000 0.000000
0 0.5836044 0.35237 0.028316252 0.04582 0.312687 0.000000 0.000000 0.312687 0.000000 0.000000 0.312687 0.000000 0.000000 0.312687 0.000000 0.000000 0.312687 0.000000 0.000000 0.312687 0.000000 0.000000 0.312687 0.000000 0.000000 0.312687 0.000000 0.000000 0.312687 0.000000 0.000000 0.312687 0.000000 0.000000 0.312687 0.000000 0.000000 0.312687 0.000000 0.000000 0.312687 0.000000 0.000000 0.312687 0.000000 0.000000 0.312687 0.000000 0.000000 0.312687 0.000000 0.000000 0.312687 0.000000 0.000000
0 0.4608275 0.11337001 0.018180002 0.054700002 0.312687 0.000000 0.000000 0.312687 0.000000 0.000000 0.312687 0.000000 0.000000 0.312687 0.000000 0.000000 0.312687 0.000000 0.000000 0.312687 0.000000 0.000000 0.312687 0.000000 0.000000 0.312687 0.000000 0.000000 0.312687 0.000000 0.000000 0.312687 0.000000 0.000000 0.312687 0.000000 0.000000 0.312687 0.000000 0.000000 0.312687 0.000000 0.000000 0.312687 0.000000 0.000000 0.312687 0.000000 0.000000 0.312687 0.000000 0.000000 0.312687 0.000000 0.000000
0 0.5393525 0.39856002 0.029362502 0.06936 0.312687 0.000000 0.000000 0.312687 0.000000 0.000000 0.312687 0.000000 0.000000 0.312687 0.000000 0.000000 0.312687 0.000000 0.000000 0.312687 0.000000 0.000000 0.312687 0.000000 0.000000 0.312687 0.000000 0.000000 0.312687 0.000000 0.000000 0.312687 0.000000 0.000000 0.312687 0.000000 0.000000 0.312687 0.000000 0.000000 0.312687 0.000000 0.000000 0.312687 0.000000 0.000000 0.312687 0.000000 0.000000 0.312687 0.000000 0.000000 0.312687 0.000000 0.000000
0 0.40803686 0.49848 0.040286254 0.108160004 0.408312 0.460000 2.000000 0.411687 0.458000 2.000000 0.408312 0.458000 2.000000 0.415062 0.458000 2.000000 0.312687 0.000000 0.000000 0.419562 0.484000 2.000000 0.404937 0.482000 2.000000 0.418438 0.512000 2.000000 0.401563 0.504000 2.000000 0.403812 0.524000 2.000000 0.398188 0.518000 2.000000 0.416187 0.522000 2.000000 0.407187 0.522000 2.000000 0.407187 0.532000 2.000000 0.390313 0.524000 2.000000 0.404937 0.566000 1.000000 0.393688 0.560000 1.000000
0 0.4994375 0.49900004 0.37350002 0.9980001 0.312687 0.000000 0.000000 0.312687 0.000000 0.000000 0.312687 0.000000 0.000000 0.312687 0.000000 0.000000 0.312687 0.000000 0.000000 0.312687 0.000000 0.000000 0.312687 0.000000 0.000000 0.312687 0.000000 0.000000 0.312687 0.000000 0.000000 0.312687 0.000000 0.000000 0.312687 0.000000 0.000000 0.312687 0.000000 0.000000 0.312687 0.000000 0.000000 0.312687 0.000000 0.000000 0.312687 0.000000 0.000000 0.312687 0.000000 0.000000 0.312687 0.000000 0.000000