0 0.43049106 0.6483138 0.31222042 0.66290396 0.485509 0.503513 2.000000 0.501317 0.470726 2.000000 0.469701 0.468384 2.000000 0.528981 0.459016 2.000000 0.078454 0.000000 0.000000 0.544789 0.601874 2.000000 0.410422 0.545667 2.000000 0.567184 0.852459 2.000000 0.291862 0.562061 2.000000 0.544789 0.725995 2.000000 0.401200 0.459016 2.000000 0.523712 0.953162 2.000000 0.413056 0.967213 2.000000 0.078454 0.000000 0.000000 0.078454 0.000000 0.000000 0.078454 0.000000 0.000000 0.078454 0.000000 0.000000
0 0.7536453 0.7019439 0.33580065 0.5944263 0.775322 0.627635 2.000000 0.800351 0.611241 2.000000 0.758197 0.594848 2.000000 0.078454 0.000000 0.000000 0.730533 0.512881 2.000000 0.872804 0.646370 2.000000 0.683109 0.594848 2.000000 0.078454 0.000000 0.000000 0.611973 0.845433 2.000000 0.078454 0.000000 0.000000 0.681792 0.971897 2.000000 0.078454 0.000000 0.000000 0.078454 0.000000 0.000000 0.078454 0.000000 0.000000 0.078454 0.000000 0.000000 0.078454 0.000000 0.000000 0.078454 0.000000 0.000000
0 0.21181425 0.6629157 0.26166132 0.64718974 0.154859 0.515222 2.000000 0.170667 0.489461 2.000000 0.141686 0.480094 2.000000 0.194379 0.487119 2.000000 0.117974 0.466042 2.000000 0.232582 0.622951 1.000000 0.078454 0.000000 0.000000 0.078454 0.000000 0.000000 0.078454 0.000000 0.000000 0.078454 0.000000 0.000000 0.078454 0.000000 0.000000 0.078454 0.000000 0.000000 0.078454 0.000000 0.000000 0.078454 0.000000 0.000000 0.078454 0.000000 0.000000 0.078454 0.000000 0.000000 0.078454 0.000000 0.000000
0 0.25611606 0.5559953 0.07950088 0.35377046 0.078454 0.000000 0.000000 0.227313 0.456674 2.000000 0.078454 0.000000 0.000000 0.241803 0.468384 2.000000 0.078454 0.000000 0.000000 0.235217 0.550351 2.000000 0.286593 0.529274 2.000000 0.078454 0.000000 0.000000 0.078454 0.000000 0.000000 0.078454 0.000000 0.000000 0.078454 0.000000 0.000000 0.078454 0.000000 0.000000 0.078454 0.000000 0.000000 0.078454 0.000000 0.000000 0.078454 0.000000 0.000000 0.078454 0.000000 0.000000 0.078454 0.000000 0.000000
0 0.6000973 0.50272834 0.091593966 0.28540984 0.078454 0.000000 0.000000 0.078454 0.000000 0.000000 0.078454 0.000000 0.000000 0.078454 0.000000 0.000000 0.078454 0.000000 0.000000 0.572453 0.449649 2.000000 0.622512 0.456674 2.000000 0.571136 0.515222 2.000000 0.078454 0.000000 0.000000 0.560597 0.573770 2.000000 0.078454 0.000000 0.000000 0.585626 0.576112 2.000000 0.615925 0.580796 2.000000 0.078454 0.000000 0.000000 0.078454 0.000000 0.000000 0.078454 0.000000 0.000000 0.078454 0.000000 0.000000
0 0.32203528 0.4455972 0.07997511 0.13292739 0.295814 0.433255 2.000000 0.078454 0.000000 0.000000 0.291862 0.423888 1.000000 0.078454 0.000000 0.000000 0.299766 0.412178 2.000000 0.310304 0.442623 2.000000 0.312939 0.433255 2.000000 0.078454 0.000000 0.000000 0.078454 0.000000 0.000000 0.078454 0.000000 0.000000 0.078454 0.000000 0.000000 0.078454 0.000000 0.000000 0.078454 0.000000 0.000000 0.078454 0.000000 0.000000 0.078454 0.000000 0.000000 0.078454 0.000000 0.000000 0.078454 0.000000 0.000000
0 0.675936 0.43733022 0.045276638 0.13007025 0.078454 0.000000 0.000000 0.078454 0.000000 0.000000 0.078454 0.000000 0.000000 0.078454 0.000000 0.000000 0.078454 0.000000 0.000000 0.078454 0.000000 0.000000 0.078454 0.000000 0.000000 0.078454 0.000000 0.000000 0.078454 0.000000 0.000000 0.078454 0.000000 0.000000 0.078454 0.000000 0.000000 0.078454 0.000000 0.000000 0.078454 0.000000 0.000000 0.078454 0.000000 0.000000 0.078454 0.000000 0.000000 0.078454 0.000000 0.000000 0.078454 0.000000 0.000000
0 0.663428 0.48186183 0.06757904 0.10742388 0.633050 0.484777 1.000000 0.639637 0.470726 2.000000 0.078454 0.000000 0.000000 0.663349 0.466042 2.000000 0.078454 0.000000 0.000000 0.664666 0.540984 1.000000 0.078454 0.000000 0.000000 0.078454 0.000000 0.000000 0.078454 0.000000 0.000000 0.078454 0.000000 0.000000 0.078454 0.000000 0.000000 0.078454 0.000000 0.000000 0.078454 0.000000 0.000000 0.078454 0.000000 0.000000 0.078454 0.000000 0.000000 0.078454 0.000000 0.000000 0.078454 0.000000 0.000000
0 0.7128147 0.43777516 0.05748829 0.14042155 0.692330 0.409836 2.000000 0.697600 0.402810 2.000000 0.691013 0.402810 2.000000 0.706821 0.402810 2.000000 0.078454 0.000000 0.000000 0.722629 0.440281 2.000000 0.684426 0.444965 1.000000 0.709455 0.491803 2.000000 0.078454 0.000000 0.000000 0.692330 0.451991 2.000000 0.078454 0.000000 0.000000 0.714725 0.526932 1.000000 0.685744 0.526932 1.000000 0.078454 0.000000 0.000000 0.078454 0.000000 0.000000 0.078454 0.000000 0.000000 0.078454 0.000000 0.000000
0 0.2272863 0.44555038 0.048451405 0.16735363 0.078454 0.000000 0.000000 0.078454 0.000000 0.000000 0.078454 0.000000 0.000000 0.078454 0.000000 0.000000 0.078454 0.000000 0.000000 0.078454 0.000000 0.000000 0.078454 0.000000 0.000000 0.078454 0.000000 0.000000 0.078454 0.000000 0.000000 0.078454 0.000000 0.000000 0.078454 0.000000 0.000000 0.078454 0.000000 0.000000 0.078454 0.000000 0.000000 0.078454 0.000000 0.000000 0.078454 0.000000 0.000000 0.078454 0.000000 0.000000 0.078454 0.000000 0.000000
0 0.097562216 0.49762297 0.0366613 0.13299765 0.078454 0.000000 0.000000 0.078454 0.000000 0.000000 0.078454 0.000000 0.000000 0.078454 0.000000 0.000000 0.078454 0.000000 0.000000 0.078454 0.000000 0.000000 0.078454 0.000000 0.000000 0.078454 0.000000 0.000000 0.078454 0.000000 0.000000 0.078454 0.000000 0.000000 0.078454 0.000000 0.000000 0.078454 0.000000 0.000000 0.078454 0.000000 0.000000 0.078454 0.000000 0.000000 0.078454 0.000000 0.000000 0.078454 0.000000 0.000000 0.078454 0.000000 0.000000