0 0.7316744 0.80177605 0.08733022 0.3738209 0.080224 0.000000 0.000000 0.080224 0.000000 0.000000 0.080224 0.000000 0.000000 0.721642 0.650746 2.000000 0.080224 0.000000 0.000000 0.713246 0.707463 2.000000 0.753545 0.704478 2.000000 0.708209 0.791045 2.000000 0.080224 0.000000 0.000000 0.694776 0.838806 2.000000 0.080224 0.000000 0.000000 0.716604 0.823881 2.000000 0.743470 0.817910 2.000000 0.699813 0.928358 2.000000 0.736754 0.916418 2.000000 0.080224 0.000000 0.000000 0.080224 0.000000 0.000000
0 0.094924435 0.6532239 0.02940112 0.18644775 0.080224 0.000000 0.000000 0.080224 0.000000 0.000000 0.080224 0.000000 0.000000 0.080224 0.000000 0.000000 0.080224 0.000000 0.000000 0.080224 0.000000 0.000000 0.080224 0.000000 0.000000 0.080224 0.000000 0.000000 0.080224 0.000000 0.000000 0.080224 0.000000 0.000000 0.080224 0.000000 0.000000 0.080224 0.000000 0.000000 0.080224 0.000000 0.000000 0.080224 0.000000 0.000000 0.080224 0.000000 0.000000 0.080224 0.000000 0.000000 0.080224 0.000000 0.000000
0 0.600486 0.6761194 0.018688433 0.05832836 0.080224 0.000000 0.000000 0.080224 0.000000 0.000000 0.080224 0.000000 0.000000 0.080224 0.000000 0.000000 0.080224 0.000000 0.000000 0.080224 0.000000 0.000000 0.080224 0.000000 0.000000 0.080224 0.000000 0.000000 0.080224 0.000000 0.000000 0.080224 0.000000 0.000000 0.080224 0.000000 0.000000 0.080224 0.000000 0.000000 0.080224 0.000000 0.000000 0.080224 0.000000 0.000000 0.080224 0.000000 0.000000 0.080224 0.000000 0.000000 0.080224 0.000000 0.000000
0 0.5594906 0.65743285 0.014541044 0.06549254 0.080224 0.000000 0.000000 0.080224 0.000000 0.000000 0.080224 0.000000 0.000000 0.080224 0.000000 0.000000 0.080224 0.000000 0.000000 0.080224 0.000000 0.000000 0.080224 0.000000 0.000000 0.080224 0.000000 0.000000 0.080224 0.000000 0.000000 0.080224 0.000000 0.000000 0.080224 0.000000 0.000000 0.080224 0.000000 0.000000 0.080224 0.000000 0.000000 0.080224 0.000000 0.000000 0.080224 0.000000 0.000000 0.080224 0.000000 0.000000 0.080224 0.000000 0.000000
0 0.5159935 0.65853727 0.02171082 0.08608955 0.080224 0.000000 0.000000 0.080224 0.000000 0.000000 0.080224 0.000000 0.000000 0.080224 0.000000 0.000000 0.080224 0.000000 0.000000 0.080224 0.000000 0.000000 0.080224 0.000000 0.000000 0.080224 0.000000 0.000000 0.080224 0.000000 0.000000 0.080224 0.000000 0.000000 0.080224 0.000000 0.000000 0.080224 0.000000 0.000000 0.080224 0.000000 0.000000 0.080224 0.000000 0.000000 0.080224 0.000000 0.000000 0.080224 0.000000 0.000000 0.080224 0.000000 0.000000
0 0.49676773 0.656388 0.018386193 0.07743283 0.080224 0.000000 0.000000 0.080224 0.000000 0.000000 0.080224 0.000000 0.000000 0.080224 0.000000 0.000000 0.080224 0.000000 0.000000 0.080224 0.000000 0.000000 0.080224 0.000000 0.000000 0.080224 0.000000 0.000000 0.080224 0.000000 0.000000 0.080224 0.000000 0.000000 0.080224 0.000000 0.000000 0.080224 0.000000 0.000000 0.080224 0.000000 0.000000 0.080224 0.000000 0.000000 0.080224 0.000000 0.000000 0.080224 0.000000 0.000000 0.080224 0.000000 0.000000
0 0.70529574 0.67105967 0.023658581 0.059791043 0.080224 0.000000 0.000000 0.080224 0.000000 0.000000 0.080224 0.000000 0.000000 0.080224 0.000000 0.000000 0.080224 0.000000 0.000000 0.080224 0.000000 0.000000 0.080224 0.000000 0.000000 0.080224 0.000000 0.000000 0.080224 0.000000 0.000000 0.080224 0.000000 0.000000 0.080224 0.000000 0.000000 0.080224 0.000000 0.000000 0.080224 0.000000 0.000000 0.080224 0.000000 0.000000 0.080224 0.000000 0.000000 0.080224 0.000000 0.000000 0.080224 0.000000 0.000000
0 0.63887876 0.6920448 0.018134328 0.11101492 0.080224 0.000000 0.000000 0.080224 0.000000 0.000000 0.080224 0.000000 0.000000 0.080224 0.000000 0.000000 0.080224 0.000000 0.000000 0.080224 0.000000 0.000000 0.080224 0.000000 0.000000 0.080224 0.000000 0.000000 0.080224 0.000000 0.000000 0.080224 0.000000 0.000000 0.080224 0.000000 0.000000 0.080224 0.000000 0.000000 0.080224 0.000000 0.000000 0.080224 0.000000 0.000000 0.080224 0.000000 0.000000 0.080224 0.000000 0.000000 0.080224 0.000000 0.000000
0 0.34720147 0.6114029 0.011988806 0.07158209 0.080224 0.000000 0.000000 0.080224 0.000000 0.000000 0.080224 0.000000 0.000000 0.080224 0.000000 0.000000 0.080224 0.000000 0.000000 0.080224 0.000000 0.000000 0.080224 0.000000 0.000000 0.080224 0.000000 0.000000 0.080224 0.000000 0.000000 0.080224 0.000000 0.000000 0.080224 0.000000 0.000000 0.080224 0.000000 0.000000 0.080224 0.000000 0.000000 0.080224 0.000000 0.000000 0.080224 0.000000 0.000000 0.080224 0.000000 0.000000 0.080224 0.000000 0.000000
0 0.39858207 0.6218806 0.020552238 0.06985074 0.080224 0.000000 0.000000 0.080224 0.000000 0.000000 0.080224 0.000000 0.000000 0.080224 0.000000 0.000000 0.080224 0.000000 0.000000 0.080224 0.000000 0.000000 0.080224 0.000000 0.000000 0.080224 0.000000 0.000000 0.080224 0.000000 0.000000 0.080224 0.000000 0.000000 0.080224 0.000000 0.000000 0.080224 0.000000 0.000000 0.080224 0.000000 0.000000 0.080224 0.000000 0.000000 0.080224 0.000000 0.000000 0.080224 0.000000 0.000000 0.080224 0.000000 0.000000
0 0.65096825 0.7001492 0.018570896 0.06077612 0.080224 0.000000 0.000000 0.080224 0.000000 0.000000 0.080224 0.000000 0.000000 0.080224 0.000000 0.000000 0.080224 0.000000 0.000000 0.080224 0.000000 0.000000 0.080224 0.000000 0.000000 0.080224 0.000000 0.000000 0.080224 0.000000 0.000000 0.080224 0.000000 0.000000 0.080224 0.000000 0.000000 0.080224 0.000000 0.000000 0.080224 0.000000 0.000000 0.080224 0.000000 0.000000 0.080224 0.000000 0.000000 0.080224 0.000000 0.000000 0.080224 0.000000 0.000000
0 0.58019406 0.66052234 0.012727612 0.06791045 0.080224 0.000000 0.000000 0.080224 0.000000 0.000000 0.080224 0.000000 0.000000 0.080224 0.000000 0.000000 0.080224 0.000000 0.000000 0.080224 0.000000 0.000000 0.080224 0.000000 0.000000 0.080224 0.000000 0.000000 0.080224 0.000000 0.000000 0.080224 0.000000 0.000000 0.080224 0.000000 0.000000 0.080224 0.000000 0.000000 0.080224 0.000000 0.000000 0.080224 0.000000 0.000000 0.080224 0.000000 0.000000 0.080224 0.000000 0.000000 0.080224 0.000000 0.000000
0 0.6782033 0.7249552 0.031835817 0.21946266 0.080224 0.000000 0.000000 0.080224 0.000000 0.000000 0.080224 0.000000 0.000000 0.080224 0.000000 0.000000 0.080224 0.000000 0.000000 0.080224 0.000000 0.000000 0.080224 0.000000 0.000000 0.080224 0.000000 0.000000 0.080224 0.000000 0.000000 0.080224 0.000000 0.000000 0.080224 0.000000 0.000000 0.080224 0.000000 0.000000 0.080224 0.000000 0.000000 0.080224 0.000000 0.000000 0.080224 0.000000 0.000000 0.080224 0.000000 0.000000 0.080224 0.000000 0.000000
0 0.42611942 0.65373135 0.48022386 0.16716418 0.080224 0.000000 0.000000 0.080224 0.000000 0.000000 0.080224 0.000000 0.000000 0.080224 0.000000 0.000000 0.080224 0.000000 0.000000 0.080224 0.000000 0.000000 0.080224 0.000000 0.000000 0.080224 0.000000 0.000000 0.080224 0.000000 0.000000 0.080224 0.000000 0.000000 0.080224 0.000000 0.000000 0.080224 0.000000 0.000000 0.080224 0.000000 0.000000 0.080224 0.000000 0.000000 0.080224 0.000000 0.000000 0.080224 0.000000 0.000000 0.080224 0.000000 0.000000