0 0.48784032 0.91353124 0.0224209 0.05734375 0.258740 0.000000 0.000000 0.258740 0.000000 0.000000 0.258740 0.000000 0.000000 0.258740 0.000000 0.000000 0.258740 0.000000 0.000000 0.258740 0.000000 0.000000 0.258740 0.000000 0.000000 0.258740 0.000000 0.000000 0.258740 0.000000 0.000000 0.258740 0.000000 0.000000 0.258740 0.000000 0.000000 0.258740 0.000000 0.000000 0.258740 0.000000 0.000000 0.258740 0.000000 0.000000 0.258740 0.000000 0.000000 0.258740 0.000000 0.000000 0.258740 0.000000 0.000000
0 0.41790575 0.84310937 0.011733399 0.056625 0.258740 0.000000 0.000000 0.258740 0.000000 0.000000 0.258740 0.000000 0.000000 0.258740 0.000000 0.000000 0.258740 0.000000 0.000000 0.258740 0.000000 0.000000 0.258740 0.000000 0.000000 0.258740 0.000000 0.000000 0.258740 0.000000 0.000000 0.258740 0.000000 0.000000 0.258740 0.000000 0.000000 0.258740 0.000000 0.000000 0.258740 0.000000 0.000000 0.258740 0.000000 0.000000 0.258740 0.000000 0.000000 0.258740 0.000000 0.000000 0.258740 0.000000 0.000000
0 0.44922557 0.8519375 0.015205077 0.054062497 0.258740 0.000000 0.000000 0.258740 0.000000 0.000000 0.258740 0.000000 0.000000 0.258740 0.000000 0.000000 0.258740 0.000000 0.000000 0.258740 0.000000 0.000000 0.258740 0.000000 0.000000 0.258740 0.000000 0.000000 0.258740 0.000000 0.000000 0.258740 0.000000 0.000000 0.258740 0.000000 0.000000 0.258740 0.000000 0.000000 0.258740 0.000000 0.000000 0.258740 0.000000 0.000000 0.258740 0.000000 0.000000 0.258740 0.000000 0.000000 0.258740 0.000000 0.000000
0 0.40972316 0.8356563 0.0058447267 0.026406249 0.258740 0.000000 0.000000 0.258740 0.000000 0.000000 0.258740 0.000000 0.000000 0.258740 0.000000 0.000000 0.258740 0.000000 0.000000 0.258740 0.000000 0.000000 0.258740 0.000000 0.000000 0.258740 0.000000 0.000000 0.258740 0.000000 0.000000 0.258740 0.000000 0.000000 0.258740 0.000000 0.000000 0.258740 0.000000 0.000000 0.258740 0.000000 0.000000 0.258740 0.000000 0.000000 0.258740 0.000000 0.000000 0.258740 0.000000 0.000000 0.258740 0.000000 0.000000
0 0.72739065 0.8808126 0.020232422 0.054531254 0.258740 0.000000 0.000000 0.258740 0.000000 0.000000 0.258740 0.000000 0.000000 0.258740 0.000000 0.000000 0.258740 0.000000 0.000000 0.258740 0.000000 0.000000 0.258740 0.000000 0.000000 0.258740 0.000000 0.000000 0.258740 0.000000 0.000000 0.258740 0.000000 0.000000 0.258740 0.000000 0.000000 0.258740 0.000000 0.000000 0.258740 0.000000 0.000000 0.258740 0.000000 0.000000 0.258740 0.000000 0.000000 0.258740 0.000000 0.000000 0.258740 0.000000 0.000000
0 0.37346384 0.8399375 0.0070839846 0.020125 0.258740 0.000000 0.000000 0.258740 0.000000 0.000000 0.258740 0.000000 0.000000 0.258740 0.000000 0.000000 0.258740 0.000000 0.000000 0.258740 0.000000 0.000000 0.258740 0.000000 0.000000 0.258740 0.000000 0.000000 0.258740 0.000000 0.000000 0.258740 0.000000 0.000000 0.258740 0.000000 0.000000 0.258740 0.000000 0.000000 0.258740 0.000000 0.000000 0.258740 0.000000 0.000000 0.258740 0.000000 0.000000 0.258740 0.000000 0.000000 0.258740 0.000000 0.000000
0 0.6879409 0.9357969 0.016233398 0.049437497 0.258740 0.000000 0.000000 0.258740 0.000000 0.000000 0.258740 0.000000 0.000000 0.258740 0.000000 0.000000 0.258740 0.000000 0.000000 0.258740 0.000000 0.000000 0.258740 0.000000 0.000000 0.258740 0.000000 0.000000 0.258740 0.000000 0.000000 0.258740 0.000000 0.000000 0.258740 0.000000 0.000000 0.258740 0.000000 0.000000 0.258740 0.000000 0.000000 0.258740 0.000000 0.000000 0.258740 0.000000 0.000000 0.258740 0.000000 0.000000 0.258740 0.000000 0.000000
0 0.30270752 0.85352343 0.008586914 0.041515626 0.258740 0.000000 0.000000 0.258740 0.000000 0.000000 0.258740 0.000000 0.000000 0.258740 0.000000 0.000000 0.258740 0.000000 0.000000 0.258740 0.000000 0.000000 0.258740 0.000000 0.000000 0.258740 0.000000 0.000000 0.258740 0.000000 0.000000 0.258740 0.000000 0.000000 0.258740 0.000000 0.000000 0.258740 0.000000 0.000000 0.258740 0.000000 0.000000 0.258740 0.000000 0.000000 0.258740 0.000000 0.000000 0.258740 0.000000 0.000000 0.258740 0.000000 0.000000
0 0.36281592 0.8401796 0.0039111325 0.018515626 0.258740 0.000000 0.000000 0.258740 0.000000 0.000000 0.258740 0.000000 0.000000 0.258740 0.000000 0.000000 0.258740 0.000000 0.000000 0.258740 0.000000 0.000000 0.258740 0.000000 0.000000 0.258740 0.000000 0.000000 0.258740 0.000000 0.000000 0.258740 0.000000 0.000000 0.258740 0.000000 0.000000 0.258740 0.000000 0.000000 0.258740 0.000000 0.000000 0.258740 0.000000 0.000000 0.258740 0.000000 0.000000 0.258740 0.000000 0.000000 0.258740 0.000000 0.000000
0 0.3175874 0.8503593 0.009166992 0.040781252 0.258740 0.000000 0.000000 0.258740 0.000000 0.000000 0.258740 0.000000 0.000000 0.258740 0.000000 0.000000 0.258740 0.000000 0.000000 0.258740 0.000000 0.000000 0.258740 0.000000 0.000000 0.258740 0.000000 0.000000 0.258740 0.000000 0.000000 0.258740 0.000000 0.000000 0.258740 0.000000 0.000000 0.258740 0.000000 0.000000 0.258740 0.000000 0.000000 0.258740 0.000000 0.000000 0.258740 0.000000 0.000000 0.258740 0.000000 0.000000 0.258740 0.000000 0.000000
0 0.51586425 0.86498433 0.0082089845 0.02 0.258740 0.000000 0.000000 0.258740 0.000000 0.000000 0.258740 0.000000 0.000000 0.258740 0.000000 0.000000 0.258740 0.000000 0.000000 0.258740 0.000000 0.000000 0.258740 0.000000 0.000000 0.258740 0.000000 0.000000 0.258740 0.000000 0.000000 0.258740 0.000000 0.000000 0.258740 0.000000 0.000000 0.258740 0.000000 0.000000 0.258740 0.000000 0.000000 0.258740 0.000000 0.000000 0.258740 0.000000 0.000000 0.258740 0.000000 0.000000 0.258740 0.000000 0.000000
0 0.39027295 0.8395313 0.008745117 0.018875001 0.258740 0.000000 0.000000 0.258740 0.000000 0.000000 0.258740 0.000000 0.000000 0.258740 0.000000 0.000000 0.258740 0.000000 0.000000 0.258740 0.000000 0.000000 0.258740 0.000000 0.000000 0.258740 0.000000 0.000000 0.258740 0.000000 0.000000 0.258740 0.000000 0.000000 0.258740 0.000000 0.000000 0.258740 0.000000 0.000000 0.258740 0.000000 0.000000 0.258740 0.000000 0.000000 0.258740 0.000000 0.000000 0.258740 0.000000 0.000000 0.258740 0.000000 0.000000
0 0.3095806 0.8514609 0.006758789 0.039703127 0.258740 0.000000 0.000000 0.258740 0.000000 0.000000 0.258740 0.000000 0.000000 0.258740 0.000000 0.000000 0.258740 0.000000 0.000000 0.258740 0.000000 0.000000 0.258740 0.000000 0.000000 0.258740 0.000000 0.000000 0.258740 0.000000 0.000000 0.258740 0.000000 0.000000 0.258740 0.000000 0.000000 0.258740 0.000000 0.000000 0.258740 0.000000 0.000000 0.258740 0.000000 0.000000 0.258740 0.000000 0.000000 0.258740 0.000000 0.000000 0.258740 0.000000 0.000000
0 0.43671876 0.84453124 0.33486328 0.0515625 0.258740 0.000000 0.000000 0.258740 0.000000 0.000000 0.258740 0.000000 0.000000 0.258740 0.000000 0.000000 0.258740 0.000000 0.000000 0.258740 0.000000 0.000000 0.258740 0.000000 0.000000 0.258740 0.000000 0.000000 0.258740 0.000000 0.000000 0.258740 0.000000 0.000000 0.258740 0.000000 0.000000 0.258740 0.000000 0.000000 0.258740 0.000000 0.000000 0.258740 0.000000 0.000000 0.258740 0.000000 0.000000 0.258740 0.000000 0.000000 0.258740 0.000000 0.000000