0 0.47288868 0.5863229 0.096386716 0.47610417 0.469531 0.404167 2.000000 0.476562 0.395833 2.000000 0.125000 0.000000 0.000000 0.494141 0.408333 2.000000 0.125000 0.000000 0.000000 0.503516 0.470833 2.000000 0.468359 0.466667 2.000000 0.485938 0.552083 2.000000 0.125000 0.000000 0.000000 0.447266 0.562500 2.000000 0.125000 0.000000 0.000000 0.498828 0.589583 2.000000 0.470703 0.583333 2.000000 0.477734 0.668750 2.000000 0.125000 0.000000 0.000000 0.492969 0.797917 2.000000 0.125000 0.000000 0.000000
0 0.7618554 0.6515208 0.042632814 0.13433334 0.768359 0.602083 2.000000 0.768359 0.597917 2.000000 0.766016 0.597917 2.000000 0.125000 0.000000 0.000000 0.762500 0.602083 2.000000 0.773047 0.625000 2.000000 0.753125 0.625000 2.000000 0.778906 0.652083 2.000000 0.751953 0.658333 2.000000 0.777734 0.679167 2.000000 0.756641 0.637500 2.000000 0.770703 0.689583 2.000000 0.757812 0.689583 2.000000 0.767187 0.739583 1.000000 0.756641 0.737500 1.000000 0.764844 0.779167 1.000000 0.755469 0.779167 1.000000
0 0.8040723 0.6644167 0.04557422 0.18695833 0.809375 0.587500 2.000000 0.811719 0.585417 2.000000 0.808203 0.583333 2.000000 0.125000 0.000000 0.000000 0.125000 0.000000 0.000000 0.816406 0.616667 2.000000 0.791797 0.616667 2.000000 0.821094 0.654167 2.000000 0.788281 0.647917 2.000000 0.815234 0.679167 2.000000 0.797656 0.675000 2.000000 0.810547 0.687500 2.000000 0.797656 0.683333 2.000000 0.808203 0.731250 2.000000 0.796484 0.731250 2.000000 0.807031 0.775000 1.000000 0.795313 0.779167 1.000000
0 0.63553905 0.6331667 0.058898438 0.13350001 0.623047 0.591667 2.000000 0.625391 0.585417 2.000000 0.619531 0.587500 2.000000 0.125000 0.000000 0.000000 0.614844 0.589583 2.000000 0.627734 0.610417 2.000000 0.610156 0.616667 2.000000 0.125000 0.000000 0.000000 0.125000 0.000000 0.000000 0.125000 0.000000 0.000000 0.125000 0.000000 0.000000 0.125000 0.000000 0.000000 0.125000 0.000000 0.000000 0.125000 0.000000 0.000000 0.125000 0.000000 0.000000 0.125000 0.000000 0.000000 0.125000 0.000000 0.000000
0 0.54053515 0.5926979 0.028007811 0.0646875 0.125000 0.000000 0.000000 0.125000 0.000000 0.000000 0.125000 0.000000 0.000000 0.125000 0.000000 0.000000 0.125000 0.000000 0.000000 0.125000 0.000000 0.000000 0.125000 0.000000 0.000000 0.125000 0.000000 0.000000 0.125000 0.000000 0.000000 0.125000 0.000000 0.000000 0.125000 0.000000 0.000000 0.125000 0.000000 0.000000 0.125000 0.000000 0.000000 0.125000 0.000000 0.000000 0.125000 0.000000 0.000000 0.125000 0.000000 0.000000 0.125000 0.000000 0.000000
0 0.56342775 0.59111464 0.025347656 0.056812502 0.125000 0.000000 0.000000 0.125000 0.000000 0.000000 0.125000 0.000000 0.000000 0.125000 0.000000 0.000000 0.125000 0.000000 0.000000 0.125000 0.000000 0.000000 0.125000 0.000000 0.000000 0.125000 0.000000 0.000000 0.125000 0.000000 0.000000 0.125000 0.000000 0.000000 0.125000 0.000000 0.000000 0.125000 0.000000 0.000000 0.125000 0.000000 0.000000 0.125000 0.000000 0.000000 0.125000 0.000000 0.000000 0.125000 0.000000 0.000000 0.125000 0.000000 0.000000
0 0.27962887 0.6982812 0.041015625 0.27331248 0.284375 0.585417 2.000000 0.285547 0.579167 2.000000 0.280859 0.579167 2.000000 0.125000 0.000000 0.000000 0.275000 0.585417 1.000000 0.290234 0.608333 2.000000 0.265625 0.610417 2.000000 0.125000 0.000000 0.000000 0.264453 0.647917 2.000000 0.125000 0.000000 0.000000 0.271484 0.620833 2.000000 0.285547 0.681250 1.000000 0.271484 0.683333 2.000000 0.285547 0.750000 2.000000 0.270312 0.747917 2.000000 0.285547 0.812500 1.000000 0.273828 0.812500 1.000000
0 0.19973047 0.64522916 0.03696094 0.14220834 0.212891 0.593750 2.000000 0.214062 0.589583 2.000000 0.209375 0.589583 2.000000 0.125000 0.000000 0.000000 0.125000 0.000000 0.000000 0.215234 0.625000 2.000000 0.192969 0.620833 2.000000 0.214062 0.660417 2.000000 0.188281 0.660417 2.000000 0.215234 0.697917 2.000000 0.196484 0.693750 1.000000 0.212891 0.727083 1.000000 0.202344 0.727083 1.000000 0.125000 0.000000 0.000000 0.125000 0.000000 0.000000 0.125000 0.000000 0.000000 0.125000 0.000000 0.000000
0 0.51637113 0.5857813 0.0103125 0.04302083 0.125000 0.000000 0.000000 0.125000 0.000000 0.000000 0.125000 0.000000 0.000000 0.125000 0.000000 0.000000 0.125000 0.000000 0.000000 0.125000 0.000000 0.000000 0.125000 0.000000 0.000000 0.125000 0.000000 0.000000 0.125000 0.000000 0.000000 0.125000 0.000000 0.000000 0.125000 0.000000 0.000000 0.125000 0.000000 0.000000 0.125000 0.000000 0.000000 0.125000 0.000000 0.000000 0.125000 0.000000 0.000000 0.125000 0.000000 0.000000 0.125000 0.000000 0.000000
0 0.5956308 0.604625 0.039035156 0.08195833 0.125000 0.000000 0.000000 0.125000 0.000000 0.000000 0.125000 0.000000 0.000000 0.125000 0.000000 0.000000 0.125000 0.000000 0.000000 0.125000 0.000000 0.000000 0.125000 0.000000 0.000000 0.125000 0.000000 0.000000 0.125000 0.000000 0.000000 0.125000 0.000000 0.000000 0.125000 0.000000 0.000000 0.125000 0.000000 0.000000 0.125000 0.000000 0.000000 0.125000 0.000000 0.000000 0.125000 0.000000 0.000000 0.125000 0.000000 0.000000 0.125000 0.000000 0.000000
0 0.73670703 0.6959583 0.032578126 0.21241666 0.735547 0.602083 2.000000 0.125000 0.000000 0.000000 0.732031 0.597917 2.000000 0.125000 0.000000 0.000000 0.727344 0.600000 2.000000 0.737891 0.622917 2.000000 0.723828 0.622917 2.000000 0.125000 0.000000 0.000000 0.734375 0.647917 2.000000 0.125000 0.000000 0.000000 0.740234 0.620833 2.000000 0.737891 0.683333 2.000000 0.727344 0.683333 2.000000 0.736719 0.733333 2.000000 0.727344 0.735417 2.000000 0.734375 0.775000 2.000000 0.727344 0.783333 2.000000
0 0.16663672 0.7883125 0.08327343 0.42337498 0.125000 0.000000 0.000000 0.125000 0.000000 0.000000 0.125000 0.000000 0.000000 0.125000 0.000000 0.000000 0.125000 0.000000 0.000000 0.125000 0.000000 0.000000 0.125000 0.000000 0.000000 0.125000 0.000000 0.000000 0.125000 0.000000 0.000000 0.125000 0.000000 0.000000 0.125000 0.000000 0.000000 0.125000 0.000000 0.000000 0.125000 0.000000 0.000000 0.125000 0.000000 0.000000 0.125000 0.000000 0.000000 0.125000 0.000000 0.000000 0.125000 0.000000 0.000000