0 0.24732862 0.578053 0.04733295 0.14062212 0.085253 0.000000 0.000000 0.085253 0.000000 0.000000 0.085253 0.000000 0.000000 0.236895 0.527650 2.000000 0.085253 0.000000 0.000000 0.235599 0.550691 2.000000 0.260225 0.548387 2.000000 0.229119 0.582949 2.000000 0.085253 0.000000 0.000000 0.085253 0.000000 0.000000 0.085253 0.000000 0.000000 0.240783 0.601382 2.000000 0.256336 0.599078 2.000000 0.244672 0.649770 1.000000 0.085253 0.000000 0.000000 0.085253 0.000000 0.000000 0.085253 0.000000 0.000000
0 0.34264258 0.7544816 0.051091593 0.28301844 0.085253 0.000000 0.000000 0.085253 0.000000 0.000000 0.085253 0.000000 0.000000 0.332805 0.647465 2.000000 0.085253 0.000000 0.000000 0.334101 0.682028 2.000000 0.352247 0.677419 2.000000 0.334101 0.746544 2.000000 0.085253 0.000000 0.000000 0.085253 0.000000 0.000000 0.085253 0.000000 0.000000 0.344470 0.788018 2.000000 0.361319 0.781106 2.000000 0.334101 0.866360 1.000000 0.348358 0.861751 2.000000 0.085253 0.000000 0.000000 0.085253 0.000000 0.000000
0 0.6003233 0.747477 0.059425406 0.14965437 0.602391 0.714286 2.000000 0.085253 0.000000 0.000000 0.599798 0.709677 2.000000 0.085253 0.000000 0.000000 0.586838 0.705069 2.000000 0.603687 0.728111 2.000000 0.579061 0.739631 2.000000 0.616647 0.755760 2.000000 0.577765 0.801843 2.000000 0.623128 0.799539 2.000000 0.611463 0.811060 1.000000 0.612759 0.822581 1.000000 0.588134 0.829493 1.000000 0.085253 0.000000 0.000000 0.085253 0.000000 0.000000 0.085253 0.000000 0.000000 0.085253 0.000000 0.000000
0 0.43134004 0.6948733 0.055614922 0.21458526 0.405386 0.629032 2.000000 0.409274 0.622120 2.000000 0.085253 0.000000 0.000000 0.422235 0.617512 2.000000 0.085253 0.000000 0.000000 0.435196 0.654378 2.000000 0.404090 0.652074 1.000000 0.450749 0.716590 2.000000 0.085253 0.000000 0.000000 0.085253 0.000000 0.000000 0.085253 0.000000 0.000000 0.431308 0.760369 2.000000 0.405386 0.758065 1.000000 0.085253 0.000000 0.000000 0.085253 0.000000 0.000000 0.085253 0.000000 0.000000 0.085253 0.000000 0.000000
0 0.85122555 0.7068203 0.054435488 0.10843319 0.847350 0.682028 2.000000 0.851238 0.677419 2.000000 0.844758 0.677419 2.000000 0.856423 0.679724 2.000000 0.842166 0.682028 2.000000 0.865495 0.707373 2.000000 0.836982 0.705069 2.000000 0.874568 0.748848 2.000000 0.827909 0.737327 2.000000 0.855127 0.758065 1.000000 0.842166 0.744240 2.000000 0.861607 0.769585 1.000000 0.839574 0.764977 1.000000 0.839574 0.794931 1.000000 0.818836 0.774194 1.000000 0.085253 0.000000 0.000000 0.085253 0.000000 0.000000
0 0.8844312 0.6774655 0.028358294 0.08013825 0.085253 0.000000 0.000000 0.085253 0.000000 0.000000 0.085253 0.000000 0.000000 0.085253 0.000000 0.000000 0.085253 0.000000 0.000000 0.085253 0.000000 0.000000 0.085253 0.000000 0.000000 0.085253 0.000000 0.000000 0.085253 0.000000 0.000000 0.085253 0.000000 0.000000 0.085253 0.000000 0.000000 0.085253 0.000000 0.000000 0.085253 0.000000 0.000000 0.085253 0.000000 0.000000 0.085253 0.000000 0.000000 0.085253 0.000000 0.000000 0.085253 0.000000 0.000000
0 0.64384574 0.8616245 0.069819994 0.22569124 0.085253 0.000000 0.000000 0.085253 0.000000 0.000000 0.085253 0.000000 0.000000 0.638681 0.792627 2.000000 0.085253 0.000000 0.000000 0.628312 0.854839 2.000000 0.669787 0.838710 2.000000 0.619240 0.921659 2.000000 0.085253 0.000000 0.000000 0.085253 0.000000 0.000000 0.085253 0.000000 0.000000 0.624424 0.972350 2.000000 0.656826 0.963134 1.000000 0.085253 0.000000 0.000000 0.085253 0.000000 0.000000 0.085253 0.000000 0.000000 0.085253 0.000000 0.000000
0 0.5365431 0.7768664 0.08506192 0.1467742 0.550547 0.760369 2.000000 0.554435 0.751152 2.000000 0.547955 0.751152 2.000000 0.085253 0.000000 0.000000 0.534994 0.739631 2.000000 0.553139 0.762673 2.000000 0.520737 0.758065 2.000000 0.559620 0.794931 2.000000 0.501296 0.820277 2.000000 0.564804 0.799539 2.000000 0.527218 0.815668 2.000000 0.085253 0.000000 0.000000 0.085253 0.000000 0.000000 0.085253 0.000000 0.000000 0.085253 0.000000 0.000000 0.085253 0.000000 0.000000 0.085253 0.000000 0.000000
0 0.620931 0.62591016 0.0315337 0.081774205 0.085253 0.000000 0.000000 0.085253 0.000000 0.000000 0.085253 0.000000 0.000000 0.085253 0.000000 0.000000 0.085253 0.000000 0.000000 0.085253 0.000000 0.000000 0.085253 0.000000 0.000000 0.085253 0.000000 0.000000 0.085253 0.000000 0.000000 0.085253 0.000000 0.000000 0.085253 0.000000 0.000000 0.085253 0.000000 0.000000 0.085253 0.000000 0.000000 0.085253 0.000000 0.000000 0.085253 0.000000 0.000000 0.085253 0.000000 0.000000 0.085253 0.000000 0.000000
0 0.5572221 0.884735 0.0831826 0.18168204 0.085253 0.000000 0.000000 0.085253 0.000000 0.000000 0.085253 0.000000 0.000000 0.541475 0.850230 2.000000 0.085253 0.000000 0.000000 0.549251 0.894009 2.000000 0.581653 0.866360 2.000000 0.537586 0.958525 2.000000 0.085253 0.000000 0.000000 0.525922 0.910138 2.000000 0.085253 0.000000 0.000000 0.085253 0.000000 0.000000 0.085253 0.000000 0.000000 0.085253 0.000000 0.000000 0.085253 0.000000 0.000000 0.085253 0.000000 0.000000 0.085253 0.000000 0.000000
0 0.77016205 0.7597926 0.05398186 0.13986176 0.085253 0.000000 0.000000 0.750144 0.730415 2.000000 0.085253 0.000000 0.000000 0.759217 0.728111 2.000000 0.085253 0.000000 0.000000 0.759217 0.769585 2.000000 0.786434 0.753456 2.000000 0.741071 0.804147 1.000000 0.085253 0.000000 0.000000 0.085253 0.000000 0.000000 0.085253 0.000000 0.000000 0.768289 0.847926 1.000000 0.085253 0.000000 0.000000 0.085253 0.000000 0.000000 0.085253 0.000000 0.000000 0.085253 0.000000 0.000000 0.085253 0.000000 0.000000
0 0.79043925 0.6936866 0.04012673 0.08069125 0.085253 0.000000 0.000000 0.085253 0.000000 0.000000 0.085253 0.000000 0.000000 0.085253 0.000000 0.000000 0.085253 0.000000 0.000000 0.085253 0.000000 0.000000 0.085253 0.000000 0.000000 0.085253 0.000000 0.000000 0.085253 0.000000 0.000000 0.085253 0.000000 0.000000 0.085253 0.000000 0.000000 0.085253 0.000000 0.000000 0.085253 0.000000 0.000000 0.085253 0.000000 0.000000 0.085253 0.000000 0.000000 0.085253 0.000000 0.000000 0.085253 0.000000 0.000000
0 0.40366217 0.7665553 0.053605992 0.2693318 0.385945 0.670507 2.000000 0.387241 0.663594 2.000000 0.085253 0.000000 0.000000 0.396313 0.670507 2.000000 0.085253 0.000000 0.000000 0.410570 0.721198 2.000000 0.388537 0.702765 2.000000 0.402794 0.781106 2.000000 0.085253 0.000000 0.000000 0.382056 0.811060 1.000000 0.085253 0.000000 0.000000 0.405386 0.843318 2.000000 0.387241 0.834101 2.000000 0.085253 0.000000 0.000000 0.085253 0.000000 0.000000 0.085253 0.000000 0.000000 0.085253 0.000000 0.000000
0 0.53629035 0.6958526 0.6817397 0.37788022 0.085253 0.000000 0.000000 0.085253 0.000000 0.000000 0.085253 0.000000 0.000000 0.085253 0.000000 0.000000 0.085253 0.000000 0.000000 0.085253 0.000000 0.000000 0.085253 0.000000 0.000000 0.085253 0.000000 0.000000 0.085253 0.000000 0.000000 0.085253 0.000000 0.000000 0.085253 0.000000 0.000000 0.085253 0.000000 0.000000 0.085253 0.000000 0.000000 0.085253 0.000000 0.000000 0.085253 0.000000 0.000000 0.085253 0.000000 0.000000 0.085253 0.000000 0.000000