0 0.42097425 0.5516912 0.05457721 0.10736928 0.409007 0.521242 2.000000 0.412684 0.514706 2.000000 0.406250 0.516340 2.000000 0.422794 0.514706 1.000000 0.218750 0.000000 0.000000 0.432904 0.549020 2.000000 0.401654 0.552288 2.000000 0.443015 0.599673 1.000000 0.218750 0.000000 0.000000 0.429228 0.581699 1.000000 0.218750 0.000000 0.000000 0.425551 0.619281 1.000000 0.401654 0.620915 1.000000 0.218750 0.000000 0.000000 0.218750 0.000000 0.000000 0.218750 0.000000 0.000000 0.218750 0.000000 0.000000
0 0.62659925 0.57285136 0.014908087 0.040571894 0.218750 0.000000 0.000000 0.218750 0.000000 0.000000 0.218750 0.000000 0.000000 0.218750 0.000000 0.000000 0.218750 0.000000 0.000000 0.218750 0.000000 0.000000 0.218750 0.000000 0.000000 0.218750 0.000000 0.000000 0.218750 0.000000 0.000000 0.218750 0.000000 0.000000 0.218750 0.000000 0.000000 0.218750 0.000000 0.000000 0.218750 0.000000 0.000000 0.218750 0.000000 0.000000 0.218750 0.000000 0.000000 0.218750 0.000000 0.000000 0.218750 0.000000 0.000000
0 0.50950366 0.5742484 0.03204044 0.054673202 0.218750 0.000000 0.000000 0.218750 0.000000 0.000000 0.218750 0.000000 0.000000 0.218750 0.000000 0.000000 0.218750 0.000000 0.000000 0.218750 0.000000 0.000000 0.218750 0.000000 0.000000 0.218750 0.000000 0.000000 0.218750 0.000000 0.000000 0.218750 0.000000 0.000000 0.218750 0.000000 0.000000 0.218750 0.000000 0.000000 0.218750 0.000000 0.000000 0.218750 0.000000 0.000000 0.218750 0.000000 0.000000 0.218750 0.000000 0.000000 0.218750 0.000000 0.000000
0 0.39254135 0.29700163 0.026976103 0.0375 0.218750 0.000000 0.000000 0.218750 0.000000 0.000000 0.218750 0.000000 0.000000 0.218750 0.000000 0.000000 0.218750 0.000000 0.000000 0.218750 0.000000 0.000000 0.218750 0.000000 0.000000 0.218750 0.000000 0.000000 0.218750 0.000000 0.000000 0.218750 0.000000 0.000000 0.218750 0.000000 0.000000 0.218750 0.000000 0.000000 0.218750 0.000000 0.000000 0.218750 0.000000 0.000000 0.218750 0.000000 0.000000 0.218750 0.000000 0.000000 0.218750 0.000000 0.000000
0 0.503534 0.27971405 0.02328125 0.03410131 0.218750 0.000000 0.000000 0.218750 0.000000 0.000000 0.218750 0.000000 0.000000 0.218750 0.000000 0.000000 0.218750 0.000000 0.000000 0.218750 0.000000 0.000000 0.218750 0.000000 0.000000 0.218750 0.000000 0.000000 0.218750 0.000000 0.000000 0.218750 0.000000 0.000000 0.218750 0.000000 0.000000 0.218750 0.000000 0.000000 0.218750 0.000000 0.000000 0.218750 0.000000 0.000000 0.218750 0.000000 0.000000 0.218750 0.000000 0.000000 0.218750 0.000000 0.000000
0 0.33349723 0.6541095 0.00640625 0.034591503 0.218750 0.000000 0.000000 0.218750 0.000000 0.000000 0.218750 0.000000 0.000000 0.218750 0.000000 0.000000 0.218750 0.000000 0.000000 0.218750 0.000000 0.000000 0.218750 0.000000 0.000000 0.218750 0.000000 0.000000 0.218750 0.000000 0.000000 0.218750 0.000000 0.000000 0.218750 0.000000 0.000000 0.218750 0.000000 0.000000 0.218750 0.000000 0.000000 0.218750 0.000000 0.000000 0.218750 0.000000 0.000000 0.218750 0.000000 0.000000 0.218750 0.000000 0.000000
0 0.3086581 0.6631454 0.012169118 0.05638889 0.218750 0.000000 0.000000 0.218750 0.000000 0.000000 0.218750 0.000000 0.000000 0.218750 0.000000 0.000000 0.218750 0.000000 0.000000 0.218750 0.000000 0.000000 0.218750 0.000000 0.000000 0.218750 0.000000 0.000000 0.218750 0.000000 0.000000 0.218750 0.000000 0.000000 0.218750 0.000000 0.000000 0.218750 0.000000 0.000000 0.218750 0.000000 0.000000 0.218750 0.000000 0.000000 0.218750 0.000000 0.000000 0.218750 0.000000 0.000000 0.218750 0.000000 0.000000
0 0.42236215 0.29256535 0.016966911 0.03356209 0.218750 0.000000 0.000000 0.218750 0.000000 0.000000 0.218750 0.000000 0.000000 0.218750 0.000000 0.000000 0.218750 0.000000 0.000000 0.218750 0.000000 0.000000 0.218750 0.000000 0.000000 0.218750 0.000000 0.000000 0.218750 0.000000 0.000000 0.218750 0.000000 0.000000 0.218750 0.000000 0.000000 0.218750 0.000000 0.000000 0.218750 0.000000 0.000000 0.218750 0.000000 0.000000 0.218750 0.000000 0.000000 0.218750 0.000000 0.000000 0.218750 0.000000 0.000000
0 0.29930604 0.6600735 0.01758272 0.08612745 0.218750 0.000000 0.000000 0.218750 0.000000 0.000000 0.218750 0.000000 0.000000 0.218750 0.000000 0.000000 0.218750 0.000000 0.000000 0.218750 0.000000 0.000000 0.218750 0.000000 0.000000 0.218750 0.000000 0.000000 0.218750 0.000000 0.000000 0.218750 0.000000 0.000000 0.218750 0.000000 0.000000 0.218750 0.000000 0.000000 0.218750 0.000000 0.000000 0.218750 0.000000 0.000000 0.218750 0.000000 0.000000 0.218750 0.000000 0.000000 0.218750 0.000000 0.000000
0 0.31847426 0.6759967 0.012169118 0.052712414 0.218750 0.000000 0.000000 0.218750 0.000000 0.000000 0.218750 0.000000 0.000000 0.218750 0.000000 0.000000 0.218750 0.000000 0.000000 0.218750 0.000000 0.000000 0.218750 0.000000 0.000000 0.218750 0.000000 0.000000 0.218750 0.000000 0.000000 0.218750 0.000000 0.000000 0.218750 0.000000 0.000000 0.218750 0.000000 0.000000 0.218750 0.000000 0.000000 0.218750 0.000000 0.000000 0.218750 0.000000 0.000000 0.218750 0.000000 0.000000 0.218750 0.000000 0.000000
0 0.32911766 0.6717403 0.01194853 0.06312092 0.218750 0.000000 0.000000 0.218750 0.000000 0.000000 0.218750 0.000000 0.000000 0.218750 0.000000 0.000000 0.218750 0.000000 0.000000 0.218750 0.000000 0.000000 0.218750 0.000000 0.000000 0.218750 0.000000 0.000000 0.218750 0.000000 0.000000 0.218750 0.000000 0.000000 0.218750 0.000000 0.000000 0.218750 0.000000 0.000000 0.218750 0.000000 0.000000 0.218750 0.000000 0.000000 0.218750 0.000000 0.000000 0.218750 0.000000 0.000000 0.218750 0.000000 0.000000