0 0.4031528 0.75435746 0.056039717 0.11198598 0.383032 0.724299 2.000000 0.383032 0.721963 2.000000 0.079439 0.000000 0.000000 0.384346 0.714953 2.000000 0.079439 0.000000 0.000000 0.394860 0.712617 2.000000 0.389603 0.721963 2.000000 0.401431 0.740654 2.000000 0.390917 0.742991 2.000000 0.394860 0.752336 2.000000 0.385660 0.759346 2.000000 0.414574 0.731308 2.000000 0.405374 0.740654 2.000000 0.422459 0.778037 2.000000 0.405374 0.778037 2.000000 0.426402 0.808411 1.000000 0.404060 0.810748 1.000000
0 0.6383907 0.7273248 0.026837032 0.09665888 0.079439 0.000000 0.000000 0.079439 0.000000 0.000000 0.079439 0.000000 0.000000 0.079439 0.000000 0.000000 0.079439 0.000000 0.000000 0.079439 0.000000 0.000000 0.079439 0.000000 0.000000 0.079439 0.000000 0.000000 0.079439 0.000000 0.000000 0.079439 0.000000 0.000000 0.079439 0.000000 0.000000 0.079439 0.000000 0.000000 0.079439 0.000000 0.000000 0.079439 0.000000 0.000000 0.079439 0.000000 0.000000 0.079439 0.000000 0.000000 0.079439 0.000000 0.000000
0 0.32778695 0.68454444 0.008240363 0.04609813 0.079439 0.000000 0.000000 0.079439 0.000000 0.000000 0.079439 0.000000 0.000000 0.079439 0.000000 0.000000 0.079439 0.000000 0.000000 0.079439 0.000000 0.000000 0.079439 0.000000 0.000000 0.079439 0.000000 0.000000 0.079439 0.000000 0.000000 0.079439 0.000000 0.000000 0.079439 0.000000 0.000000 0.079439 0.000000 0.000000 0.079439 0.000000 0.000000 0.079439 0.000000 0.000000 0.079439 0.000000 0.000000 0.079439 0.000000 0.000000 0.079439 0.000000 0.000000
0 0.82592136 0.7333528 0.032514606 0.1000701 0.079439 0.000000 0.000000 0.079439 0.000000 0.000000 0.079439 0.000000 0.000000 0.079439 0.000000 0.000000 0.079439 0.000000 0.000000 0.079439 0.000000 0.000000 0.079439 0.000000 0.000000 0.079439 0.000000 0.000000 0.079439 0.000000 0.000000 0.079439 0.000000 0.000000 0.079439 0.000000 0.000000 0.079439 0.000000 0.000000 0.079439 0.000000 0.000000 0.079439 0.000000 0.000000 0.079439 0.000000 0.000000 0.079439 0.000000 0.000000 0.079439 0.000000 0.000000
0 0.2984988 0.68600476 0.0098831775 0.042663552 0.079439 0.000000 0.000000 0.079439 0.000000 0.000000 0.079439 0.000000 0.000000 0.079439 0.000000 0.000000 0.079439 0.000000 0.000000 0.079439 0.000000 0.000000 0.079439 0.000000 0.000000 0.079439 0.000000 0.000000 0.079439 0.000000 0.000000 0.079439 0.000000 0.000000 0.079439 0.000000 0.000000 0.079439 0.000000 0.000000 0.079439 0.000000 0.000000 0.079439 0.000000 0.000000 0.079439 0.000000 0.000000 0.079439 0.000000 0.000000 0.079439 0.000000 0.000000
0 0.36421803 0.68348134 0.012708821 0.0567757 0.079439 0.000000 0.000000 0.079439 0.000000 0.000000 0.079439 0.000000 0.000000 0.079439 0.000000 0.000000 0.079439 0.000000 0.000000 0.079439 0.000000 0.000000 0.079439 0.000000 0.000000 0.079439 0.000000 0.000000 0.079439 0.000000 0.000000 0.079439 0.000000 0.000000 0.079439 0.000000 0.000000 0.079439 0.000000 0.000000 0.079439 0.000000 0.000000 0.079439 0.000000 0.000000 0.079439 0.000000 0.000000 0.079439 0.000000 0.000000 0.079439 0.000000 0.000000
0 0.28004673 0.6822313 0.006334697 0.045070097 0.079439 0.000000 0.000000 0.079439 0.000000 0.000000 0.079439 0.000000 0.000000 0.079439 0.000000 0.000000 0.079439 0.000000 0.000000 0.079439 0.000000 0.000000 0.079439 0.000000 0.000000 0.079439 0.000000 0.000000 0.079439 0.000000 0.000000 0.079439 0.000000 0.000000 0.079439 0.000000 0.000000 0.079439 0.000000 0.000000 0.079439 0.000000 0.000000 0.079439 0.000000 0.000000 0.079439 0.000000 0.000000 0.079439 0.000000 0.000000 0.079439 0.000000 0.000000
0 0.4432243 0.67721957 0.006623832 0.02915888 0.079439 0.000000 0.000000 0.079439 0.000000 0.000000 0.079439 0.000000 0.000000 0.079439 0.000000 0.000000 0.079439 0.000000 0.000000 0.079439 0.000000 0.000000 0.079439 0.000000 0.000000 0.079439 0.000000 0.000000 0.079439 0.000000 0.000000 0.079439 0.000000 0.000000 0.079439 0.000000 0.000000 0.079439 0.000000 0.000000 0.079439 0.000000 0.000000 0.079439 0.000000 0.000000 0.079439 0.000000 0.000000 0.079439 0.000000 0.000000 0.079439 0.000000 0.000000
0 0.2629286 0.679194 0.009948891 0.043247666 0.079439 0.000000 0.000000 0.079439 0.000000 0.000000 0.079439 0.000000 0.000000 0.079439 0.000000 0.000000 0.079439 0.000000 0.000000 0.079439 0.000000 0.000000 0.079439 0.000000 0.000000 0.079439 0.000000 0.000000 0.079439 0.000000 0.000000 0.079439 0.000000 0.000000 0.079439 0.000000 0.000000 0.079439 0.000000 0.000000 0.079439 0.000000 0.000000 0.079439 0.000000 0.000000 0.079439 0.000000 0.000000 0.079439 0.000000 0.000000 0.079439 0.000000 0.000000
0 0.4655863 0.67518693 0.008555783 0.037990656 0.079439 0.000000 0.000000 0.079439 0.000000 0.000000 0.079439 0.000000 0.000000 0.079439 0.000000 0.000000 0.079439 0.000000 0.000000 0.079439 0.000000 0.000000 0.079439 0.000000 0.000000 0.079439 0.000000 0.000000 0.079439 0.000000 0.000000 0.079439 0.000000 0.000000 0.079439 0.000000 0.000000 0.079439 0.000000 0.000000 0.079439 0.000000 0.000000 0.079439 0.000000 0.000000 0.079439 0.000000 0.000000 0.079439 0.000000 0.000000 0.079439 0.000000 0.000000
0 0.5816151 0.6835515 0.4925555 0.046682242 0.079439 0.000000 0.000000 0.079439 0.000000 0.000000 0.079439 0.000000 0.000000 0.079439 0.000000 0.000000 0.079439 0.000000 0.000000 0.079439 0.000000 0.000000 0.079439 0.000000 0.000000 0.079439 0.000000 0.000000 0.079439 0.000000 0.000000 0.079439 0.000000 0.000000 0.079439 0.000000 0.000000 0.079439 0.000000 0.000000 0.079439 0.000000 0.000000 0.079439 0.000000 0.000000 0.079439 0.000000 0.000000 0.079439 0.000000 0.000000 0.079439 0.000000 0.000000
0 0.54572284 0.67119163 0.009725467 0.041355144 0.079439 0.000000 0.000000 0.079439 0.000000 0.000000 0.079439 0.000000 0.000000 0.079439 0.000000 0.000000 0.079439 0.000000 0.000000 0.079439 0.000000 0.000000 0.079439 0.000000 0.000000 0.079439 0.000000 0.000000 0.079439 0.000000 0.000000 0.079439 0.000000 0.000000 0.079439 0.000000 0.000000 0.079439 0.000000 0.000000 0.079439 0.000000 0.000000 0.079439 0.000000 0.000000 0.079439 0.000000 0.000000 0.079439 0.000000 0.000000 0.079439 0.000000 0.000000
0 0.72192466 0.65862155 0.009672898 0.046775706 0.079439 0.000000 0.000000 0.079439 0.000000 0.000000 0.079439 0.000000 0.000000 0.079439 0.000000 0.000000 0.079439 0.000000 0.000000 0.079439 0.000000 0.000000 0.079439 0.000000 0.000000 0.079439 0.000000 0.000000 0.079439 0.000000 0.000000 0.079439 0.000000 0.000000 0.079439 0.000000 0.000000 0.079439 0.000000 0.000000 0.079439 0.000000 0.000000 0.079439 0.000000 0.000000 0.079439 0.000000 0.000000 0.079439 0.000000 0.000000 0.079439 0.000000 0.000000
0 0.44874418 0.67523366 0.73860985 0.09813084 0.079439 0.000000 0.000000 0.079439 0.000000 0.000000 0.079439 0.000000 0.000000 0.079439 0.000000 0.000000 0.079439 0.000000 0.000000 0.079439 0.000000 0.000000 0.079439 0.000000 0.000000 0.079439 0.000000 0.000000 0.079439 0.000000 0.000000 0.079439 0.000000 0.000000 0.079439 0.000000 0.000000 0.079439 0.000000 0.000000 0.079439 0.000000 0.000000 0.079439 0.000000 0.000000 0.079439 0.000000 0.000000 0.079439 0.000000 0.000000 0.079439 0.000000 0.000000