0 0.50686425 0.35433593 0.013253907 0.09885938 0.289062 0.000000 0.000000 0.289062 0.000000 0.000000 0.289062 0.000000 0.000000 0.289062 0.000000 0.000000 0.289062 0.000000 0.000000 0.289062 0.000000 0.000000 0.289062 0.000000 0.000000 0.289062 0.000000 0.000000 0.289062 0.000000 0.000000 0.289062 0.000000 0.000000 0.289062 0.000000 0.000000 0.289062 0.000000 0.000000 0.289062 0.000000 0.000000 0.289062 0.000000 0.000000 0.289062 0.000000 0.000000 0.289062 0.000000 0.000000 0.289062 0.000000 0.000000
0 0.46722996 0.36151564 0.022754882 0.10984375 0.289062 0.000000 0.000000 0.289062 0.000000 0.000000 0.289062 0.000000 0.000000 0.289062 0.000000 0.000000 0.289062 0.000000 0.000000 0.289062 0.000000 0.000000 0.289062 0.000000 0.000000 0.289062 0.000000 0.000000 0.289062 0.000000 0.000000 0.289062 0.000000 0.000000 0.289062 0.000000 0.000000 0.289062 0.000000 0.000000 0.289062 0.000000 0.000000 0.289062 0.000000 0.000000 0.289062 0.000000 0.000000 0.289062 0.000000 0.000000 0.289062 0.000000 0.000000
0 0.45149752 0.3444297 0.020083008 0.09251562 0.289062 0.000000 0.000000 0.289062 0.000000 0.000000 0.289062 0.000000 0.000000 0.289062 0.000000 0.000000 0.289062 0.000000 0.000000 0.289062 0.000000 0.000000 0.289062 0.000000 0.000000 0.289062 0.000000 0.000000 0.289062 0.000000 0.000000 0.289062 0.000000 0.000000 0.289062 0.000000 0.000000 0.289062 0.000000 0.000000 0.289062 0.000000 0.000000 0.289062 0.000000 0.000000 0.289062 0.000000 0.000000 0.289062 0.000000 0.000000 0.289062 0.000000 0.000000
0 0.4560679 0.33164844 0.014194336 0.09842188 0.289062 0.000000 0.000000 0.289062 0.000000 0.000000 0.289062 0.000000 0.000000 0.289062 0.000000 0.000000 0.289062 0.000000 0.000000 0.289062 0.000000 0.000000 0.289062 0.000000 0.000000 0.289062 0.000000 0.000000 0.289062 0.000000 0.000000 0.289062 0.000000 0.000000 0.289062 0.000000 0.000000 0.289062 0.000000 0.000000 0.289062 0.000000 0.000000 0.289062 0.000000 0.000000 0.289062 0.000000 0.000000 0.289062 0.000000 0.000000 0.289062 0.000000 0.000000
0 0.43527734 0.34824997 0.020302735 0.10040625 0.289062 0.000000 0.000000 0.289062 0.000000 0.000000 0.289062 0.000000 0.000000 0.289062 0.000000 0.000000 0.289062 0.000000 0.000000 0.289062 0.000000 0.000000 0.289062 0.000000 0.000000 0.289062 0.000000 0.000000 0.289062 0.000000 0.000000 0.289062 0.000000 0.000000 0.289062 0.000000 0.000000 0.289062 0.000000 0.000000 0.289062 0.000000 0.000000 0.289062 0.000000 0.000000 0.289062 0.000000 0.000000 0.289062 0.000000 0.000000 0.289062 0.000000 0.000000
0 0.5745884 0.37314063 0.024213867 0.11940624 0.289062 0.000000 0.000000 0.289062 0.000000 0.000000 0.289062 0.000000 0.000000 0.289062 0.000000 0.000000 0.289062 0.000000 0.000000 0.289062 0.000000 0.000000 0.289062 0.000000 0.000000 0.289062 0.000000 0.000000 0.289062 0.000000 0.000000 0.289062 0.000000 0.000000 0.289062 0.000000 0.000000 0.289062 0.000000 0.000000 0.289062 0.000000 0.000000 0.289062 0.000000 0.000000 0.289062 0.000000 0.000000 0.289062 0.000000 0.000000 0.289062 0.000000 0.000000
0 0.5272417 0.34040627 0.00524707 0.039 0.289062 0.000000 0.000000 0.289062 0.000000 0.000000 0.289062 0.000000 0.000000 0.289062 0.000000 0.000000 0.289062 0.000000 0.000000 0.289062 0.000000 0.000000 0.289062 0.000000 0.000000 0.289062 0.000000 0.000000 0.289062 0.000000 0.000000 0.289062 0.000000 0.000000 0.289062 0.000000 0.000000 0.289062 0.000000 0.000000 0.289062 0.000000 0.000000 0.289062 0.000000 0.000000 0.289062 0.000000 0.000000 0.289062 0.000000 0.000000 0.289062 0.000000 0.000000
0 0.47632226 0.3472109 0.026683595 0.11192187 0.289062 0.000000 0.000000 0.289062 0.000000 0.000000 0.289062 0.000000 0.000000 0.289062 0.000000 0.000000 0.289062 0.000000 0.000000 0.289062 0.000000 0.000000 0.289062 0.000000 0.000000 0.289062 0.000000 0.000000 0.289062 0.000000 0.000000 0.289062 0.000000 0.000000 0.289062 0.000000 0.000000 0.289062 0.000000 0.000000 0.289062 0.000000 0.000000 0.289062 0.000000 0.000000 0.289062 0.000000 0.000000 0.289062 0.000000 0.000000 0.289062 0.000000 0.000000
0 0.32816067 0.29717186 0.013719726 0.029718753 0.289062 0.000000 0.000000 0.289062 0.000000 0.000000 0.289062 0.000000 0.000000 0.289062 0.000000 0.000000 0.289062 0.000000 0.000000 0.289062 0.000000 0.000000 0.289062 0.000000 0.000000 0.289062 0.000000 0.000000 0.289062 0.000000 0.000000 0.289062 0.000000 0.000000 0.289062 0.000000 0.000000 0.289062 0.000000 0.000000 0.289062 0.000000 0.000000 0.289062 0.000000 0.000000 0.289062 0.000000 0.000000 0.289062 0.000000 0.000000 0.289062 0.000000 0.000000
0 0.30562547 0.31417185 0.012418945 0.0505625 0.289062 0.000000 0.000000 0.289062 0.000000 0.000000 0.289062 0.000000 0.000000 0.289062 0.000000 0.000000 0.289062 0.000000 0.000000 0.289062 0.000000 0.000000 0.289062 0.000000 0.000000 0.289062 0.000000 0.000000 0.289062 0.000000 0.000000 0.289062 0.000000 0.000000 0.289062 0.000000 0.000000 0.289062 0.000000 0.000000 0.289062 0.000000 0.000000 0.289062 0.000000 0.000000 0.289062 0.000000 0.000000 0.289062 0.000000 0.000000 0.289062 0.000000 0.000000
0 0.55319583 0.37383595 0.018448241 0.11810937 0.289062 0.000000 0.000000 0.289062 0.000000 0.000000 0.289062 0.000000 0.000000 0.289062 0.000000 0.000000 0.289062 0.000000 0.000000 0.289062 0.000000 0.000000 0.289062 0.000000 0.000000 0.289062 0.000000 0.000000 0.289062 0.000000 0.000000 0.289062 0.000000 0.000000 0.289062 0.000000 0.000000 0.289062 0.000000 0.000000 0.289062 0.000000 0.000000 0.289062 0.000000 0.000000 0.289062 0.000000 0.000000 0.289062 0.000000 0.000000 0.289062 0.000000 0.000000
0 0.5231592 0.36925784 0.026103517 0.11014062 0.289062 0.000000 0.000000 0.289062 0.000000 0.000000 0.289062 0.000000 0.000000 0.289062 0.000000 0.000000 0.289062 0.000000 0.000000 0.289062 0.000000 0.000000 0.289062 0.000000 0.000000 0.289062 0.000000 0.000000 0.289062 0.000000 0.000000 0.289062 0.000000 0.000000 0.289062 0.000000 0.000000 0.289062 0.000000 0.000000 0.289062 0.000000 0.000000 0.289062 0.000000 0.000000 0.289062 0.000000 0.000000 0.289062 0.000000 0.000000 0.289062 0.000000 0.000000