0 0.11074603 0.48599762 0.0665625 0.4910094 0.077465 0.000000 0.000000 0.077465 0.000000 0.000000 0.077465 0.000000 0.000000 0.077465 0.000000 0.000000 0.121039 0.234742 1.000000 0.102553 0.265258 1.000000 0.122359 0.265258 1.000000 0.077465 0.000000 0.000000 0.077465 0.000000 0.000000 0.077465 0.000000 0.000000 0.077465 0.000000 0.000000 0.103873 0.330986 2.000000 0.123680 0.330986 1.000000 0.077465 0.000000 0.000000 0.130282 0.384977 1.000000 0.077465 0.000000 0.000000 0.132923 0.453052 1.000000
0 0.18637985 0.31764084 0.16744278 0.5112911 0.077465 0.000000 0.000000 0.077465 0.000000 0.000000 0.077465 0.000000 0.000000 0.147447 0.126761 2.000000 0.185739 0.119718 2.000000 0.142165 0.178404 2.000000 0.216109 0.176056 2.000000 0.126320 0.286385 2.000000 0.077465 0.000000 0.000000 0.132923 0.394366 2.000000 0.077465 0.000000 0.000000 0.173856 0.396714 2.000000 0.225352 0.387324 2.000000 0.196303 0.556338 1.000000 0.226673 0.539906 1.000000 0.077465 0.000000 0.000000 0.077465 0.000000 0.000000
0 0.26648986 0.3047887 0.054361798 0.35605633 0.242518 0.164319 2.000000 0.249120 0.152582 2.000000 0.242518 0.152582 2.000000 0.263644 0.164319 2.000000 0.077465 0.000000 0.000000 0.268926 0.220657 2.000000 0.251761 0.225352 2.000000 0.270246 0.302817 2.000000 0.077465 0.000000 0.000000 0.267606 0.352113 2.000000 0.077465 0.000000 0.000000 0.266285 0.370892 2.000000 0.255722 0.356808 1.000000 0.077465 0.000000 0.000000 0.077465 0.000000 0.000000 0.077465 0.000000 0.000000 0.077465 0.000000 0.000000
0 0.320581 0.3040728 0.04418134 0.19983569 0.077465 0.000000 0.000000 0.077465 0.000000 0.000000 0.077465 0.000000 0.000000 0.309859 0.215962 1.000000 0.320423 0.218310 2.000000 0.301937 0.248826 2.000000 0.324384 0.246479 2.000000 0.077465 0.000000 0.000000 0.328345 0.295775 2.000000 0.077465 0.000000 0.000000 0.337588 0.354460 2.000000 0.308539 0.309859 2.000000 0.323063 0.305164 2.000000 0.315141 0.361502 2.000000 0.324384 0.363850 2.000000 0.077465 0.000000 0.000000 0.077465 0.000000 0.000000
0 0.373629 0.3096831 0.07192341 0.15847418 0.077465 0.000000 0.000000 0.077465 0.000000 0.000000 0.077465 0.000000 0.000000 0.077465 0.000000 0.000000 0.362676 0.265258 2.000000 0.389084 0.276995 2.000000 0.350792 0.286385 2.000000 0.397007 0.314554 2.000000 0.342870 0.326291 2.000000 0.400968 0.349765 2.000000 0.348151 0.356808 2.000000 0.387764 0.366197 2.000000 0.361356 0.373239 2.000000 0.077465 0.000000 0.000000 0.077465 0.000000 0.000000 0.077465 0.000000 0.000000 0.077465 0.000000 0.000000
0 0.4471633 0.2878169 0.060039617 0.1971831 0.439261 0.230047 2.000000 0.441901 0.223005 2.000000 0.077465 0.000000 0.000000 0.451144 0.220657 2.000000 0.077465 0.000000 0.000000 0.459067 0.253521 2.000000 0.451144 0.251174 2.000000 0.455106 0.291080 2.000000 0.077465 0.000000 0.000000 0.432658 0.291080 2.000000 0.077465 0.000000 0.000000 0.459067 0.330986 2.000000 0.448504 0.321596 2.000000 0.077465 0.000000 0.000000 0.077465 0.000000 0.000000 0.077465 0.000000 0.000000 0.077465 0.000000 0.000000
0 0.5030106 0.30757043 0.046584506 0.16730048 0.493398 0.265258 2.000000 0.497359 0.258216 2.000000 0.492077 0.260563 2.000000 0.503961 0.258216 2.000000 0.077465 0.000000 0.000000 0.515845 0.288732 2.000000 0.490757 0.288732 2.000000 0.523768 0.333333 2.000000 0.488116 0.333333 2.000000 0.501320 0.342723 2.000000 0.484155 0.335681 2.000000 0.510563 0.377934 2.000000 0.494718 0.380282 1.000000 0.077465 0.000000 0.000000 0.077465 0.000000 0.000000 0.077465 0.000000 0.000000 0.077465 0.000000 0.000000
0 0.6763028 0.31402582 0.072464794 0.28063384 0.077465 0.000000 0.000000 0.077465 0.000000 0.000000 0.077465 0.000000 0.000000 0.077465 0.000000 0.000000 0.077465 0.000000 0.000000 0.657130 0.255869 2.000000 0.694102 0.241784 2.000000 0.643926 0.307512 2.000000 0.705986 0.293427 2.000000 0.077465 0.000000 0.000000 0.077465 0.000000 0.000000 0.657130 0.349765 2.000000 0.687500 0.347418 2.000000 0.659771 0.431925 1.000000 0.680898 0.434272 2.000000 0.077465 0.000000 0.000000 0.077465 0.000000 0.000000
0 0.72701365 0.3301526 0.059088908 0.32607985 0.744278 0.204225 2.000000 0.077465 0.000000 0.000000 0.744278 0.194836 2.000000 0.077465 0.000000 0.000000 0.736356 0.192488 2.000000 0.719190 0.232394 2.000000 0.728433 0.232394 2.000000 0.077465 0.000000 0.000000 0.720511 0.279343 2.000000 0.077465 0.000000 0.000000 0.749560 0.295775 2.000000 0.711268 0.321596 2.000000 0.728433 0.326291 2.000000 0.709947 0.401408 2.000000 0.723151 0.406103 2.000000 0.705986 0.462441 2.000000 0.719190 0.478873 2.000000
0 0.80106956 0.39798123 0.0678169 0.4315493 0.077465 0.000000 0.000000 0.077465 0.000000 0.000000 0.077465 0.000000 0.000000 0.077465 0.000000 0.000000 0.824824 0.223005 2.000000 0.783891 0.272300 1.000000 0.824824 0.274648 2.000000 0.077465 0.000000 0.000000 0.824824 0.338028 2.000000 0.077465 0.000000 0.000000 0.077465 0.000000 0.000000 0.779930 0.387324 2.000000 0.810299 0.394366 2.000000 0.779930 0.497653 2.000000 0.807658 0.497653 2.000000 0.777289 0.582160 2.000000 0.801056 0.589202 2.000000
0 0.86999565 0.451831 0.09995599 0.38840377 0.077465 0.000000 0.000000 0.077465 0.000000 0.000000 0.077465 0.000000 0.000000 0.864437 0.305164 2.000000 0.893486 0.307512 2.000000 0.859155 0.349765 2.000000 0.898768 0.347418 2.000000 0.847271 0.399061 2.000000 0.919894 0.352113 1.000000 0.830106 0.443662 2.000000 0.911972 0.330986 2.000000 0.856514 0.457747 2.000000 0.888204 0.462441 2.000000 0.852553 0.532864 2.000000 0.877641 0.539906 2.000000 0.843310 0.619718 2.000000 0.871039 0.622066 2.000000
0 0.8563821 0.25786385 0.044419013 0.14793427 0.844630 0.220657 2.000000 0.847271 0.213615 2.000000 0.843310 0.213615 2.000000 0.859155 0.208920 2.000000 0.077465 0.000000 0.000000 0.864437 0.244131 2.000000 0.864437 0.241784 2.000000 0.077465 0.000000 0.000000 0.077465 0.000000 0.000000 0.077465 0.000000 0.000000 0.077465 0.000000 0.000000 0.077465 0.000000 0.000000 0.077465 0.000000 0.000000 0.077465 0.000000 0.000000 0.077465 0.000000 0.000000 0.077465 0.000000 0.000000 0.077465 0.000000 0.000000
0 0.82553697 0.19617371 0.06850352 0.12178404 0.077465 0.000000 0.000000 0.077465 0.000000 0.000000 0.077465 0.000000 0.000000 0.077465 0.000000 0.000000 0.077465 0.000000 0.000000 0.077465 0.000000 0.000000 0.077465 0.000000 0.000000 0.077465 0.000000 0.000000 0.077465 0.000000 0.000000 0.077465 0.000000 0.000000 0.077465 0.000000 0.000000 0.077465 0.000000 0.000000 0.077465 0.000000 0.000000 0.077465 0.000000 0.000000 0.077465 0.000000 0.000000 0.077465 0.000000 0.000000 0.077465 0.000000 0.000000
0 0.52442783 0.35328642 0.6456867 0.443662 0.077465 0.000000 0.000000 0.077465 0.000000 0.000000 0.077465 0.000000 0.000000 0.077465 0.000000 0.000000 0.077465 0.000000 0.000000 0.077465 0.000000 0.000000 0.077465 0.000000 0.000000 0.077465 0.000000 0.000000 0.077465 0.000000 0.000000 0.077465 0.000000 0.000000 0.077465 0.000000 0.000000 0.077465 0.000000 0.000000 0.077465 0.000000 0.000000 0.077465 0.000000 0.000000 0.077465 0.000000 0.000000 0.077465 0.000000 0.000000 0.077465 0.000000 0.000000