0 0.26897806 0.5405406 0.06326013 0.2437838 0.280405 0.447447 2.000000 0.282095 0.438438 2.000000 0.277027 0.438438 2.000000 0.077703 0.000000 0.000000 0.077703 0.000000 0.000000 0.280405 0.468468 2.000000 0.261824 0.465465 2.000000 0.280405 0.495495 2.000000 0.248311 0.495495 2.000000 0.288851 0.507508 2.000000 0.256757 0.531532 2.000000 0.270270 0.522523 2.000000 0.263514 0.522523 2.000000 0.271959 0.576577 2.000000 0.256757 0.573574 2.000000 0.265203 0.627628 2.000000 0.244932 0.627628 2.000000
0 0.40908784 0.57462466 0.07753379 0.24552552 0.077703 0.000000 0.000000 0.077703 0.000000 0.000000 0.077703 0.000000 0.000000 0.077703 0.000000 0.000000 0.408784 0.474474 2.000000 0.407095 0.498498 2.000000 0.400338 0.495495 2.000000 0.413851 0.519520 2.000000 0.413851 0.531532 2.000000 0.430743 0.519520 2.000000 0.432432 0.522523 2.000000 0.403716 0.561562 2.000000 0.393581 0.561562 2.000000 0.408784 0.627628 2.000000 0.405405 0.627628 2.000000 0.407095 0.684685 1.000000 0.378378 0.660661 2.000000
0 0.89983106 0.21055555 0.04027027 0.19342344 0.077703 0.000000 0.000000 0.077703 0.000000 0.000000 0.077703 0.000000 0.000000 0.077703 0.000000 0.000000 0.077703 0.000000 0.000000 0.077703 0.000000 0.000000 0.077703 0.000000 0.000000 0.077703 0.000000 0.000000 0.077703 0.000000 0.000000 0.077703 0.000000 0.000000 0.077703 0.000000 0.000000 0.077703 0.000000 0.000000 0.077703 0.000000 0.000000 0.077703 0.000000 0.000000 0.077703 0.000000 0.000000 0.077703 0.000000 0.000000 0.077703 0.000000 0.000000
0 0.54041386 0.09797297 0.060861483 0.1847147 0.077703 0.000000 0.000000 0.077703 0.000000 0.000000 0.077703 0.000000 0.000000 0.077703 0.000000 0.000000 0.077703 0.000000 0.000000 0.077703 0.000000 0.000000 0.077703 0.000000 0.000000 0.077703 0.000000 0.000000 0.077703 0.000000 0.000000 0.077703 0.000000 0.000000 0.077703 0.000000 0.000000 0.077703 0.000000 0.000000 0.077703 0.000000 0.000000 0.077703 0.000000 0.000000 0.077703 0.000000 0.000000 0.077703 0.000000 0.000000 0.077703 0.000000 0.000000
0 0.6112246 0.58867866 0.089104734 0.24636637 0.077703 0.000000 0.000000 0.077703 0.000000 0.000000 0.077703 0.000000 0.000000 0.604730 0.486486 2.000000 0.077703 0.000000 0.000000 0.606419 0.513514 2.000000 0.625000 0.504505 2.000000 0.594595 0.549550 2.000000 0.077703 0.000000 0.000000 0.582770 0.543544 2.000000 0.077703 0.000000 0.000000 0.621622 0.570571 2.000000 0.636824 0.564565 2.000000 0.621622 0.636637 2.000000 0.633446 0.630631 2.000000 0.630068 0.699700 2.000000 0.646959 0.687688 2.000000
0 0.5198564 0.59926426 0.06863176 0.23780781 0.077703 0.000000 0.000000 0.077703 0.000000 0.000000 0.077703 0.000000 0.000000 0.506757 0.486486 1.000000 0.520270 0.483483 1.000000 0.498311 0.510511 2.000000 0.528716 0.507508 2.000000 0.077703 0.000000 0.000000 0.077703 0.000000 0.000000 0.077703 0.000000 0.000000 0.077703 0.000000 0.000000 0.506757 0.588589 2.000000 0.523649 0.582583 2.000000 0.513514 0.633634 2.000000 0.535473 0.627628 2.000000 0.515203 0.690691 2.000000 0.537162 0.678679 2.000000
0 0.12277028 0.085975975 0.037736487 0.17195195 0.077703 0.000000 0.000000 0.077703 0.000000 0.000000 0.077703 0.000000 0.000000 0.077703 0.000000 0.000000 0.077703 0.000000 0.000000 0.077703 0.000000 0.000000 0.077703 0.000000 0.000000 0.077703 0.000000 0.000000 0.077703 0.000000 0.000000 0.077703 0.000000 0.000000 0.077703 0.000000 0.000000 0.077703 0.000000 0.000000 0.077703 0.000000 0.000000 0.077703 0.000000 0.000000 0.077703 0.000000 0.000000 0.077703 0.000000 0.000000 0.077703 0.000000 0.000000
0 0.35096282 0.03635135 0.032466214 0.0727027 0.077703 0.000000 0.000000 0.077703 0.000000 0.000000 0.077703 0.000000 0.000000 0.077703 0.000000 0.000000 0.077703 0.000000 0.000000 0.077703 0.000000 0.000000 0.077703 0.000000 0.000000 0.077703 0.000000 0.000000 0.077703 0.000000 0.000000 0.077703 0.000000 0.000000 0.077703 0.000000 0.000000 0.077703 0.000000 0.000000 0.077703 0.000000 0.000000 0.077703 0.000000 0.000000 0.077703 0.000000 0.000000 0.077703 0.000000 0.000000 0.077703 0.000000 0.000000
0 0.4072213 0.056801803 0.049408782 0.11096096 0.077703 0.000000 0.000000 0.077703 0.000000 0.000000 0.077703 0.000000 0.000000 0.077703 0.000000 0.000000 0.077703 0.000000 0.000000 0.077703 0.000000 0.000000 0.077703 0.000000 0.000000 0.077703 0.000000 0.000000 0.077703 0.000000 0.000000 0.077703 0.000000 0.000000 0.077703 0.000000 0.000000 0.077703 0.000000 0.000000 0.077703 0.000000 0.000000 0.077703 0.000000 0.000000 0.077703 0.000000 0.000000 0.077703 0.000000 0.000000 0.077703 0.000000 0.000000
0 0.58337 0.041696697 0.023868242 0.083393395 0.077703 0.000000 0.000000 0.077703 0.000000 0.000000 0.077703 0.000000 0.000000 0.077703 0.000000 0.000000 0.077703 0.000000 0.000000 0.077703 0.000000 0.000000 0.077703 0.000000 0.000000 0.077703 0.000000 0.000000 0.077703 0.000000 0.000000 0.077703 0.000000 0.000000 0.077703 0.000000 0.000000 0.077703 0.000000 0.000000 0.077703 0.000000 0.000000 0.077703 0.000000 0.000000 0.077703 0.000000 0.000000 0.077703 0.000000 0.000000 0.077703 0.000000 0.000000
0 0.56790537 0.5776427 0.06496622 0.24555553 0.540541 0.480480 1.000000 0.542230 0.477477 2.000000 0.077703 0.000000 0.000000 0.548986 0.474474 2.000000 0.077703 0.000000 0.000000 0.550676 0.492492 2.000000 0.565878 0.480480 2.000000 0.077703 0.000000 0.000000 0.077703 0.000000 0.000000 0.077703 0.000000 0.000000 0.077703 0.000000 0.000000 0.562500 0.546547 2.000000 0.577703 0.540541 1.000000 0.560811 0.612613 2.000000 0.576014 0.606607 2.000000 0.569257 0.672673 2.000000 0.589527 0.663664 2.000000
0 0.47166386 0.5943694 0.048597973 0.23102102 0.077703 0.000000 0.000000 0.077703 0.000000 0.000000 0.077703 0.000000 0.000000 0.077703 0.000000 0.000000 0.077703 0.000000 0.000000 0.461149 0.510511 1.000000 0.481419 0.507508 2.000000 0.077703 0.000000 0.000000 0.077703 0.000000 0.000000 0.077703 0.000000 0.000000 0.077703 0.000000 0.000000 0.462838 0.573574 2.000000 0.479730 0.573574 2.000000 0.459459 0.633634 2.000000 0.483108 0.624625 2.000000 0.451014 0.684685 2.000000 0.479730 0.678679 2.000000
0 0.44508448 0.57280785 0.061081078 0.2588889 0.077703 0.000000 0.000000 0.077703 0.000000 0.000000 0.077703 0.000000 0.000000 0.077703 0.000000 0.000000 0.077703 0.000000 0.000000 0.077703 0.000000 0.000000 0.077703 0.000000 0.000000 0.077703 0.000000 0.000000 0.077703 0.000000 0.000000 0.077703 0.000000 0.000000 0.077703 0.000000 0.000000 0.077703 0.000000 0.000000 0.077703 0.000000 0.000000 0.077703 0.000000 0.000000 0.077703 0.000000 0.000000 0.077703 0.000000 0.000000 0.077703 0.000000 0.000000
0 0.50337833 0.36186188 0.6824324 0.72372377 0.077703 0.000000 0.000000 0.077703 0.000000 0.000000 0.077703 0.000000 0.000000 0.077703 0.000000 0.000000 0.077703 0.000000 0.000000 0.077703 0.000000 0.000000 0.077703 0.000000 0.000000 0.077703 0.000000 0.000000 0.077703 0.000000 0.000000 0.077703 0.000000 0.000000 0.077703 0.000000 0.000000 0.077703 0.000000 0.000000 0.077703 0.000000 0.000000 0.077703 0.000000 0.000000 0.077703 0.000000 0.000000 0.077703 0.000000 0.000000 0.077703 0.000000 0.000000