0 0.25466043 0.57416856 0.09519029 0.31142855 0.078454 0.000000 0.000000 0.078454 0.000000 0.000000 0.078454 0.000000 0.000000 0.236534 0.442623 1.000000 0.254977 0.447307 1.000000 0.225995 0.475410 2.000000 0.261563 0.468384 2.000000 0.208870 0.522248 2.000000 0.278689 0.522248 2.000000 0.219409 0.557377 2.000000 0.287910 0.555035 2.000000 0.235217 0.552693 2.000000 0.256294 0.550351 2.000000 0.248390 0.644028 2.000000 0.274737 0.637002 2.000000 0.253659 0.702576 2.000000 0.283958 0.695550 2.000000
0 0.3838576 0.62531614 0.07467945 0.4007026 0.078454 0.000000 0.000000 0.078454 0.000000 0.000000 0.078454 0.000000 0.000000 0.078454 0.000000 0.000000 0.381440 0.459016 2.000000 0.353776 0.498829 2.000000 0.398566 0.487119 1.000000 0.359046 0.573770 2.000000 0.410422 0.557377 2.000000 0.359046 0.625293 2.000000 0.410422 0.604215 2.000000 0.378806 0.599532 2.000000 0.398566 0.594848 2.000000 0.378806 0.716628 1.000000 0.398566 0.714286 2.000000 0.377488 0.793911 2.000000 0.397248 0.789227 2.000000
0 0.46187648 0.61932087 0.048451405 0.35686186 0.078454 0.000000 0.000000 0.078454 0.000000 0.000000 0.078454 0.000000 0.000000 0.447307 0.477752 2.000000 0.078454 0.000000 0.000000 0.449941 0.517564 2.000000 0.472336 0.505855 1.000000 0.444672 0.557377 2.000000 0.078454 0.000000 0.000000 0.443355 0.613583 2.000000 0.078454 0.000000 0.000000 0.460480 0.622951 2.000000 0.478923 0.620609 2.000000 0.464432 0.704918 2.000000 0.476288 0.695550 2.000000 0.469701 0.775176 2.000000 0.473653 0.763466 2.000000
0 0.54377484 0.599356 0.03980972 0.3514988 0.078454 0.000000 0.000000 0.078454 0.000000 0.000000 0.078454 0.000000 0.000000 0.530299 0.454333 2.000000 0.078454 0.000000 0.000000 0.531616 0.489461 2.000000 0.551376 0.482436 2.000000 0.078454 0.000000 0.000000 0.078454 0.000000 0.000000 0.078454 0.000000 0.000000 0.078454 0.000000 0.000000 0.538203 0.576112 1.000000 0.552693 0.566745 2.000000 0.543472 0.655738 1.000000 0.544789 0.637002 2.000000 0.552693 0.744731 2.000000 0.542155 0.718970 2.000000
0 0.6067104 0.5836183 0.056473944 0.33360654 0.078454 0.000000 0.000000 0.078454 0.000000 0.000000 0.078454 0.000000 0.000000 0.597482 0.447307 2.000000 0.613290 0.442623 2.000000 0.597482 0.487119 2.000000 0.622512 0.473068 2.000000 0.589578 0.548009 2.000000 0.078454 0.000000 0.000000 0.584309 0.587822 2.000000 0.078454 0.000000 0.000000 0.598800 0.580796 2.000000 0.621194 0.569087 2.000000 0.602752 0.653396 2.000000 0.617242 0.651054 2.000000 0.605386 0.723653 2.000000 0.615925 0.718970 2.000000
0 0.6769108 0.5808431 0.06421985 0.35583138 0.671253 0.444965 2.000000 0.673888 0.437939 2.000000 0.667301 0.437939 2.000000 0.078454 0.000000 0.000000 0.078454 0.000000 0.000000 0.689696 0.473068 2.000000 0.664666 0.475410 2.000000 0.691013 0.531616 2.000000 0.078454 0.000000 0.000000 0.683109 0.585480 2.000000 0.078454 0.000000 0.000000 0.673888 0.578454 2.000000 0.658080 0.571429 2.000000 0.673888 0.651054 2.000000 0.669936 0.646370 2.000000 0.668618 0.733021 2.000000 0.691013 0.704918 2.000000
0 0.76948625 0.5642389 0.044104215 0.28426227 0.781909 0.463700 2.000000 0.783226 0.459016 2.000000 0.780591 0.456674 2.000000 0.078454 0.000000 0.000000 0.078454 0.000000 0.000000 0.772687 0.475410 2.000000 0.759514 0.480094 2.000000 0.777957 0.519906 2.000000 0.772687 0.505855 2.000000 0.784543 0.557377 2.000000 0.776639 0.470726 2.000000 0.768735 0.548009 2.000000 0.759514 0.548009 1.000000 0.775322 0.625293 2.000000 0.759514 0.618267 2.000000 0.759514 0.655738 2.000000 0.755562 0.676815 2.000000
0 0.7270485 0.5811944 0.04604069 0.28594846 0.716042 0.461358 2.000000 0.717359 0.459016 2.000000 0.078454 0.000000 0.000000 0.725263 0.456674 2.000000 0.078454 0.000000 0.000000 0.726581 0.482436 2.000000 0.743706 0.482436 2.000000 0.701551 0.494145 1.000000 0.078454 0.000000 0.000000 0.706821 0.466042 1.000000 0.078454 0.000000 0.000000 0.726581 0.550351 2.000000 0.737119 0.548009 1.000000 0.731850 0.632318 2.000000 0.735802 0.622951 2.000000 0.739754 0.697892 2.000000 0.730533 0.688525 2.000000
0 0.87773126 0.57053864 0.071135834 0.2909602 0.871487 0.456674 2.000000 0.875439 0.451991 2.000000 0.870170 0.449649 2.000000 0.884660 0.454333 2.000000 0.078454 0.000000 0.000000 0.895199 0.487119 2.000000 0.863583 0.473068 2.000000 0.907055 0.536300 2.000000 0.851727 0.505855 2.000000 0.907055 0.566745 1.000000 0.849092 0.531616 2.000000 0.879391 0.566745 2.000000 0.860949 0.562061 2.000000 0.875439 0.627635 2.000000 0.856996 0.622951 2.000000 0.872804 0.686183 2.000000 0.856996 0.679157 2.000000
0 0.5050783 0.6395551 0.09277956 0.3959719 0.078454 0.000000 0.000000 0.078454 0.000000 0.000000 0.078454 0.000000 0.000000 0.078454 0.000000 0.000000 0.078454 0.000000 0.000000 0.488144 0.517564 2.000000 0.528981 0.508197 2.000000 0.461797 0.510539 2.000000 0.542155 0.484777 2.000000 0.480240 0.491803 2.000000 0.525029 0.470726 2.000000 0.498683 0.637002 2.000000 0.527664 0.634660 2.000000 0.506587 0.723653 2.000000 0.525029 0.721311 2.000000 0.511856 0.805621 2.000000 0.523712 0.798595 2.000000
0 0.79043174 0.57967216 0.042312644 0.23629977 0.781909 0.482436 1.000000 0.784543 0.475410 2.000000 0.781909 0.477752 1.000000 0.795082 0.477752 2.000000 0.078454 0.000000 0.000000 0.801669 0.508197 2.000000 0.780591 0.503513 1.000000 0.808255 0.557377 2.000000 0.078454 0.000000 0.000000 0.800351 0.587822 2.000000 0.078454 0.000000 0.000000 0.792447 0.576112 2.000000 0.776639 0.571429 1.000000 0.791130 0.627635 2.000000 0.775322 0.620609 1.000000 0.791130 0.681499 2.000000 0.774005 0.669789 2.000000
0 0.6419423 0.57681495 0.03443501 0.28224823 0.629098 0.459016 1.000000 0.078454 0.000000 0.000000 0.078454 0.000000 0.000000 0.638320 0.456674 2.000000 0.078454 0.000000 0.000000 0.647541 0.487119 2.000000 0.634368 0.489461 1.000000 0.648858 0.531616 2.000000 0.078454 0.000000 0.000000 0.648858 0.573770 2.000000 0.078454 0.000000 0.000000 0.640954 0.571429 2.000000 0.634368 0.569087 2.000000 0.647541 0.634660 2.000000 0.638320 0.632318 2.000000 0.651493 0.686183 2.000000 0.640954 0.672131 2.000000