0 0.20842578 0.6469271 0.14915626 0.4494375 0.125000 0.000000 0.000000 0.125000 0.000000 0.000000 0.125000 0.000000 0.000000 0.125000 0.000000 0.000000 0.256250 0.491667 2.000000 0.207031 0.506250 2.000000 0.236328 0.525000 2.000000 0.125000 0.000000 0.000000 0.207031 0.587500 1.000000 0.125000 0.000000 0.000000 0.211719 0.675000 2.000000 0.140234 0.610417 2.000000 0.170703 0.625000 2.000000 0.169531 0.712500 2.000000 0.201172 0.718750 2.000000 0.160156 0.841667 2.000000 0.169531 0.845833 2.000000
0 0.7026641 0.41123956 0.073312506 0.2741458 0.125000 0.000000 0.000000 0.125000 0.000000 0.000000 0.125000 0.000000 0.000000 0.125000 0.000000 0.000000 0.125000 0.000000 0.000000 0.726172 0.289583 2.000000 0.696875 0.293750 2.000000 0.722656 0.341667 2.000000 0.692187 0.337500 2.000000 0.708594 0.316667 2.000000 0.682813 0.312500 2.000000 0.725000 0.391667 2.000000 0.702734 0.393750 2.000000 0.725000 0.460417 2.000000 0.700391 0.462500 2.000000 0.717969 0.533333 2.000000 0.719141 0.522917 2.000000
0 0.6401036 0.27977085 0.046769533 0.20450002 0.635938 0.195833 2.000000 0.635938 0.191667 2.000000 0.632422 0.193750 2.000000 0.125000 0.000000 0.000000 0.626562 0.200000 2.000000 0.644141 0.212500 2.000000 0.623047 0.220833 2.000000 0.647656 0.237500 2.000000 0.618359 0.247917 2.000000 0.650000 0.260417 1.000000 0.620703 0.272917 1.000000 0.642969 0.272917 1.000000 0.627734 0.272917 1.000000 0.646484 0.312500 1.000000 0.631250 0.310417 2.000000 0.650000 0.350000 2.000000 0.632422 0.354167 2.000000
0 0.15533985 0.42696872 0.060679685 0.2741458 0.184766 0.322917 2.000000 0.125000 0.000000 0.000000 0.182422 0.316667 2.000000 0.125000 0.000000 0.000000 0.169531 0.318750 2.000000 0.125000 0.000000 0.000000 0.160156 0.370833 2.000000 0.125000 0.000000 0.000000 0.149609 0.454167 2.000000 0.125000 0.000000 0.000000 0.154297 0.514583 2.000000 0.125000 0.000000 0.000000 0.146094 0.472917 2.000000 0.125000 0.000000 0.000000 0.180078 0.539583 1.000000 0.125000 0.000000 0.000000 0.125000 0.000000 0.000000
0 0.43389457 0.36754167 0.08446875 0.31075 0.425000 0.245833 2.000000 0.125000 0.000000 0.000000 0.125000 0.000000 0.000000 0.125000 0.000000 0.000000 0.125000 0.000000 0.000000 0.441406 0.264583 1.000000 0.416797 0.266667 1.000000 0.440234 0.302083 2.000000 0.409766 0.289583 1.000000 0.409766 0.314583 2.000000 0.395703 0.304167 2.000000 0.443750 0.356250 1.000000 0.430859 0.356250 1.000000 0.443750 0.422917 2.000000 0.427344 0.425000 2.000000 0.443750 0.502083 2.000000 0.461328 0.483333 1.000000
0 0.7524746 0.3767083 0.07013671 0.35195833 0.753125 0.237500 2.000000 0.756641 0.231250 2.000000 0.749609 0.231250 2.000000 0.767187 0.233333 2.000000 0.125000 0.000000 0.000000 0.778906 0.272917 1.000000 0.744922 0.266667 1.000000 0.768359 0.308333 2.000000 0.730859 0.289583 2.000000 0.744922 0.310417 2.000000 0.725000 0.314583 2.000000 0.770703 0.381250 2.000000 0.750781 0.381250 2.000000 0.763672 0.443750 2.000000 0.758984 0.452083 2.000000 0.777734 0.520833 2.000000 0.766016 0.531250 2.000000
0 0.39353517 0.121729165 0.03384375 0.055666666 0.125000 0.000000 0.000000 0.125000 0.000000 0.000000 0.125000 0.000000 0.000000 0.125000 0.000000 0.000000 0.125000 0.000000 0.000000 0.125000 0.000000 0.000000 0.125000 0.000000 0.000000 0.125000 0.000000 0.000000 0.125000 0.000000 0.000000 0.125000 0.000000 0.000000 0.125000 0.000000 0.000000 0.125000 0.000000 0.000000 0.125000 0.000000 0.000000 0.125000 0.000000 0.000000 0.125000 0.000000 0.000000 0.125000 0.000000 0.000000 0.125000 0.000000 0.000000
0 0.5646582 0.3677292 0.08110547 0.269625 0.125000 0.000000 0.000000 0.125000 0.000000 0.000000 0.125000 0.000000 0.000000 0.125000 0.000000 0.000000 0.125000 0.000000 0.000000 0.589063 0.304167 2.000000 0.552734 0.287500 1.000000 0.584375 0.356250 2.000000 0.533984 0.312500 2.000000 0.569141 0.372917 2.000000 0.535156 0.339583 2.000000 0.569141 0.389583 2.000000 0.544531 0.381250 2.000000 0.577344 0.452083 2.000000 0.544531 0.452083 1.000000 0.591406 0.520833 1.000000 0.125000 0.000000 0.000000
0 0.81596094 0.3623125 0.058875002 0.38929167 0.808203 0.210417 2.000000 0.810547 0.204167 2.000000 0.805859 0.204167 2.000000 0.821094 0.202083 2.000000 0.125000 0.000000 0.000000 0.830469 0.237500 2.000000 0.804688 0.241667 2.000000 0.835156 0.297917 1.000000 0.796484 0.293750 2.000000 0.803516 0.312500 2.000000 0.788281 0.308333 2.000000 0.824609 0.350000 2.000000 0.808203 0.347917 2.000000 0.825781 0.445833 2.000000 0.809375 0.443750 2.000000 0.832812 0.531250 2.000000 0.819922 0.527083 2.000000
0 0.8532266 0.33121875 0.043546874 0.26252082 0.856250 0.239583 2.000000 0.860937 0.233333 2.000000 0.852734 0.233333 2.000000 0.870313 0.231250 2.000000 0.125000 0.000000 0.000000 0.125000 0.000000 0.000000 0.849219 0.270833 1.000000 0.125000 0.000000 0.000000 0.825781 0.291667 1.000000 0.856250 0.314583 2.000000 0.838672 0.306250 2.000000 0.125000 0.000000 0.000000 0.866797 0.385417 2.000000 0.125000 0.000000 0.000000 0.125000 0.000000 0.000000 0.125000 0.000000 0.000000 0.125000 0.000000 0.000000
0 0.59525 0.20226042 0.030328125 0.07652084 0.125000 0.000000 0.000000 0.125000 0.000000 0.000000 0.125000 0.000000 0.000000 0.125000 0.000000 0.000000 0.125000 0.000000 0.000000 0.125000 0.000000 0.000000 0.125000 0.000000 0.000000 0.125000 0.000000 0.000000 0.125000 0.000000 0.000000 0.125000 0.000000 0.000000 0.125000 0.000000 0.000000 0.125000 0.000000 0.000000 0.125000 0.000000 0.000000 0.125000 0.000000 0.000000 0.125000 0.000000 0.000000 0.125000 0.000000 0.000000 0.125000 0.000000 0.000000
0 0.46949023 0.27793747 0.046910156 0.14070833 0.469531 0.239583 2.000000 0.471875 0.233333 2.000000 0.466016 0.235417 2.000000 0.478906 0.235417 2.000000 0.462500 0.241667 2.000000 0.484766 0.256250 2.000000 0.458984 0.260417 1.000000 0.480078 0.306250 2.000000 0.450781 0.302083 2.000000 0.460156 0.308333 2.000000 0.464844 0.310417 2.000000 0.483594 0.362500 1.000000 0.466016 0.364583 1.000000 0.125000 0.000000 0.000000 0.125000 0.000000 0.000000 0.125000 0.000000 0.000000 0.125000 0.000000 0.000000
0 0.4716992 0.19218752 0.03421875 0.06083334 0.125000 0.000000 0.000000 0.125000 0.000000 0.000000 0.125000 0.000000 0.000000 0.125000 0.000000 0.000000 0.125000 0.000000 0.000000 0.125000 0.000000 0.000000 0.125000 0.000000 0.000000 0.125000 0.000000 0.000000 0.125000 0.000000 0.000000 0.125000 0.000000 0.000000 0.125000 0.000000 0.000000 0.125000 0.000000 0.000000 0.125000 0.000000 0.000000 0.125000 0.000000 0.000000 0.125000 0.000000 0.000000 0.125000 0.000000 0.000000 0.125000 0.000000 0.000000
0 0.49941406 0.48125 0.7488281 0.9625 0.125000 0.000000 0.000000 0.125000 0.000000 0.000000 0.125000 0.000000 0.000000 0.125000 0.000000 0.000000 0.125000 0.000000 0.000000 0.125000 0.000000 0.000000 0.125000 0.000000 0.000000 0.125000 0.000000 0.000000 0.125000 0.000000 0.000000 0.125000 0.000000 0.000000 0.125000 0.000000 0.000000 0.125000 0.000000 0.000000 0.125000 0.000000 0.000000 0.125000 0.000000 0.000000 0.125000 0.000000 0.000000 0.125000 0.000000 0.000000 0.125000 0.000000 0.000000