0 0.16961329 0.15277083 0.038484376 0.15841666 0.125000 0.000000 0.000000 0.125000 0.000000 0.000000 0.125000 0.000000 0.000000 0.125000 0.000000 0.000000 0.125000 0.000000 0.000000 0.125000 0.000000 0.000000 0.125000 0.000000 0.000000 0.125000 0.000000 0.000000 0.125000 0.000000 0.000000 0.125000 0.000000 0.000000 0.125000 0.000000 0.000000 0.125000 0.000000 0.000000 0.125000 0.000000 0.000000 0.125000 0.000000 0.000000 0.125000 0.000000 0.000000 0.125000 0.000000 0.000000 0.125000 0.000000 0.000000
0 0.28779098 0.1049375 0.043300785 0.16995834 0.304297 0.047917 2.000000 0.125000 0.000000 0.000000 0.304297 0.041667 2.000000 0.125000 0.000000 0.000000 0.298438 0.037500 2.000000 0.284375 0.050000 2.000000 0.293750 0.050000 2.000000 0.273828 0.081250 2.000000 0.300781 0.081250 2.000000 0.125000 0.000000 0.000000 0.305469 0.060417 2.000000 0.283203 0.112500 2.000000 0.296094 0.112500 2.000000 0.125000 0.000000 0.000000 0.293750 0.166667 2.000000 0.125000 0.000000 0.000000 0.125000 0.000000 0.000000
0 0.24248046 0.25023955 0.046242185 0.24185415 0.244531 0.160417 2.000000 0.125000 0.000000 0.000000 0.241016 0.154167 2.000000 0.125000 0.000000 0.000000 0.235156 0.150000 2.000000 0.235156 0.181250 2.000000 0.228125 0.185417 1.000000 0.238672 0.202083 2.000000 0.229297 0.214583 1.000000 0.251563 0.195833 2.000000 0.251563 0.210417 2.000000 0.235156 0.262500 2.000000 0.230469 0.262500 2.000000 0.236328 0.314583 2.000000 0.230469 0.316667 2.000000 0.236328 0.360417 2.000000 0.231641 0.364583 2.000000
0 0.330207 0.13158333 0.053109374 0.16979167 0.125000 0.000000 0.000000 0.125000 0.000000 0.000000 0.125000 0.000000 0.000000 0.125000 0.000000 0.000000 0.328906 0.068750 2.000000 0.339453 0.083333 2.000000 0.314844 0.089583 2.000000 0.352344 0.093750 2.000000 0.313672 0.127083 2.000000 0.342969 0.075000 2.000000 0.125000 0.000000 0.000000 0.337109 0.145833 2.000000 0.325391 0.150000 2.000000 0.125000 0.000000 0.000000 0.125000 0.000000 0.000000 0.125000 0.000000 0.000000 0.125000 0.000000 0.000000
0 0.20952734 0.269625 0.053812496 0.2445 0.214062 0.177083 2.000000 0.216406 0.175000 2.000000 0.211719 0.175000 2.000000 0.125000 0.000000 0.000000 0.125000 0.000000 0.000000 0.219922 0.179167 2.000000 0.200000 0.179167 2.000000 0.231641 0.212500 2.000000 0.192969 0.216667 2.000000 0.223438 0.218750 2.000000 0.211719 0.218750 2.000000 0.212891 0.256250 2.000000 0.198828 0.256250 2.000000 0.211719 0.318750 2.000000 0.201172 0.320833 2.000000 0.210547 0.370833 1.000000 0.200000 0.372917 1.000000
0 0.5529688 0.18555209 0.030960938 0.081229165 0.125000 0.000000 0.000000 0.125000 0.000000 0.000000 0.125000 0.000000 0.000000 0.125000 0.000000 0.000000 0.125000 0.000000 0.000000 0.125000 0.000000 0.000000 0.125000 0.000000 0.000000 0.125000 0.000000 0.000000 0.125000 0.000000 0.000000 0.125000 0.000000 0.000000 0.125000 0.000000 0.000000 0.125000 0.000000 0.000000 0.125000 0.000000 0.000000 0.125000 0.000000 0.000000 0.125000 0.000000 0.000000 0.125000 0.000000 0.000000 0.125000 0.000000 0.000000
0 0.5762071 0.17559373 0.029414063 0.092020825 0.125000 0.000000 0.000000 0.125000 0.000000 0.000000 0.125000 0.000000 0.000000 0.125000 0.000000 0.000000 0.125000 0.000000 0.000000 0.125000 0.000000 0.000000 0.125000 0.000000 0.000000 0.125000 0.000000 0.000000 0.125000 0.000000 0.000000 0.125000 0.000000 0.000000 0.125000 0.000000 0.000000 0.125000 0.000000 0.000000 0.125000 0.000000 0.000000 0.125000 0.000000 0.000000 0.125000 0.000000 0.000000 0.125000 0.000000 0.000000 0.125000 0.000000 0.000000
0 0.4292715 0.20175 0.039832033 0.086958334 0.125000 0.000000 0.000000 0.125000 0.000000 0.000000 0.125000 0.000000 0.000000 0.125000 0.000000 0.000000 0.125000 0.000000 0.000000 0.125000 0.000000 0.000000 0.125000 0.000000 0.000000 0.125000 0.000000 0.000000 0.125000 0.000000 0.000000 0.125000 0.000000 0.000000 0.125000 0.000000 0.000000 0.125000 0.000000 0.000000 0.125000 0.000000 0.000000 0.125000 0.000000 0.000000 0.125000 0.000000 0.000000 0.125000 0.000000 0.000000 0.125000 0.000000 0.000000
0 0.35033986 0.17008333 0.023859376 0.08516667 0.125000 0.000000 0.000000 0.125000 0.000000 0.000000 0.125000 0.000000 0.000000 0.125000 0.000000 0.000000 0.125000 0.000000 0.000000 0.125000 0.000000 0.000000 0.125000 0.000000 0.000000 0.125000 0.000000 0.000000 0.125000 0.000000 0.000000 0.125000 0.000000 0.000000 0.125000 0.000000 0.000000 0.125000 0.000000 0.000000 0.125000 0.000000 0.000000 0.125000 0.000000 0.000000 0.125000 0.000000 0.000000 0.125000 0.000000 0.000000 0.125000 0.000000 0.000000
0 0.59700197 0.25246876 0.034652345 0.17664583 0.125000 0.000000 0.000000 0.125000 0.000000 0.000000 0.125000 0.000000 0.000000 0.125000 0.000000 0.000000 0.603125 0.185417 2.000000 0.605469 0.200000 2.000000 0.585547 0.191667 2.000000 0.125000 0.000000 0.000000 0.584375 0.225000 2.000000 0.125000 0.000000 0.000000 0.597266 0.247917 2.000000 0.604297 0.262500 1.000000 0.591406 0.262500 1.000000 0.125000 0.000000 0.000000 0.125000 0.000000 0.000000 0.125000 0.000000 0.000000 0.125000 0.000000 0.000000
0 0.72128516 0.2812083 0.022476561 0.11245833 0.125000 0.000000 0.000000 0.125000 0.000000 0.000000 0.125000 0.000000 0.000000 0.125000 0.000000 0.000000 0.125000 0.000000 0.000000 0.125000 0.000000 0.000000 0.125000 0.000000 0.000000 0.125000 0.000000 0.000000 0.125000 0.000000 0.000000 0.125000 0.000000 0.000000 0.125000 0.000000 0.000000 0.125000 0.000000 0.000000 0.125000 0.000000 0.000000 0.125000 0.000000 0.000000 0.125000 0.000000 0.000000 0.125000 0.000000 0.000000 0.125000 0.000000 0.000000
0 0.38090235 0.15784375 0.038179692 0.10660416 0.125000 0.000000 0.000000 0.125000 0.000000 0.000000 0.125000 0.000000 0.000000 0.125000 0.000000 0.000000 0.125000 0.000000 0.000000 0.125000 0.000000 0.000000 0.125000 0.000000 0.000000 0.125000 0.000000 0.000000 0.125000 0.000000 0.000000 0.125000 0.000000 0.000000 0.125000 0.000000 0.000000 0.125000 0.000000 0.000000 0.125000 0.000000 0.000000 0.125000 0.000000 0.000000 0.125000 0.000000 0.000000 0.125000 0.000000 0.000000 0.125000 0.000000 0.000000
0 0.42046484 0.15901041 0.027749998 0.050312497 0.125000 0.000000 0.000000 0.125000 0.000000 0.000000 0.125000 0.000000 0.000000 0.125000 0.000000 0.000000 0.125000 0.000000 0.000000 0.125000 0.000000 0.000000 0.125000 0.000000 0.000000 0.125000 0.000000 0.000000 0.125000 0.000000 0.000000 0.125000 0.000000 0.000000 0.125000 0.000000 0.000000 0.125000 0.000000 0.000000 0.125000 0.000000 0.000000 0.125000 0.000000 0.000000 0.125000 0.000000 0.000000 0.125000 0.000000 0.000000 0.125000 0.000000 0.000000
0 0.49941406 0.36979166 0.7488281 0.7395833 0.125000 0.000000 0.000000 0.125000 0.000000 0.000000 0.125000 0.000000 0.000000 0.125000 0.000000 0.000000 0.125000 0.000000 0.000000 0.125000 0.000000 0.000000 0.125000 0.000000 0.000000 0.125000 0.000000 0.000000 0.125000 0.000000 0.000000 0.125000 0.000000 0.000000 0.125000 0.000000 0.000000 0.125000 0.000000 0.000000 0.125000 0.000000 0.000000 0.125000 0.000000 0.000000 0.125000 0.000000 0.000000 0.125000 0.000000 0.000000 0.125000 0.000000 0.000000