0 0.71165216 0.60785884 0.22625735 0.5730353 0.666765 0.428235 2.000000 0.676029 0.411765 2.000000 0.076471 0.000000 0.000000 0.714412 0.425882 2.000000 0.076471 0.000000 0.000000 0.751471 0.522353 2.000000 0.698529 0.491765 2.000000 0.713088 0.675294 2.000000 0.668088 0.574118 2.000000 0.638971 0.644706 2.000000 0.633676 0.600000 2.000000 0.781912 0.755294 2.000000 0.731618 0.734118 2.000000 0.076471 0.000000 0.000000 0.076471 0.000000 0.000000 0.076471 0.000000 0.000000 0.076471 0.000000 0.000000
0 0.15610075 0.47716472 0.13620442 0.34214118 0.149265 0.352941 2.000000 0.151912 0.341176 2.000000 0.076471 0.000000 0.000000 0.166471 0.336471 2.000000 0.076471 0.000000 0.000000 0.171765 0.383529 2.000000 0.185000 0.369412 2.000000 0.146618 0.463529 2.000000 0.143971 0.442353 2.000000 0.112206 0.461176 2.000000 0.109559 0.454118 2.000000 0.194265 0.508235 2.000000 0.211471 0.484706 2.000000 0.125441 0.531765 2.000000 0.138676 0.512941 2.000000 0.146618 0.614118 2.000000 0.147941 0.597647 2.000000
0 0.64719635 0.44749418 0.044960298 0.22482355 0.642941 0.402353 2.000000 0.649559 0.388235 2.000000 0.637647 0.388235 2.000000 0.664118 0.392941 2.000000 0.076471 0.000000 0.000000 0.666765 0.440000 1.000000 0.076471 0.000000 0.000000 0.657500 0.552941 1.000000 0.076471 0.000000 0.000000 0.624412 0.574118 1.000000 0.076471 0.000000 0.000000 0.076471 0.000000 0.000000 0.076471 0.000000 0.000000 0.076471 0.000000 0.000000 0.076471 0.000000 0.000000 0.076471 0.000000 0.000000 0.076471 0.000000 0.000000
0 0.5587052 0.41188237 0.15587206 0.26644707 0.513235 0.320000 2.000000 0.518529 0.310588 2.000000 0.510588 0.312941 2.000000 0.529118 0.317647 2.000000 0.505294 0.312941 2.000000 0.542353 0.355294 2.000000 0.490735 0.352941 2.000000 0.547647 0.418824 1.000000 0.488088 0.418824 1.000000 0.513235 0.411765 1.000000 0.529118 0.430588 1.000000 0.531765 0.447059 1.000000 0.500000 0.447059 1.000000 0.076471 0.000000 0.000000 0.076471 0.000000 0.000000 0.076471 0.000000 0.000000 0.076471 0.000000 0.000000
0 0.45849416 0.41681176 0.09712059 0.22143531 0.456324 0.362353 2.000000 0.076471 0.000000 0.000000 0.448382 0.352941 2.000000 0.076471 0.000000 0.000000 0.428529 0.367059 2.000000 0.435147 0.407059 2.000000 0.410000 0.416471 1.000000 0.457647 0.487059 2.000000 0.448382 0.520000 1.000000 0.076471 0.000000 0.000000 0.472206 0.444706 2.000000 0.076471 0.000000 0.000000 0.076471 0.000000 0.000000 0.076471 0.000000 0.000000 0.076471 0.000000 0.000000 0.076471 0.000000 0.000000 0.076471 0.000000 0.000000
0 0.60328823 0.3830824 0.04497353 0.16202353 0.076471 0.000000 0.000000 0.076471 0.000000 0.000000 0.076471 0.000000 0.000000 0.076471 0.000000 0.000000 0.076471 0.000000 0.000000 0.076471 0.000000 0.000000 0.076471 0.000000 0.000000 0.076471 0.000000 0.000000 0.076471 0.000000 0.000000 0.076471 0.000000 0.000000 0.076471 0.000000 0.000000 0.076471 0.000000 0.000000 0.076471 0.000000 0.000000 0.076471 0.000000 0.000000 0.076471 0.000000 0.000000 0.076471 0.000000 0.000000 0.076471 0.000000 0.000000
0 0.2649015 0.34770593 0.034888234 0.05861177 0.076471 0.000000 0.000000 0.076471 0.000000 0.000000 0.076471 0.000000 0.000000 0.076471 0.000000 0.000000 0.076471 0.000000 0.000000 0.076471 0.000000 0.000000 0.076471 0.000000 0.000000 0.076471 0.000000 0.000000 0.076471 0.000000 0.000000 0.076471 0.000000 0.000000 0.076471 0.000000 0.000000 0.076471 0.000000 0.000000 0.076471 0.000000 0.000000 0.076471 0.000000 0.000000 0.076471 0.000000 0.000000 0.076471 0.000000 0.000000 0.076471 0.000000 0.000000
0 0.23381838 0.37865883 0.042286765 0.10936471 0.076471 0.000000 0.000000 0.076471 0.000000 0.000000 0.076471 0.000000 0.000000 0.076471 0.000000 0.000000 0.076471 0.000000 0.000000 0.076471 0.000000 0.000000 0.076471 0.000000 0.000000 0.076471 0.000000 0.000000 0.076471 0.000000 0.000000 0.076471 0.000000 0.000000 0.076471 0.000000 0.000000 0.076471 0.000000 0.000000 0.076471 0.000000 0.000000 0.076471 0.000000 0.000000 0.076471 0.000000 0.000000 0.076471 0.000000 0.000000 0.076471 0.000000 0.000000
0 0.6533838 0.50569415 0.04391471 0.1316706 0.076471 0.000000 0.000000 0.076471 0.000000 0.000000 0.076471 0.000000 0.000000 0.076471 0.000000 0.000000 0.076471 0.000000 0.000000 0.076471 0.000000 0.000000 0.076471 0.000000 0.000000 0.076471 0.000000 0.000000 0.076471 0.000000 0.000000 0.076471 0.000000 0.000000 0.076471 0.000000 0.000000 0.076471 0.000000 0.000000 0.076471 0.000000 0.000000 0.076471 0.000000 0.000000 0.076471 0.000000 0.000000 0.076471 0.000000 0.000000 0.076471 0.000000 0.000000
0 0.42516103 0.5025647 0.20256619 0.4064941 0.387500 0.402353 2.000000 0.396765 0.381176 2.000000 0.376912 0.381176 2.000000 0.411324 0.371765 2.000000 0.366324 0.369412 1.000000 0.407353 0.416471 2.000000 0.367647 0.447059 2.000000 0.443088 0.517647 2.000000 0.419265 0.571765 2.000000 0.427206 0.569412 2.000000 0.490735 0.550588 2.000000 0.396765 0.621176 2.000000 0.368971 0.640000 2.000000 0.440441 0.640000 1.000000 0.433824 0.703529 1.000000 0.076471 0.000000 0.000000 0.076471 0.000000 0.000000
0 0.2844103 0.7063765 0.26166177 0.5640471 0.076471 0.000000 0.000000 0.076471 0.000000 0.000000 0.076471 0.000000 0.000000 0.076471 0.000000 0.000000 0.318676 0.597647 2.000000 0.245882 0.595294 2.000000 0.240588 0.755294 2.000000 0.076471 0.000000 0.000000 0.384853 0.884706 2.000000 0.076471 0.000000 0.000000 0.313382 0.684706 2.000000 0.285588 0.887059 1.000000 0.277647 0.967059 1.000000 0.076471 0.000000 0.000000 0.076471 0.000000 0.000000 0.076471 0.000000 0.000000 0.076471 0.000000 0.000000
0 0.28895 0.39736474 0.08293235 0.11058824 0.323971 0.425882 2.000000 0.320000 0.409412 2.000000 0.318676 0.418824 2.000000 0.257794 0.369412 2.000000 0.300147 0.425882 1.000000 0.076471 0.000000 0.000000 0.076471 0.000000 0.000000 0.076471 0.000000 0.000000 0.076471 0.000000 0.000000 0.076471 0.000000 0.000000 0.076471 0.000000 0.000000 0.076471 0.000000 0.000000 0.076471 0.000000 0.000000 0.076471 0.000000 0.000000 0.076471 0.000000 0.000000 0.076471 0.000000 0.000000 0.076471 0.000000 0.000000
0 0.101975 0.39224705 0.048758823 0.10727059 0.076471 0.000000 0.000000 0.076471 0.000000 0.000000 0.076471 0.000000 0.000000 0.076471 0.000000 0.000000 0.076471 0.000000 0.000000 0.076471 0.000000 0.000000 0.076471 0.000000 0.000000 0.076471 0.000000 0.000000 0.076471 0.000000 0.000000 0.076471 0.000000 0.000000 0.076471 0.000000 0.000000 0.076471 0.000000 0.000000 0.076471 0.000000 0.000000 0.076471 0.000000 0.000000 0.076471 0.000000 0.000000 0.076471 0.000000 0.000000 0.076471 0.000000 0.000000