0 0.56062764 0.26484463 0.011520128 0.059406783 0.102754 0.000000 0.000000 0.102754 0.000000 0.000000 0.102754 0.000000 0.000000 0.102754 0.000000 0.000000 0.102754 0.000000 0.000000 0.102754 0.000000 0.000000 0.102754 0.000000 0.000000 0.102754 0.000000 0.000000 0.102754 0.000000 0.000000 0.102754 0.000000 0.000000 0.102754 0.000000 0.000000 0.102754 0.000000 0.000000 0.102754 0.000000 0.000000 0.102754 0.000000 0.000000 0.102754 0.000000 0.000000 0.102754 0.000000 0.000000 0.102754 0.000000 0.000000
0 0.2711229 0.38923728 0.011345339 0.08073446 0.102754 0.000000 0.000000 0.102754 0.000000 0.000000 0.102754 0.000000 0.000000 0.102754 0.000000 0.000000 0.102754 0.000000 0.000000 0.102754 0.000000 0.000000 0.102754 0.000000 0.000000 0.102754 0.000000 0.000000 0.102754 0.000000 0.000000 0.102754 0.000000 0.000000 0.102754 0.000000 0.000000 0.102754 0.000000 0.000000 0.102754 0.000000 0.000000 0.102754 0.000000 0.000000 0.102754 0.000000 0.000000 0.102754 0.000000 0.000000 0.102754 0.000000 0.000000
0 0.8089062 0.65516955 0.014729874 0.047514126 0.102754 0.000000 0.000000 0.102754 0.000000 0.000000 0.102754 0.000000 0.000000 0.102754 0.000000 0.000000 0.102754 0.000000 0.000000 0.102754 0.000000 0.000000 0.102754 0.000000 0.000000 0.102754 0.000000 0.000000 0.102754 0.000000 0.000000 0.102754 0.000000 0.000000 0.102754 0.000000 0.000000 0.102754 0.000000 0.000000 0.102754 0.000000 0.000000 0.102754 0.000000 0.000000 0.102754 0.000000 0.000000 0.102754 0.000000 0.000000 0.102754 0.000000 0.000000
0 0.15230669 0.48370057 0.016636653 0.08039548 0.102754 0.000000 0.000000 0.102754 0.000000 0.000000 0.102754 0.000000 0.000000 0.102754 0.000000 0.000000 0.102754 0.000000 0.000000 0.102754 0.000000 0.000000 0.102754 0.000000 0.000000 0.102754 0.000000 0.000000 0.102754 0.000000 0.000000 0.102754 0.000000 0.000000 0.102754 0.000000 0.000000 0.102754 0.000000 0.000000 0.102754 0.000000 0.000000 0.102754 0.000000 0.000000 0.102754 0.000000 0.000000 0.102754 0.000000 0.000000 0.102754 0.000000 0.000000
0 0.31690943 0.5060735 0.021371821 0.072090395 0.102754 0.000000 0.000000 0.102754 0.000000 0.000000 0.102754 0.000000 0.000000 0.102754 0.000000 0.000000 0.102754 0.000000 0.000000 0.102754 0.000000 0.000000 0.102754 0.000000 0.000000 0.102754 0.000000 0.000000 0.102754 0.000000 0.000000 0.102754 0.000000 0.000000 0.102754 0.000000 0.000000 0.102754 0.000000 0.000000 0.102754 0.000000 0.000000 0.102754 0.000000 0.000000 0.102754 0.000000 0.000000 0.102754 0.000000 0.000000 0.102754 0.000000 0.000000
0 0.23949419 0.5170056 0.014316738 0.056892656 0.102754 0.000000 0.000000 0.102754 0.000000 0.000000 0.102754 0.000000 0.000000 0.102754 0.000000 0.000000 0.102754 0.000000 0.000000 0.102754 0.000000 0.000000 0.102754 0.000000 0.000000 0.102754 0.000000 0.000000 0.102754 0.000000 0.000000 0.102754 0.000000 0.000000 0.102754 0.000000 0.000000 0.102754 0.000000 0.000000 0.102754 0.000000 0.000000 0.102754 0.000000 0.000000 0.102754 0.000000 0.000000 0.102754 0.000000 0.000000 0.102754 0.000000 0.000000
0 0.28736228 0.46327683 0.010614407 0.041864406 0.102754 0.000000 0.000000 0.102754 0.000000 0.000000 0.102754 0.000000 0.000000 0.102754 0.000000 0.000000 0.102754 0.000000 0.000000 0.102754 0.000000 0.000000 0.102754 0.000000 0.000000 0.102754 0.000000 0.000000 0.102754 0.000000 0.000000 0.102754 0.000000 0.000000 0.102754 0.000000 0.000000 0.102754 0.000000 0.000000 0.102754 0.000000 0.000000 0.102754 0.000000 0.000000 0.102754 0.000000 0.000000 0.102754 0.000000 0.000000 0.102754 0.000000 0.000000
0 0.64535224 0.89271194 0.021371821 0.09593221 0.102754 0.000000 0.000000 0.102754 0.000000 0.000000 0.102754 0.000000 0.000000 0.102754 0.000000 0.000000 0.102754 0.000000 0.000000 0.102754 0.000000 0.000000 0.102754 0.000000 0.000000 0.102754 0.000000 0.000000 0.102754 0.000000 0.000000 0.102754 0.000000 0.000000 0.102754 0.000000 0.000000 0.102754 0.000000 0.000000 0.102754 0.000000 0.000000 0.102754 0.000000 0.000000 0.102754 0.000000 0.000000 0.102754 0.000000 0.000000 0.102754 0.000000 0.000000
0 0.6466711 0.8381215 0.028554024 0.05076271 0.102754 0.000000 0.000000 0.102754 0.000000 0.000000 0.102754 0.000000 0.000000 0.102754 0.000000 0.000000 0.102754 0.000000 0.000000 0.102754 0.000000 0.000000 0.102754 0.000000 0.000000 0.102754 0.000000 0.000000 0.102754 0.000000 0.000000 0.102754 0.000000 0.000000 0.102754 0.000000 0.000000 0.102754 0.000000 0.000000 0.102754 0.000000 0.000000 0.102754 0.000000 0.000000 0.102754 0.000000 0.000000 0.102754 0.000000 0.000000 0.102754 0.000000 0.000000
0 0.44271716 0.27346045 0.015381357 0.04957627 0.102754 0.000000 0.000000 0.102754 0.000000 0.000000 0.102754 0.000000 0.000000 0.102754 0.000000 0.000000 0.102754 0.000000 0.000000 0.102754 0.000000 0.000000 0.102754 0.000000 0.000000 0.102754 0.000000 0.000000 0.102754 0.000000 0.000000 0.102754 0.000000 0.000000 0.102754 0.000000 0.000000 0.102754 0.000000 0.000000 0.102754 0.000000 0.000000 0.102754 0.000000 0.000000 0.102754 0.000000 0.000000 0.102754 0.000000 0.000000 0.102754 0.000000 0.000000
0 0.75961596 0.79882765 0.018670551 0.0729661 0.102754 0.000000 0.000000 0.102754 0.000000 0.000000 0.102754 0.000000 0.000000 0.102754 0.000000 0.000000 0.102754 0.000000 0.000000 0.102754 0.000000 0.000000 0.102754 0.000000 0.000000 0.102754 0.000000 0.000000 0.102754 0.000000 0.000000 0.102754 0.000000 0.000000 0.102754 0.000000 0.000000 0.102754 0.000000 0.000000 0.102754 0.000000 0.000000 0.102754 0.000000 0.000000 0.102754 0.000000 0.000000 0.102754 0.000000 0.000000 0.102754 0.000000 0.000000
0 0.85737026 0.49577686 0.008119704 0.043531075 0.102754 0.000000 0.000000 0.102754 0.000000 0.000000 0.102754 0.000000 0.000000 0.102754 0.000000 0.000000 0.102754 0.000000 0.000000 0.102754 0.000000 0.000000 0.102754 0.000000 0.000000 0.102754 0.000000 0.000000 0.102754 0.000000 0.000000 0.102754 0.000000 0.000000 0.102754 0.000000 0.000000 0.102754 0.000000 0.000000 0.102754 0.000000 0.000000 0.102754 0.000000 0.000000 0.102754 0.000000 0.000000 0.102754 0.000000 0.000000 0.102754 0.000000 0.000000
0 0.75120234 0.895452 0.02895127 0.07384181 0.102754 0.000000 0.000000 0.102754 0.000000 0.000000 0.102754 0.000000 0.000000 0.102754 0.000000 0.000000 0.102754 0.000000 0.000000 0.102754 0.000000 0.000000 0.102754 0.000000 0.000000 0.102754 0.000000 0.000000 0.102754 0.000000 0.000000 0.102754 0.000000 0.000000 0.102754 0.000000 0.000000 0.102754 0.000000 0.000000 0.102754 0.000000 0.000000 0.102754 0.000000 0.000000 0.102754 0.000000 0.000000 0.102754 0.000000 0.000000 0.102754 0.000000 0.000000
0 0.49920553 0.4985876 0.7929026 0.9971752 0.102754 0.000000 0.000000 0.102754 0.000000 0.000000 0.102754 0.000000 0.000000 0.102754 0.000000 0.000000 0.102754 0.000000 0.000000 0.102754 0.000000 0.000000 0.102754 0.000000 0.000000 0.102754 0.000000 0.000000 0.102754 0.000000 0.000000 0.102754 0.000000 0.000000 0.102754 0.000000 0.000000 0.102754 0.000000 0.000000 0.102754 0.000000 0.000000 0.102754 0.000000 0.000000 0.102754 0.000000 0.000000 0.102754 0.000000 0.000000 0.102754 0.000000 0.000000