0 0.39565623 0.7736797 0.025277345 0.10898437 0.289062 0.000000 0.000000 0.289062 0.000000 0.000000 0.289062 0.000000 0.000000 0.389258 0.728125 2.000000 0.395410 0.728125 2.000000 0.387500 0.739062 2.000000 0.401563 0.737500 2.000000 0.383984 0.754687 1.000000 0.405078 0.753125 2.000000 0.386621 0.768750 2.000000 0.404199 0.768750 2.000000 0.391016 0.770312 2.000000 0.400684 0.770312 2.000000 0.390137 0.796875 2.000000 0.399805 0.792188 2.000000 0.391895 0.817187 2.000000 0.401563 0.807813 2.000000
0 0.356334 0.77925 0.022781251 0.13140625 0.289062 0.000000 0.000000 0.289062 0.000000 0.000000 0.289062 0.000000 0.000000 0.289062 0.000000 0.000000 0.361133 0.726562 1.000000 0.349707 0.737500 2.000000 0.362012 0.737500 2.000000 0.347070 0.756250 2.000000 0.364648 0.754687 1.000000 0.289062 0.000000 0.000000 0.289062 0.000000 0.000000 0.352344 0.768750 2.000000 0.359375 0.768750 2.000000 0.353223 0.806250 2.000000 0.360254 0.796875 2.000000 0.353223 0.831250 2.000000 0.357617 0.821875 2.000000
0 0.33917332 0.7704297 0.019977538 0.107640624 0.338281 0.725000 2.000000 0.340039 0.723437 2.000000 0.337402 0.723437 2.000000 0.340918 0.725000 2.000000 0.336523 0.726562 2.000000 0.345313 0.737500 2.000000 0.333008 0.742188 2.000000 0.344434 0.753125 2.000000 0.331250 0.756250 2.000000 0.340039 0.745313 2.000000 0.335645 0.746875 2.000000 0.341797 0.765625 2.000000 0.334766 0.767187 2.000000 0.340918 0.787500 2.000000 0.333008 0.787500 2.000000 0.339160 0.810938 2.000000 0.333008 0.810938 2.000000
0 0.5029883 0.8413828 0.047812503 0.27292186 0.289062 0.000000 0.000000 0.289062 0.000000 0.000000 0.289062 0.000000 0.000000 0.482422 0.725000 2.000000 0.289062 0.000000 0.000000 0.483301 0.756250 2.000000 0.505273 0.745313 2.000000 0.481543 0.801562 1.000000 0.516699 0.787500 2.000000 0.289062 0.000000 0.000000 0.519336 0.823438 2.000000 0.495605 0.818750 2.000000 0.507910 0.814062 2.000000 0.500879 0.890625 2.000000 0.495605 0.887500 2.000000 0.508789 0.960938 2.000000 0.491211 0.942187 1.000000
0 0.37688723 0.7818594 0.021260742 0.11790624 0.289062 0.000000 0.000000 0.289062 0.000000 0.000000 0.289062 0.000000 0.000000 0.371680 0.734375 2.000000 0.378711 0.732813 2.000000 0.369043 0.750000 2.000000 0.381348 0.746875 2.000000 0.289062 0.000000 0.000000 0.289062 0.000000 0.000000 0.289062 0.000000 0.000000 0.289062 0.000000 0.000000 0.371680 0.779688 2.000000 0.380469 0.778125 2.000000 0.373437 0.807813 2.000000 0.382227 0.804688 2.000000 0.372559 0.829687 2.000000 0.380469 0.828125 2.000000
0 0.32094482 0.77216405 0.019239256 0.110703126 0.289062 0.000000 0.000000 0.289062 0.000000 0.000000 0.289062 0.000000 0.000000 0.289062 0.000000 0.000000 0.289062 0.000000 0.000000 0.289062 0.000000 0.000000 0.289062 0.000000 0.000000 0.289062 0.000000 0.000000 0.289062 0.000000 0.000000 0.289062 0.000000 0.000000 0.289062 0.000000 0.000000 0.289062 0.000000 0.000000 0.289062 0.000000 0.000000 0.289062 0.000000 0.000000 0.289062 0.000000 0.000000 0.289062 0.000000 0.000000 0.289062 0.000000 0.000000
0 0.33151367 0.72384375 0.00891211 0.030062499 0.289062 0.000000 0.000000 0.289062 0.000000 0.000000 0.289062 0.000000 0.000000 0.289062 0.000000 0.000000 0.289062 0.000000 0.000000 0.289062 0.000000 0.000000 0.289062 0.000000 0.000000 0.289062 0.000000 0.000000 0.289062 0.000000 0.000000 0.289062 0.000000 0.000000 0.289062 0.000000 0.000000 0.289062 0.000000 0.000000 0.289062 0.000000 0.000000 0.289062 0.000000 0.000000 0.289062 0.000000 0.000000 0.289062 0.000000 0.000000 0.289062 0.000000 0.000000
0 0.2971924 0.7721016 0.015679687 0.11420312 0.289062 0.000000 0.000000 0.289062 0.000000 0.000000 0.289062 0.000000 0.000000 0.289062 0.000000 0.000000 0.289062 0.000000 0.000000 0.289062 0.000000 0.000000 0.289062 0.000000 0.000000 0.289062 0.000000 0.000000 0.289062 0.000000 0.000000 0.289062 0.000000 0.000000 0.289062 0.000000 0.000000 0.289062 0.000000 0.000000 0.289062 0.000000 0.000000 0.289062 0.000000 0.000000 0.289062 0.000000 0.000000 0.289062 0.000000 0.000000 0.289062 0.000000 0.000000
0 0.3663623 0.77528125 0.009035156 0.100687504 0.289062 0.000000 0.000000 0.289062 0.000000 0.000000 0.289062 0.000000 0.000000 0.289062 0.000000 0.000000 0.289062 0.000000 0.000000 0.289062 0.000000 0.000000 0.289062 0.000000 0.000000 0.289062 0.000000 0.000000 0.289062 0.000000 0.000000 0.289062 0.000000 0.000000 0.289062 0.000000 0.000000 0.289062 0.000000 0.000000 0.289062 0.000000 0.000000 0.289062 0.000000 0.000000 0.289062 0.000000 0.000000 0.289062 0.000000 0.000000 0.289062 0.000000 0.000000
0 0.43190232 0.8651718 0.030339845 0.19774999 0.289062 0.000000 0.000000 0.289062 0.000000 0.000000 0.289062 0.000000 0.000000 0.289062 0.000000 0.000000 0.289062 0.000000 0.000000 0.426172 0.809375 2.000000 0.446387 0.803125 2.000000 0.420898 0.850000 2.000000 0.289062 0.000000 0.000000 0.423535 0.857813 2.000000 0.289062 0.000000 0.000000 0.431445 0.860937 2.000000 0.448145 0.857813 1.000000 0.436719 0.934375 1.000000 0.442871 0.910937 1.000000 0.289062 0.000000 0.000000 0.435840 0.973437 1.000000
0 0.30998045 0.7700391 0.013447266 0.090984374 0.289062 0.000000 0.000000 0.289062 0.000000 0.000000 0.289062 0.000000 0.000000 0.289062 0.000000 0.000000 0.289062 0.000000 0.000000 0.289062 0.000000 0.000000 0.289062 0.000000 0.000000 0.289062 0.000000 0.000000 0.289062 0.000000 0.000000 0.289062 0.000000 0.000000 0.289062 0.000000 0.000000 0.289062 0.000000 0.000000 0.289062 0.000000 0.000000 0.289062 0.000000 0.000000 0.289062 0.000000 0.000000 0.289062 0.000000 0.000000 0.289062 0.000000 0.000000
0 0.4660698 0.8655782 0.07112989 0.25890625 0.289062 0.000000 0.000000 0.289062 0.000000 0.000000 0.289062 0.000000 0.000000 0.289062 0.000000 0.000000 0.289062 0.000000 0.000000 0.449902 0.798437 2.000000 0.484180 0.796875 2.000000 0.442871 0.856250 2.000000 0.492090 0.857813 2.000000 0.438477 0.910937 2.000000 0.493848 0.912500 2.000000 0.462207 0.896875 2.000000 0.484180 0.892187 2.000000 0.460449 0.982813 2.000000 0.474512 0.967188 2.000000 0.289062 0.000000 0.000000 0.289062 0.000000 0.000000
0 0.34753612 0.7265547 0.009246094 0.021171875 0.289062 0.000000 0.000000 0.289062 0.000000 0.000000 0.289062 0.000000 0.000000 0.289062 0.000000 0.000000 0.289062 0.000000 0.000000 0.289062 0.000000 0.000000 0.289062 0.000000 0.000000 0.289062 0.000000 0.000000 0.289062 0.000000 0.000000 0.289062 0.000000 0.000000 0.289062 0.000000 0.000000 0.289062 0.000000 0.000000 0.289062 0.000000 0.000000 0.289062 0.000000 0.000000 0.289062 0.000000 0.000000 0.289062 0.000000 0.000000 0.289062 0.000000 0.000000