0 0.35965762 0.5108732 0.2048146 0.30452156 0.069378 0.000000 0.000000 0.069378 0.000000 0.000000 0.069378 0.000000 0.000000 0.069378 0.000000 0.000000 0.069378 0.000000 0.000000 0.396382 0.411483 2.000000 0.452901 0.483254 2.000000 0.342554 0.444976 2.000000 0.444827 0.569378 2.000000 0.311603 0.480861 2.000000 0.420604 0.617225 2.000000 0.364085 0.535885 2.000000 0.388307 0.583732 2.000000 0.325060 0.519139 2.000000 0.350628 0.574163 2.000000 0.288726 0.619617 2.000000 0.331788 0.624402 2.000000
0 0.9124417 0.44393542 0.02284988 0.046291865 0.069378 0.000000 0.000000 0.069378 0.000000 0.000000 0.069378 0.000000 0.000000 0.069378 0.000000 0.000000 0.069378 0.000000 0.000000 0.069378 0.000000 0.000000 0.069378 0.000000 0.000000 0.069378 0.000000 0.000000 0.069378 0.000000 0.000000 0.069378 0.000000 0.000000 0.069378 0.000000 0.000000 0.069378 0.000000 0.000000 0.069378 0.000000 0.000000 0.069378 0.000000 0.000000 0.069378 0.000000 0.000000 0.069378 0.000000 0.000000 0.069378 0.000000 0.000000
0 0.21621338 0.2229665 0.0046426435 0.01923445 0.069378 0.000000 0.000000 0.069378 0.000000 0.000000 0.069378 0.000000 0.000000 0.069378 0.000000 0.000000 0.069378 0.000000 0.000000 0.069378 0.000000 0.000000 0.069378 0.000000 0.000000 0.069378 0.000000 0.000000 0.069378 0.000000 0.000000 0.069378 0.000000 0.000000 0.069378 0.000000 0.000000 0.069378 0.000000 0.000000 0.069378 0.000000 0.000000 0.069378 0.000000 0.000000 0.069378 0.000000 0.000000 0.069378 0.000000 0.000000 0.069378 0.000000 0.000000
0 0.25988784 0.2230024 0.008020336 0.025382774 0.069378 0.000000 0.000000 0.069378 0.000000 0.000000 0.069378 0.000000 0.000000 0.069378 0.000000 0.000000 0.069378 0.000000 0.000000 0.069378 0.000000 0.000000 0.069378 0.000000 0.000000 0.069378 0.000000 0.000000 0.069378 0.000000 0.000000 0.069378 0.000000 0.000000 0.069378 0.000000 0.000000 0.069378 0.000000 0.000000 0.069378 0.000000 0.000000 0.069378 0.000000 0.000000 0.069378 0.000000 0.000000 0.069378 0.000000 0.000000 0.069378 0.000000 0.000000
0 0.4877475 0.52075356 0.018799342 0.026961723 0.069378 0.000000 0.000000 0.069378 0.000000 0.000000 0.069378 0.000000 0.000000 0.069378 0.000000 0.000000 0.069378 0.000000 0.000000 0.069378 0.000000 0.000000 0.069378 0.000000 0.000000 0.069378 0.000000 0.000000 0.069378 0.000000 0.000000 0.069378 0.000000 0.000000 0.069378 0.000000 0.000000 0.069378 0.000000 0.000000 0.069378 0.000000 0.000000 0.069378 0.000000 0.000000 0.069378 0.000000 0.000000 0.069378 0.000000 0.000000 0.069378 0.000000 0.000000
0 0.112608396 0.6246292 0.00822219 0.037918665 0.069378 0.000000 0.000000 0.069378 0.000000 0.000000 0.069378 0.000000 0.000000 0.069378 0.000000 0.000000 0.069378 0.000000 0.000000 0.069378 0.000000 0.000000 0.069378 0.000000 0.000000 0.069378 0.000000 0.000000 0.069378 0.000000 0.000000 0.069378 0.000000 0.000000 0.069378 0.000000 0.000000 0.069378 0.000000 0.000000 0.069378 0.000000 0.000000 0.069378 0.000000 0.000000 0.069378 0.000000 0.000000 0.069378 0.000000 0.000000 0.069378 0.000000 0.000000
0 0.25090536 0.22345693 0.0053693186 0.0165311 0.069378 0.000000 0.000000 0.069378 0.000000 0.000000 0.069378 0.000000 0.000000 0.069378 0.000000 0.000000 0.069378 0.000000 0.000000 0.069378 0.000000 0.000000 0.069378 0.000000 0.000000 0.069378 0.000000 0.000000 0.069378 0.000000 0.000000 0.069378 0.000000 0.000000 0.069378 0.000000 0.000000 0.069378 0.000000 0.000000 0.069378 0.000000 0.000000 0.069378 0.000000 0.000000 0.069378 0.000000 0.000000 0.069378 0.000000 0.000000 0.069378 0.000000 0.000000
0 0.07330741 0.6508493 0.007858852 0.034952153 0.069378 0.000000 0.000000 0.069378 0.000000 0.000000 0.069378 0.000000 0.000000 0.069378 0.000000 0.000000 0.069378 0.000000 0.000000 0.069378 0.000000 0.000000 0.069378 0.000000 0.000000 0.069378 0.000000 0.000000 0.069378 0.000000 0.000000 0.069378 0.000000 0.000000 0.069378 0.000000 0.000000 0.069378 0.000000 0.000000 0.069378 0.000000 0.000000 0.069378 0.000000 0.000000 0.069378 0.000000 0.000000 0.069378 0.000000 0.000000 0.069378 0.000000 0.000000
0 0.8925523 0.48604065 0.021504186 0.12595694 0.069378 0.000000 0.000000 0.069378 0.000000 0.000000 0.069378 0.000000 0.000000 0.069378 0.000000 0.000000 0.069378 0.000000 0.000000 0.069378 0.000000 0.000000 0.069378 0.000000 0.000000 0.069378 0.000000 0.000000 0.069378 0.000000 0.000000 0.069378 0.000000 0.000000 0.069378 0.000000 0.000000 0.069378 0.000000 0.000000 0.069378 0.000000 0.000000 0.069378 0.000000 0.000000 0.069378 0.000000 0.000000 0.069378 0.000000 0.000000 0.069378 0.000000 0.000000
0 0.923584 0.4863278 0.014075958 0.12456938 0.069378 0.000000 0.000000 0.069378 0.000000 0.000000 0.069378 0.000000 0.000000 0.069378 0.000000 0.000000 0.069378 0.000000 0.000000 0.069378 0.000000 0.000000 0.069378 0.000000 0.000000 0.069378 0.000000 0.000000 0.069378 0.000000 0.000000 0.069378 0.000000 0.000000 0.069378 0.000000 0.000000 0.069378 0.000000 0.000000 0.069378 0.000000 0.000000 0.069378 0.000000 0.000000 0.069378 0.000000 0.000000 0.069378 0.000000 0.000000 0.069378 0.000000 0.000000
0 0.10522055 0.6203827 0.006176735 0.030239236 0.069378 0.000000 0.000000 0.069378 0.000000 0.000000 0.069378 0.000000 0.000000 0.069378 0.000000 0.000000 0.069378 0.000000 0.000000 0.069378 0.000000 0.000000 0.069378 0.000000 0.000000 0.069378 0.000000 0.000000 0.069378 0.000000 0.000000 0.069378 0.000000 0.000000 0.069378 0.000000 0.000000 0.069378 0.000000 0.000000 0.069378 0.000000 0.000000 0.069378 0.000000 0.000000 0.069378 0.000000 0.000000 0.069378 0.000000 0.000000 0.069378 0.000000 0.000000
0 0.077512704 0.65583736 0.0027317584 0.02985646 0.069378 0.000000 0.000000 0.069378 0.000000 0.000000 0.069378 0.000000 0.000000 0.069378 0.000000 0.000000 0.069378 0.000000 0.000000 0.069378 0.000000 0.000000 0.069378 0.000000 0.000000 0.069378 0.000000 0.000000 0.069378 0.000000 0.000000 0.069378 0.000000 0.000000 0.069378 0.000000 0.000000 0.069378 0.000000 0.000000 0.069378 0.000000 0.000000 0.069378 0.000000 0.000000 0.069378 0.000000 0.000000 0.069378 0.000000 0.000000 0.069378 0.000000 0.000000
0 0.8454799 0.056004785 0.0033911483 0.01665072 0.069378 0.000000 0.000000 0.069378 0.000000 0.000000 0.069378 0.000000 0.000000 0.069378 0.000000 0.000000 0.069378 0.000000 0.000000 0.069378 0.000000 0.000000 0.069378 0.000000 0.000000 0.069378 0.000000 0.000000 0.069378 0.000000 0.000000 0.069378 0.000000 0.000000 0.069378 0.000000 0.000000 0.069378 0.000000 0.000000 0.069378 0.000000 0.000000 0.069378 0.000000 0.000000 0.069378 0.000000 0.000000 0.069378 0.000000 0.000000 0.069378 0.000000 0.000000
0 0.7025269 0.284689 0.44273326 0.54545456 0.069378 0.000000 0.000000 0.069378 0.000000 0.000000 0.069378 0.000000 0.000000 0.069378 0.000000 0.000000 0.069378 0.000000 0.000000 0.069378 0.000000 0.000000 0.069378 0.000000 0.000000 0.069378 0.000000 0.000000 0.069378 0.000000 0.000000 0.069378 0.000000 0.000000 0.069378 0.000000 0.000000 0.069378 0.000000 0.000000 0.069378 0.000000 0.000000 0.069378 0.000000 0.000000 0.069378 0.000000 0.000000 0.069378 0.000000 0.000000 0.069378 0.000000 0.000000