0 0.63426757 0.71252084 0.06708984 0.261125 0.125000 0.000000 0.000000 0.125000 0.000000 0.000000 0.125000 0.000000 0.000000 0.614844 0.597917 1.000000 0.627734 0.597917 2.000000 0.607813 0.629167 2.000000 0.631250 0.631250 2.000000 0.604297 0.666667 2.000000 0.637109 0.666667 2.000000 0.125000 0.000000 0.000000 0.125000 0.000000 0.000000 0.613672 0.704167 2.000000 0.628906 0.704167 2.000000 0.618359 0.764583 2.000000 0.638281 0.762500 2.000000 0.619531 0.822917 2.000000 0.646484 0.827083 2.000000
0 0.8426094 0.6605104 0.030257814 0.15160416 0.125000 0.000000 0.000000 0.125000 0.000000 0.000000 0.125000 0.000000 0.000000 0.839844 0.589583 2.000000 0.849219 0.589583 1.000000 0.831641 0.608333 2.000000 0.850391 0.608333 2.000000 0.829297 0.643750 2.000000 0.853906 0.643750 2.000000 0.125000 0.000000 0.000000 0.125000 0.000000 0.000000 0.833984 0.652083 2.000000 0.844531 0.654167 2.000000 0.833984 0.689583 2.000000 0.846875 0.685417 2.000000 0.831641 0.731250 1.000000 0.846875 0.727083 2.000000
0 0.8511699 0.6184687 0.024738282 0.09739583 0.125000 0.000000 0.000000 0.125000 0.000000 0.000000 0.125000 0.000000 0.000000 0.125000 0.000000 0.000000 0.125000 0.000000 0.000000 0.125000 0.000000 0.000000 0.125000 0.000000 0.000000 0.125000 0.000000 0.000000 0.125000 0.000000 0.000000 0.125000 0.000000 0.000000 0.125000 0.000000 0.000000 0.125000 0.000000 0.000000 0.125000 0.000000 0.000000 0.125000 0.000000 0.000000 0.125000 0.000000 0.000000 0.125000 0.000000 0.000000 0.125000 0.000000 0.000000
0 0.8257637 0.64593756 0.015738282 0.15225 0.125000 0.000000 0.000000 0.125000 0.000000 0.000000 0.125000 0.000000 0.000000 0.125000 0.000000 0.000000 0.125000 0.000000 0.000000 0.125000 0.000000 0.000000 0.125000 0.000000 0.000000 0.125000 0.000000 0.000000 0.125000 0.000000 0.000000 0.125000 0.000000 0.000000 0.125000 0.000000 0.000000 0.125000 0.000000 0.000000 0.125000 0.000000 0.000000 0.125000 0.000000 0.000000 0.125000 0.000000 0.000000 0.125000 0.000000 0.000000 0.125000 0.000000 0.000000
0 0.27039453 0.71548957 0.013687501 0.16572917 0.125000 0.000000 0.000000 0.125000 0.000000 0.000000 0.125000 0.000000 0.000000 0.125000 0.000000 0.000000 0.125000 0.000000 0.000000 0.125000 0.000000 0.000000 0.125000 0.000000 0.000000 0.125000 0.000000 0.000000 0.125000 0.000000 0.000000 0.125000 0.000000 0.000000 0.125000 0.000000 0.000000 0.125000 0.000000 0.000000 0.125000 0.000000 0.000000 0.125000 0.000000 0.000000 0.125000 0.000000 0.000000 0.125000 0.000000 0.000000 0.125000 0.000000 0.000000
0 0.8708808 0.65625 0.008238281 0.15087499 0.125000 0.000000 0.000000 0.125000 0.000000 0.000000 0.125000 0.000000 0.000000 0.125000 0.000000 0.000000 0.125000 0.000000 0.000000 0.125000 0.000000 0.000000 0.125000 0.000000 0.000000 0.125000 0.000000 0.000000 0.125000 0.000000 0.000000 0.125000 0.000000 0.000000 0.125000 0.000000 0.000000 0.125000 0.000000 0.000000 0.125000 0.000000 0.000000 0.125000 0.000000 0.000000 0.125000 0.000000 0.000000 0.125000 0.000000 0.000000 0.125000 0.000000 0.000000
0 0.8572695 0.6504271 0.011695311 0.15389584 0.125000 0.000000 0.000000 0.125000 0.000000 0.000000 0.125000 0.000000 0.000000 0.125000 0.000000 0.000000 0.125000 0.000000 0.000000 0.125000 0.000000 0.000000 0.125000 0.000000 0.000000 0.125000 0.000000 0.000000 0.125000 0.000000 0.000000 0.125000 0.000000 0.000000 0.125000 0.000000 0.000000 0.125000 0.000000 0.000000 0.125000 0.000000 0.000000 0.125000 0.000000 0.000000 0.125000 0.000000 0.000000 0.125000 0.000000 0.000000 0.125000 0.000000 0.000000
0 0.80670315 0.64964586 0.0230625 0.136625 0.125000 0.000000 0.000000 0.125000 0.000000 0.000000 0.125000 0.000000 0.000000 0.125000 0.000000 0.000000 0.125000 0.000000 0.000000 0.125000 0.000000 0.000000 0.125000 0.000000 0.000000 0.125000 0.000000 0.000000 0.125000 0.000000 0.000000 0.125000 0.000000 0.000000 0.125000 0.000000 0.000000 0.125000 0.000000 0.000000 0.125000 0.000000 0.000000 0.125000 0.000000 0.000000 0.125000 0.000000 0.000000 0.125000 0.000000 0.000000 0.125000 0.000000 0.000000
0 0.7944101 0.6493645 0.013617188 0.12639582 0.125000 0.000000 0.000000 0.125000 0.000000 0.000000 0.125000 0.000000 0.000000 0.125000 0.000000 0.000000 0.125000 0.000000 0.000000 0.125000 0.000000 0.000000 0.125000 0.000000 0.000000 0.125000 0.000000 0.000000 0.125000 0.000000 0.000000 0.125000 0.000000 0.000000 0.125000 0.000000 0.000000 0.125000 0.000000 0.000000 0.125000 0.000000 0.000000 0.125000 0.000000 0.000000 0.125000 0.000000 0.000000 0.125000 0.000000 0.000000 0.125000 0.000000 0.000000
0 0.28466797 0.72237504 0.03253125 0.18183334 0.280859 0.656250 2.000000 0.283203 0.652083 2.000000 0.278516 0.652083 2.000000 0.286719 0.652083 2.000000 0.125000 0.000000 0.000000 0.291406 0.668750 2.000000 0.273828 0.670833 2.000000 0.297266 0.695833 2.000000 0.272656 0.691667 2.000000 0.289062 0.700000 2.000000 0.273828 0.702083 2.000000 0.289062 0.718750 2.000000 0.277344 0.716667 2.000000 0.290234 0.754167 2.000000 0.277344 0.756250 2.000000 0.294922 0.789583 2.000000 0.277344 0.795833 2.000000
0 0.18286718 0.64282286 0.020203125 0.071354166 0.125000 0.000000 0.000000 0.125000 0.000000 0.000000 0.125000 0.000000 0.000000 0.125000 0.000000 0.000000 0.125000 0.000000 0.000000 0.125000 0.000000 0.000000 0.125000 0.000000 0.000000 0.125000 0.000000 0.000000 0.125000 0.000000 0.000000 0.125000 0.000000 0.000000 0.125000 0.000000 0.000000 0.125000 0.000000 0.000000 0.125000 0.000000 0.000000 0.125000 0.000000 0.000000 0.125000 0.000000 0.000000 0.125000 0.000000 0.000000 0.125000 0.000000 0.000000
0 0.3099746 0.6880625 0.014613282 0.050333332 0.125000 0.000000 0.000000 0.125000 0.000000 0.000000 0.125000 0.000000 0.000000 0.125000 0.000000 0.000000 0.125000 0.000000 0.000000 0.125000 0.000000 0.000000 0.125000 0.000000 0.000000 0.125000 0.000000 0.000000 0.125000 0.000000 0.000000 0.125000 0.000000 0.000000 0.125000 0.000000 0.000000 0.125000 0.000000 0.000000 0.125000 0.000000 0.000000 0.125000 0.000000 0.000000 0.125000 0.000000 0.000000 0.125000 0.000000 0.000000 0.125000 0.000000 0.000000
0 0.24077538 0.70336455 0.04208203 0.21797916 0.249219 0.610417 2.000000 0.125000 0.000000 0.000000 0.248047 0.606250 2.000000 0.125000 0.000000 0.000000 0.239844 0.606250 2.000000 0.253906 0.639583 2.000000 0.225781 0.635417 2.000000 0.258594 0.664583 2.000000 0.222266 0.664583 2.000000 0.255078 0.695833 2.000000 0.224609 0.697917 2.000000 0.250391 0.695833 2.000000 0.233984 0.697917 2.000000 0.248047 0.752083 2.000000 0.238672 0.754167 2.000000 0.249219 0.797917 2.000000 0.239844 0.797917 2.000000
0 0.43730468 0.66979164 0.48632812 0.13125 0.125000 0.000000 0.000000 0.125000 0.000000 0.000000 0.125000 0.000000 0.000000 0.125000 0.000000 0.000000 0.125000 0.000000 0.000000 0.125000 0.000000 0.000000 0.125000 0.000000 0.000000 0.125000 0.000000 0.000000 0.125000 0.000000 0.000000 0.125000 0.000000 0.000000 0.125000 0.000000 0.000000 0.125000 0.000000 0.000000 0.125000 0.000000 0.000000 0.125000 0.000000 0.000000 0.125000 0.000000 0.000000 0.125000 0.000000 0.000000 0.125000 0.000000 0.000000