0 0.4567198 0.47252756 0.082164735 0.47490066 0.436672 0.313466 2.000000 0.437914 0.300221 2.000000 0.102649 0.000000 0.000000 0.454056 0.284768 2.000000 0.102649 0.000000 0.000000 0.468957 0.335541 2.000000 0.456540 0.337748 2.000000 0.478891 0.441501 2.000000 0.102649 0.000000 0.000000 0.472682 0.507726 2.000000 0.102649 0.000000 0.000000 0.457781 0.505519 2.000000 0.442881 0.509934 2.000000 0.451573 0.600442 2.000000 0.441639 0.604856 2.000000 0.102649 0.000000 0.000000 0.102649 0.000000 0.000000
0 0.75224334 0.34301323 0.06111755 0.21101545 0.760762 0.262693 2.000000 0.765728 0.260486 2.000000 0.757036 0.260486 2.000000 0.768212 0.267108 2.000000 0.750828 0.267108 2.000000 0.775662 0.295806 2.000000 0.740894 0.304636 2.000000 0.778146 0.333333 2.000000 0.729719 0.322296 2.000000 0.759520 0.350993 2.000000 0.102649 0.000000 0.000000 0.774420 0.379691 2.000000 0.748344 0.381898 1.000000 0.771937 0.450331 1.000000 0.749586 0.445916 1.000000 0.102649 0.000000 0.000000 0.102649 0.000000 0.000000
0 0.56263244 0.30477923 0.042466886 0.18642384 0.542219 0.247241 2.000000 0.544702 0.238411 2.000000 0.102649 0.000000 0.000000 0.553394 0.245033 2.000000 0.102649 0.000000 0.000000 0.568295 0.284768 2.000000 0.102649 0.000000 0.000000 0.574503 0.328918 2.000000 0.102649 0.000000 0.000000 0.563328 0.381898 2.000000 0.102649 0.000000 0.000000 0.570778 0.379691 2.000000 0.102649 0.000000 0.000000 0.102649 0.000000 0.000000 0.102649 0.000000 0.000000 0.102649 0.000000 0.000000 0.102649 0.000000 0.000000
0 0.34563535 0.3130353 0.059788905 0.22064017 0.102649 0.000000 0.000000 0.102649 0.000000 0.000000 0.102649 0.000000 0.000000 0.336093 0.238411 2.000000 0.357202 0.238411 2.000000 0.329884 0.271523 2.000000 0.364652 0.273731 2.000000 0.316225 0.315673 2.000000 0.368378 0.328918 2.000000 0.322434 0.335541 1.000000 0.102649 0.000000 0.000000 0.332368 0.381898 2.000000 0.359685 0.381898 1.000000 0.102649 0.000000 0.000000 0.102649 0.000000 0.000000 0.102649 0.000000 0.000000 0.102649 0.000000 0.000000
0 0.23343958 0.6256843 0.26158112 0.5833775 0.264073 0.498896 2.000000 0.274007 0.467991 2.000000 0.256622 0.481236 2.000000 0.102649 0.000000 0.000000 0.213162 0.456954 2.000000 0.265315 0.512141 2.000000 0.148593 0.516556 2.000000 0.287666 0.640177 2.000000 0.112583 0.649007 2.000000 0.322434 0.754967 2.000000 0.163493 0.737307 2.000000 0.197020 0.735099 2.000000 0.123758 0.735099 2.000000 0.192053 0.960265 1.000000 0.123758 0.964680 1.000000 0.102649 0.000000 0.000000 0.102649 0.000000 0.000000
0 0.82936674 0.35947016 0.06921358 0.3199117 0.814156 0.247241 2.000000 0.816639 0.240618 2.000000 0.102649 0.000000 0.000000 0.825331 0.240618 2.000000 0.102649 0.000000 0.000000 0.842715 0.282561 2.000000 0.807947 0.282561 2.000000 0.846440 0.337748 2.000000 0.798013 0.324503 2.000000 0.855132 0.375276 2.000000 0.815397 0.322296 2.000000 0.837748 0.357616 2.000000 0.811672 0.357616 2.000000 0.836507 0.426049 2.000000 0.811672 0.430464 2.000000 0.838990 0.492274 2.000000 0.815397 0.490066 2.000000
0 0.629673 0.56081676 0.30151492 0.8490949 0.632864 0.302428 2.000000 0.640315 0.271523 2.000000 0.102649 0.000000 0.000000 0.691225 0.245033 2.000000 0.102649 0.000000 0.000000 0.685017 0.377483 2.000000 0.738411 0.375276 2.000000 0.600579 0.492274 2.000000 0.102649 0.000000 0.000000 0.519868 0.536424 2.000000 0.102649 0.000000 0.000000 0.697434 0.693157 2.000000 0.747103 0.677704 2.000000 0.562086 0.865342 2.000000 0.102649 0.000000 0.000000 0.102649 0.000000 0.000000 0.102649 0.000000 0.000000
0 0.15848923 0.42204195 0.08165563 0.14306843 0.102649 0.000000 0.000000 0.102649 0.000000 0.000000 0.102649 0.000000 0.000000 0.102649 0.000000 0.000000 0.102649 0.000000 0.000000 0.198262 0.415011 1.000000 0.133692 0.448124 2.000000 0.102649 0.000000 0.000000 0.102649 0.000000 0.000000 0.102649 0.000000 0.000000 0.102649 0.000000 0.000000 0.102649 0.000000 0.000000 0.102649 0.000000 0.000000 0.102649 0.000000 0.000000 0.102649 0.000000 0.000000 0.102649 0.000000 0.000000 0.102649 0.000000 0.000000
0 0.2825124 0.31663355 0.06903973 0.16130243 0.102649 0.000000 0.000000 0.102649 0.000000 0.000000 0.102649 0.000000 0.000000 0.286424 0.264901 1.000000 0.102649 0.000000 0.000000 0.282699 0.293598 2.000000 0.311258 0.295806 2.000000 0.266556 0.333333 2.000000 0.102649 0.000000 0.000000 0.259106 0.326711 2.000000 0.102649 0.000000 0.000000 0.288907 0.373068 2.000000 0.310017 0.375276 1.000000 0.102649 0.000000 0.000000 0.102649 0.000000 0.000000 0.102649 0.000000 0.000000 0.102649 0.000000 0.000000
0 0.45064774 0.29998896 0.076899834 0.20929359 0.102649 0.000000 0.000000 0.102649 0.000000 0.000000 0.102649 0.000000 0.000000 0.102649 0.000000 0.000000 0.102649 0.000000 0.000000 0.471440 0.284768 1.000000 0.440397 0.284768 1.000000 0.471440 0.364238 1.000000 0.424255 0.350993 2.000000 0.436672 0.381898 1.000000 0.424255 0.370861 2.000000 0.102649 0.000000 0.000000 0.102649 0.000000 0.000000 0.102649 0.000000 0.000000 0.102649 0.000000 0.000000 0.102649 0.000000 0.000000 0.102649 0.000000 0.000000
0 0.38505378 0.273819 0.029975165 0.11165563 0.102649 0.000000 0.000000 0.102649 0.000000 0.000000 0.102649 0.000000 0.000000 0.102649 0.000000 0.000000 0.102649 0.000000 0.000000 0.102649 0.000000 0.000000 0.102649 0.000000 0.000000 0.102649 0.000000 0.000000 0.102649 0.000000 0.000000 0.102649 0.000000 0.000000 0.102649 0.000000 0.000000 0.102649 0.000000 0.000000 0.102649 0.000000 0.000000 0.102649 0.000000 0.000000 0.102649 0.000000 0.000000 0.102649 0.000000 0.000000 0.102649 0.000000 0.000000
0 0.4043005 0.28980133 0.047880795 0.12905078 0.102649 0.000000 0.000000 0.102649 0.000000 0.000000 0.102649 0.000000 0.000000 0.102649 0.000000 0.000000 0.102649 0.000000 0.000000 0.102649 0.000000 0.000000 0.102649 0.000000 0.000000 0.102649 0.000000 0.000000 0.102649 0.000000 0.000000 0.102649 0.000000 0.000000 0.102649 0.000000 0.000000 0.102649 0.000000 0.000000 0.102649 0.000000 0.000000 0.102649 0.000000 0.000000 0.102649 0.000000 0.000000 0.102649 0.000000 0.000000 0.102649 0.000000 0.000000
0 0.21188328 0.30880794 0.09732615 0.17642383 0.102649 0.000000 0.000000 0.102649 0.000000 0.000000 0.102649 0.000000 0.000000 0.214404 0.264901 2.000000 0.102649 0.000000 0.000000 0.221854 0.295806 2.000000 0.184603 0.284768 2.000000 0.235513 0.326711 2.000000 0.168460 0.331126 2.000000 0.245447 0.317881 2.000000 0.174669 0.357616 2.000000 0.213162 0.386313 1.000000 0.178394 0.379691 2.000000 0.102649 0.000000 0.000000 0.102649 0.000000 0.000000 0.102649 0.000000 0.000000 0.102649 0.000000 0.000000
0 0.5844371 0.31788078 0.62334436 0.26048565 0.102649 0.000000 0.000000 0.102649 0.000000 0.000000 0.102649 0.000000 0.000000 0.102649 0.000000 0.000000 0.102649 0.000000 0.000000 0.102649 0.000000 0.000000 0.102649 0.000000 0.000000 0.102649 0.000000 0.000000 0.102649 0.000000 0.000000 0.102649 0.000000 0.000000 0.102649 0.000000 0.000000 0.102649 0.000000 0.000000 0.102649 0.000000 0.000000 0.102649 0.000000 0.000000 0.102649 0.000000 0.000000 0.102649 0.000000 0.000000 0.102649 0.000000 0.000000