0 0.43982437 0.5614754 0.13044204 0.2595316 0.443355 0.491803 2.000000 0.078454 0.000000 0.000000 0.440720 0.477752 2.000000 0.078454 0.000000 0.000000 0.427547 0.484777 2.000000 0.403835 0.510539 2.000000 0.409104 0.538642 2.000000 0.453893 0.543326 2.000000 0.459163 0.552693 2.000000 0.492096 0.580796 2.000000 0.459163 0.482436 2.000000 0.406470 0.637002 2.000000 0.398566 0.646370 2.000000 0.461797 0.573770 2.000000 0.463115 0.576112 2.000000 0.445989 0.669789 2.000000 0.440720 0.690866 1.000000
0 0.27185157 0.34943795 0.06067623 0.43822014 0.295814 0.185012 2.000000 0.078454 0.000000 0.000000 0.293179 0.175644 2.000000 0.078454 0.000000 0.000000 0.280006 0.173302 2.000000 0.283958 0.222482 2.000000 0.260246 0.224824 2.000000 0.078454 0.000000 0.000000 0.256294 0.302108 2.000000 0.078454 0.000000 0.000000 0.258929 0.374707 2.000000 0.282641 0.337237 2.000000 0.266833 0.344262 2.000000 0.281323 0.468384 2.000000 0.265515 0.461358 2.000000 0.283958 0.548009 1.000000 0.266833 0.552693 2.000000
0 0.31760246 0.26543325 0.042233605 0.23334895 0.078454 0.000000 0.000000 0.078454 0.000000 0.000000 0.078454 0.000000 0.000000 0.078454 0.000000 0.000000 0.322160 0.180328 2.000000 0.305035 0.203747 2.000000 0.319526 0.203747 2.000000 0.301083 0.234192 2.000000 0.324795 0.248244 2.000000 0.078454 0.000000 0.000000 0.332699 0.271663 2.000000 0.308987 0.269321 2.000000 0.319526 0.269321 2.000000 0.311622 0.323185 2.000000 0.319526 0.320843 2.000000 0.307670 0.374707 2.000000 0.318208 0.374707 2.000000
0 0.52163714 0.31028104 0.050229803 0.08468384 0.078454 0.000000 0.000000 0.078454 0.000000 0.000000 0.078454 0.000000 0.000000 0.078454 0.000000 0.000000 0.078454 0.000000 0.000000 0.078454 0.000000 0.000000 0.078454 0.000000 0.000000 0.078454 0.000000 0.000000 0.078454 0.000000 0.000000 0.078454 0.000000 0.000000 0.078454 0.000000 0.000000 0.078454 0.000000 0.000000 0.078454 0.000000 0.000000 0.078454 0.000000 0.000000 0.078454 0.000000 0.000000 0.078454 0.000000 0.000000 0.078454 0.000000 0.000000
0 0.34258565 0.26907492 0.030706966 0.20700234 0.344555 0.182670 2.000000 0.347190 0.177986 2.000000 0.341920 0.177986 2.000000 0.078454 0.000000 0.000000 0.078454 0.000000 0.000000 0.347190 0.206089 2.000000 0.331382 0.206089 2.000000 0.078454 0.000000 0.000000 0.078454 0.000000 0.000000 0.078454 0.000000 0.000000 0.078454 0.000000 0.000000 0.351142 0.259953 2.000000 0.335334 0.255269 2.000000 0.351142 0.318501 2.000000 0.336651 0.313817 1.000000 0.353776 0.358314 2.000000 0.334016 0.365340 1.000000
0 0.36418328 0.27529275 0.031115342 0.22014052 0.078454 0.000000 0.000000 0.078454 0.000000 0.000000 0.078454 0.000000 0.000000 0.365632 0.189696 2.000000 0.078454 0.000000 0.000000 0.362998 0.208431 2.000000 0.376171 0.210773 2.000000 0.352459 0.236534 2.000000 0.078454 0.000000 0.000000 0.078454 0.000000 0.000000 0.078454 0.000000 0.000000 0.362998 0.264637 2.000000 0.372219 0.266979 2.000000 0.356411 0.316159 2.000000 0.368267 0.311475 2.000000 0.360363 0.372365 2.000000 0.372219 0.367682 2.000000
0 0.5439856 0.37175643 0.08243852 0.15217799 0.078454 0.000000 0.000000 0.078454 0.000000 0.000000 0.078454 0.000000 0.000000 0.078454 0.000000 0.000000 0.542155 0.318501 2.000000 0.078454 0.000000 0.000000 0.526347 0.325527 2.000000 0.078454 0.000000 0.000000 0.530299 0.377049 2.000000 0.078454 0.000000 0.000000 0.546107 0.374707 2.000000 0.509221 0.386417 2.000000 0.509221 0.393443 2.000000 0.554011 0.372365 2.000000 0.546107 0.386417 2.000000 0.565866 0.419204 2.000000 0.563232 0.428571 2.000000
0 0.5213078 0.2979274 0.028651932 0.06971897 0.078454 0.000000 0.000000 0.078454 0.000000 0.000000 0.078454 0.000000 0.000000 0.078454 0.000000 0.000000 0.078454 0.000000 0.000000 0.078454 0.000000 0.000000 0.078454 0.000000 0.000000 0.078454 0.000000 0.000000 0.078454 0.000000 0.000000 0.078454 0.000000 0.000000 0.078454 0.000000 0.000000 0.078454 0.000000 0.000000 0.078454 0.000000 0.000000 0.078454 0.000000 0.000000 0.078454 0.000000 0.000000 0.078454 0.000000 0.000000 0.078454 0.000000 0.000000
0 0.71698403 0.32606557 0.080976285 0.0959719 0.078454 0.000000 0.000000 0.078454 0.000000 0.000000 0.078454 0.000000 0.000000 0.078454 0.000000 0.000000 0.078454 0.000000 0.000000 0.078454 0.000000 0.000000 0.078454 0.000000 0.000000 0.078454 0.000000 0.000000 0.078454 0.000000 0.000000 0.078454 0.000000 0.000000 0.078454 0.000000 0.000000 0.078454 0.000000 0.000000 0.078454 0.000000 0.000000 0.078454 0.000000 0.000000 0.078454 0.000000 0.000000 0.078454 0.000000 0.000000 0.078454 0.000000 0.000000
0 0.2066569 0.30610073 0.066894025 0.11299766 0.186475 0.299766 2.000000 0.078454 0.000000 0.000000 0.183841 0.297424 2.000000 0.078454 0.000000 0.000000 0.179889 0.297424 2.000000 0.178571 0.311475 2.000000 0.175937 0.313817 1.000000 0.078454 0.000000 0.000000 0.190427 0.316159 2.000000 0.078454 0.000000 0.000000 0.191745 0.299766 2.000000 0.078454 0.000000 0.000000 0.189110 0.355972 2.000000 0.078454 0.000000 0.000000 0.208870 0.325527 2.000000 0.078454 0.000000 0.000000 0.224678 0.353630 2.000000
0 0.4463715 0.2934075 0.033776347 0.0841452 0.078454 0.000000 0.000000 0.078454 0.000000 0.000000 0.078454 0.000000 0.000000 0.078454 0.000000 0.000000 0.078454 0.000000 0.000000 0.078454 0.000000 0.000000 0.078454 0.000000 0.000000 0.078454 0.000000 0.000000 0.078454 0.000000 0.000000 0.078454 0.000000 0.000000 0.078454 0.000000 0.000000 0.078454 0.000000 0.000000 0.078454 0.000000 0.000000 0.078454 0.000000 0.000000 0.078454 0.000000 0.000000 0.078454 0.000000 0.000000 0.078454 0.000000 0.000000
0 0.5722358 0.27324358 0.050361533 0.069953166 0.078454 0.000000 0.000000 0.078454 0.000000 0.000000 0.078454 0.000000 0.000000 0.078454 0.000000 0.000000 0.078454 0.000000 0.000000 0.078454 0.000000 0.000000 0.078454 0.000000 0.000000 0.078454 0.000000 0.000000 0.078454 0.000000 0.000000 0.078454 0.000000 0.000000 0.078454 0.000000 0.000000 0.078454 0.000000 0.000000 0.078454 0.000000 0.000000 0.078454 0.000000 0.000000 0.078454 0.000000 0.000000 0.078454 0.000000 0.000000 0.078454 0.000000 0.000000
0 0.5520016 0.51631147 0.117598064 0.22775175 0.543472 0.430913 2.000000 0.547424 0.428571 2.000000 0.539520 0.423888 2.000000 0.078454 0.000000 0.000000 0.530299 0.419204 2.000000 0.531616 0.444965 2.000000 0.526347 0.447307 2.000000 0.078454 0.000000 0.000000 0.526347 0.508197 2.000000 0.078454 0.000000 0.000000 0.523712 0.562061 2.000000 0.515808 0.531616 2.000000 0.507904 0.531616 2.000000 0.554011 0.503513 2.000000 0.561915 0.496487 2.000000 0.567184 0.590164 2.000000 0.572453 0.592506 2.000000
0 0.37287763 0.45433253 0.586212 0.67447305 0.078454 0.000000 0.000000 0.078454 0.000000 0.000000 0.078454 0.000000 0.000000 0.078454 0.000000 0.000000 0.078454 0.000000 0.000000 0.078454 0.000000 0.000000 0.078454 0.000000 0.000000 0.078454 0.000000 0.000000 0.078454 0.000000 0.000000 0.078454 0.000000 0.000000 0.078454 0.000000 0.000000 0.078454 0.000000 0.000000 0.078454 0.000000 0.000000 0.078454 0.000000 0.000000 0.078454 0.000000 0.000000 0.078454 0.000000 0.000000 0.078454 0.000000 0.000000