0 0.11028103 0.4809836 0.063653395 0.39334896 0.115340 0.330211 2.000000 0.120609 0.325527 2.000000 0.110070 0.325527 2.000000 0.078454 0.000000 0.000000 0.102166 0.330211 2.000000 0.120609 0.372365 2.000000 0.098214 0.374707 2.000000 0.078454 0.000000 0.000000 0.098214 0.437939 2.000000 0.078454 0.000000 0.000000 0.103484 0.489461 2.000000 0.112705 0.487119 2.000000 0.096897 0.491803 2.000000 0.078454 0.000000 0.000000 0.104801 0.569087 2.000000 0.078454 0.000000 0.000000 0.112705 0.667447 2.000000
0 0.28943792 0.42416862 0.044552106 0.08046838 0.078454 0.000000 0.000000 0.078454 0.000000 0.000000 0.078454 0.000000 0.000000 0.078454 0.000000 0.000000 0.078454 0.000000 0.000000 0.078454 0.000000 0.000000 0.078454 0.000000 0.000000 0.078454 0.000000 0.000000 0.078454 0.000000 0.000000 0.078454 0.000000 0.000000 0.078454 0.000000 0.000000 0.078454 0.000000 0.000000 0.078454 0.000000 0.000000 0.078454 0.000000 0.000000 0.078454 0.000000 0.000000 0.078454 0.000000 0.000000 0.078454 0.000000 0.000000
0 0.26272246 0.43588993 0.029824354 0.05234192 0.078454 0.000000 0.000000 0.078454 0.000000 0.000000 0.078454 0.000000 0.000000 0.078454 0.000000 0.000000 0.078454 0.000000 0.000000 0.078454 0.000000 0.000000 0.078454 0.000000 0.000000 0.078454 0.000000 0.000000 0.078454 0.000000 0.000000 0.078454 0.000000 0.000000 0.078454 0.000000 0.000000 0.078454 0.000000 0.000000 0.078454 0.000000 0.000000 0.078454 0.000000 0.000000 0.078454 0.000000 0.000000 0.078454 0.000000 0.000000 0.078454 0.000000 0.000000
0 0.71250516 0.38879395 0.046462238 0.1284075 0.727898 0.365340 2.000000 0.727898 0.355972 2.000000 0.723946 0.358314 2.000000 0.078454 0.000000 0.000000 0.716042 0.362998 2.000000 0.719994 0.402810 1.000000 0.693648 0.405152 2.000000 0.078454 0.000000 0.000000 0.078454 0.000000 0.000000 0.078454 0.000000 0.000000 0.078454 0.000000 0.000000 0.721311 0.437939 2.000000 0.705504 0.437939 2.000000 0.078454 0.000000 0.000000 0.078454 0.000000 0.000000 0.078454 0.000000 0.000000 0.078454 0.000000 0.000000
0 0.6894189 0.36860657 0.06736827 0.16386417 0.708138 0.330211 1.000000 0.713408 0.323185 2.000000 0.704186 0.323185 2.000000 0.078454 0.000000 0.000000 0.696282 0.327869 2.000000 0.713408 0.367682 1.000000 0.688378 0.367682 2.000000 0.078454 0.000000 0.000000 0.078454 0.000000 0.000000 0.078454 0.000000 0.000000 0.078454 0.000000 0.000000 0.078454 0.000000 0.000000 0.078454 0.000000 0.000000 0.078454 0.000000 0.000000 0.078454 0.000000 0.000000 0.078454 0.000000 0.000000 0.078454 0.000000 0.000000
0 0.651236 0.37050352 0.04332699 0.11346605 0.663349 0.348946 2.000000 0.078454 0.000000 0.000000 0.659397 0.346604 2.000000 0.078454 0.000000 0.000000 0.646224 0.353630 2.000000 0.656762 0.386417 2.000000 0.642272 0.416862 1.000000 0.078454 0.000000 0.000000 0.078454 0.000000 0.000000 0.078454 0.000000 0.000000 0.078454 0.000000 0.000000 0.078454 0.000000 0.000000 0.078454 0.000000 0.000000 0.078454 0.000000 0.000000 0.078454 0.000000 0.000000 0.078454 0.000000 0.000000 0.078454 0.000000 0.000000
0 0.60867983 0.3295433 0.029192036 0.08086651 0.078454 0.000000 0.000000 0.078454 0.000000 0.000000 0.078454 0.000000 0.000000 0.078454 0.000000 0.000000 0.078454 0.000000 0.000000 0.078454 0.000000 0.000000 0.078454 0.000000 0.000000 0.078454 0.000000 0.000000 0.078454 0.000000 0.000000 0.078454 0.000000 0.000000 0.078454 0.000000 0.000000 0.078454 0.000000 0.000000 0.078454 0.000000 0.000000 0.078454 0.000000 0.000000 0.078454 0.000000 0.000000 0.078454 0.000000 0.000000 0.078454 0.000000 0.000000
0 0.7938305 0.38776347 0.05482728 0.15360655 0.804303 0.353630 2.000000 0.805621 0.344262 2.000000 0.801669 0.344262 2.000000 0.078454 0.000000 0.000000 0.787178 0.346604 2.000000 0.805621 0.388759 2.000000 0.779274 0.386417 2.000000 0.078454 0.000000 0.000000 0.777957 0.473068 1.000000 0.078454 0.000000 0.000000 0.078454 0.000000 0.000000 0.813525 0.484777 1.000000 0.799034 0.484777 1.000000 0.078454 0.000000 0.000000 0.078454 0.000000 0.000000 0.078454 0.000000 0.000000 0.078454 0.000000 0.000000
0 0.8748397 0.41023418 0.06292886 0.14323185 0.879391 0.379391 2.000000 0.884660 0.372365 2.000000 0.874122 0.372365 2.000000 0.078454 0.000000 0.000000 0.864900 0.372365 2.000000 0.883343 0.412178 2.000000 0.855679 0.409836 2.000000 0.900468 0.468384 2.000000 0.864900 0.459016 2.000000 0.882026 0.461358 2.000000 0.078454 0.000000 0.000000 0.078454 0.000000 0.000000 0.078454 0.000000 0.000000 0.078454 0.000000 0.000000 0.078454 0.000000 0.000000 0.078454 0.000000 0.000000 0.078454 0.000000 0.000000
0 0.56692696 0.45398125 0.25043765 0.63363 0.472336 0.248244 2.000000 0.477605 0.236534 2.000000 0.078454 0.000000 0.000000 0.502635 0.231850 2.000000 0.078454 0.000000 0.000000 0.550059 0.266979 2.000000 0.078454 0.000000 0.000000 0.569818 0.402810 2.000000 0.078454 0.000000 0.000000 0.519760 0.444965 1.000000 0.078454 0.000000 0.000000 0.652810 0.470726 2.000000 0.078454 0.000000 0.000000 0.589578 0.477752 2.000000 0.078454 0.000000 0.000000 0.665984 0.681499 2.000000 0.078454 0.000000 0.000000
0 0.7664498 0.38323188 0.07106996 0.15540983 0.772687 0.348946 2.000000 0.078454 0.000000 0.000000 0.770053 0.339578 2.000000 0.078454 0.000000 0.000000 0.760831 0.344262 2.000000 0.078454 0.000000 0.000000 0.741071 0.374707 2.000000 0.078454 0.000000 0.000000 0.759514 0.423888 2.000000 0.078454 0.000000 0.000000 0.788495 0.384075 2.000000 0.078454 0.000000 0.000000 0.747658 0.475410 1.000000 0.078454 0.000000 0.000000 0.078454 0.000000 0.000000 0.078454 0.000000 0.000000 0.078454 0.000000 0.000000
0 0.20045228 0.41283372 0.08639052 0.25526932 0.223361 0.327869 2.000000 0.078454 0.000000 0.000000 0.219409 0.320843 2.000000 0.078454 0.000000 0.000000 0.207553 0.320843 2.000000 0.219409 0.351288 2.000000 0.183841 0.358314 2.000000 0.078454 0.000000 0.000000 0.162763 0.426230 2.000000 0.078454 0.000000 0.000000 0.175937 0.491803 2.000000 0.214139 0.480094 1.000000 0.186475 0.491803 2.000000 0.078454 0.000000 0.000000 0.078454 0.000000 0.000000 0.078454 0.000000 0.000000 0.078454 0.000000 0.000000
0 0.904776 0.40935597 0.03353923 0.14784543 0.078454 0.000000 0.000000 0.078454 0.000000 0.000000 0.078454 0.000000 0.000000 0.078454 0.000000 0.000000 0.078454 0.000000 0.000000 0.078454 0.000000 0.000000 0.078454 0.000000 0.000000 0.078454 0.000000 0.000000 0.078454 0.000000 0.000000 0.078454 0.000000 0.000000 0.078454 0.000000 0.000000 0.078454 0.000000 0.000000 0.078454 0.000000 0.000000 0.078454 0.000000 0.000000 0.078454 0.000000 0.000000 0.078454 0.000000 0.000000 0.078454 0.000000 0.000000
0 0.24904858 0.5163935 0.24370608 0.3442623 0.078454 0.000000 0.000000 0.078454 0.000000 0.000000 0.078454 0.000000 0.000000 0.078454 0.000000 0.000000 0.078454 0.000000 0.000000 0.078454 0.000000 0.000000 0.078454 0.000000 0.000000 0.078454 0.000000 0.000000 0.078454 0.000000 0.000000 0.078454 0.000000 0.000000 0.078454 0.000000 0.000000 0.078454 0.000000 0.000000 0.078454 0.000000 0.000000 0.078454 0.000000 0.000000 0.078454 0.000000 0.000000 0.078454 0.000000 0.000000 0.078454 0.000000 0.000000