0 0.50214255 0.70016515 0.24210054 0.59825474 0.484080 0.459906 1.000000 0.489387 0.445755 2.000000 0.075472 0.000000 0.000000 0.506633 0.443396 2.000000 0.075472 0.000000 0.000000 0.539800 0.509434 2.000000 0.489387 0.523585 2.000000 0.582252 0.580189 2.000000 0.456221 0.561321 2.000000 0.562353 0.591981 2.000000 0.411114 0.566038 2.000000 0.557046 0.693396 2.000000 0.539800 0.698113 2.000000 0.531840 0.839623 2.000000 0.570312 0.860849 2.000000 0.534493 0.992925 2.000000 0.622052 0.945755 2.000000
0 0.6312589 0.3865684 0.036615565 0.11101416 0.075472 0.000000 0.000000 0.075472 0.000000 0.000000 0.075472 0.000000 0.000000 0.075472 0.000000 0.000000 0.075472 0.000000 0.000000 0.075472 0.000000 0.000000 0.075472 0.000000 0.000000 0.075472 0.000000 0.000000 0.075472 0.000000 0.000000 0.075472 0.000000 0.000000 0.075472 0.000000 0.000000 0.075472 0.000000 0.000000 0.075472 0.000000 0.000000 0.075472 0.000000 0.000000 0.075472 0.000000 0.000000 0.075472 0.000000 0.000000 0.075472 0.000000 0.000000
0 0.4060864 0.35641512 0.032078423 0.06349057 0.075472 0.000000 0.000000 0.075472 0.000000 0.000000 0.075472 0.000000 0.000000 0.075472 0.000000 0.000000 0.075472 0.000000 0.000000 0.075472 0.000000 0.000000 0.075472 0.000000 0.000000 0.075472 0.000000 0.000000 0.075472 0.000000 0.000000 0.075472 0.000000 0.000000 0.075472 0.000000 0.000000 0.075472 0.000000 0.000000 0.075472 0.000000 0.000000 0.075472 0.000000 0.000000 0.075472 0.000000 0.000000 0.075472 0.000000 0.000000 0.075472 0.000000 0.000000
0 0.3591959 0.36310145 0.029199589 0.08195755 0.075472 0.000000 0.000000 0.075472 0.000000 0.000000 0.075472 0.000000 0.000000 0.075472 0.000000 0.000000 0.075472 0.000000 0.000000 0.075472 0.000000 0.000000 0.075472 0.000000 0.000000 0.075472 0.000000 0.000000 0.075472 0.000000 0.000000 0.075472 0.000000 0.000000 0.075472 0.000000 0.000000 0.075472 0.000000 0.000000 0.075472 0.000000 0.000000 0.075472 0.000000 0.000000 0.075472 0.000000 0.000000 0.075472 0.000000 0.000000 0.075472 0.000000 0.000000
0 0.73400795 0.5482076 0.041020047 0.058726415 0.075472 0.000000 0.000000 0.075472 0.000000 0.000000 0.075472 0.000000 0.000000 0.075472 0.000000 0.000000 0.075472 0.000000 0.000000 0.075472 0.000000 0.000000 0.075472 0.000000 0.000000 0.075472 0.000000 0.000000 0.075472 0.000000 0.000000 0.075472 0.000000 0.000000 0.075472 0.000000 0.000000 0.075472 0.000000 0.000000 0.075472 0.000000 0.000000 0.075472 0.000000 0.000000 0.075472 0.000000 0.000000 0.075472 0.000000 0.000000 0.075472 0.000000 0.000000
0 0.33488503 0.41859674 0.036933962 0.12912737 0.075472 0.000000 0.000000 0.075472 0.000000 0.000000 0.075472 0.000000 0.000000 0.075472 0.000000 0.000000 0.075472 0.000000 0.000000 0.075472 0.000000 0.000000 0.075472 0.000000 0.000000 0.075472 0.000000 0.000000 0.075472 0.000000 0.000000 0.075472 0.000000 0.000000 0.075472 0.000000 0.000000 0.075472 0.000000 0.000000 0.075472 0.000000 0.000000 0.075472 0.000000 0.000000 0.075472 0.000000 0.000000 0.075472 0.000000 0.000000 0.075472 0.000000 0.000000
0 0.32349578 0.34902123 0.0341082 0.0846934 0.075472 0.000000 0.000000 0.075472 0.000000 0.000000 0.075472 0.000000 0.000000 0.075472 0.000000 0.000000 0.075472 0.000000 0.000000 0.075472 0.000000 0.000000 0.075472 0.000000 0.000000 0.075472 0.000000 0.000000 0.075472 0.000000 0.000000 0.075472 0.000000 0.000000 0.075472 0.000000 0.000000 0.075472 0.000000 0.000000 0.075472 0.000000 0.000000 0.075472 0.000000 0.000000 0.075472 0.000000 0.000000 0.075472 0.000000 0.000000 0.075472 0.000000 0.000000
0 0.40879935 0.42885613 0.03535525 0.14176887 0.411114 0.370283 2.000000 0.413768 0.365566 2.000000 0.408461 0.365566 2.000000 0.075472 0.000000 0.000000 0.405808 0.363208 1.000000 0.419074 0.391509 2.000000 0.396521 0.389151 1.000000 0.421728 0.415094 2.000000 0.395195 0.422170 2.000000 0.419074 0.455189 2.000000 0.408461 0.445755 2.000000 0.416421 0.431604 2.000000 0.404481 0.431604 2.000000 0.412441 0.469340 2.000000 0.407134 0.471698 2.000000 0.412441 0.504717 1.000000 0.408461 0.504717 1.000000
0 0.25299752 0.39805424 0.039998528 0.12601416 0.075472 0.000000 0.000000 0.075472 0.000000 0.000000 0.075472 0.000000 0.000000 0.075472 0.000000 0.000000 0.075472 0.000000 0.000000 0.075472 0.000000 0.000000 0.075472 0.000000 0.000000 0.075472 0.000000 0.000000 0.075472 0.000000 0.000000 0.075472 0.000000 0.000000 0.075472 0.000000 0.000000 0.075472 0.000000 0.000000 0.075472 0.000000 0.000000 0.075472 0.000000 0.000000 0.075472 0.000000 0.000000 0.075472 0.000000 0.000000 0.075472 0.000000 0.000000
0 0.31403008 0.6938326 0.06901239 0.08044811 0.075472 0.000000 0.000000 0.075472 0.000000 0.000000 0.075472 0.000000 0.000000 0.075472 0.000000 0.000000 0.075472 0.000000 0.000000 0.075472 0.000000 0.000000 0.075472 0.000000 0.000000 0.075472 0.000000 0.000000 0.075472 0.000000 0.000000 0.075472 0.000000 0.000000 0.075472 0.000000 0.000000 0.075472 0.000000 0.000000 0.075472 0.000000 0.000000 0.075472 0.000000 0.000000 0.075472 0.000000 0.000000 0.075472 0.000000 0.000000 0.075472 0.000000 0.000000
0 0.66370875 0.42616743 0.045742925 0.1392217 0.075472 0.000000 0.000000 0.075472 0.000000 0.000000 0.075472 0.000000 0.000000 0.075472 0.000000 0.000000 0.075472 0.000000 0.000000 0.075472 0.000000 0.000000 0.075472 0.000000 0.000000 0.075472 0.000000 0.000000 0.075472 0.000000 0.000000 0.075472 0.000000 0.000000 0.075472 0.000000 0.000000 0.075472 0.000000 0.000000 0.075472 0.000000 0.000000 0.075472 0.000000 0.000000 0.075472 0.000000 0.000000 0.075472 0.000000 0.000000 0.075472 0.000000 0.000000
0 0.6564254 0.12211086 0.028522996 0.07167453 0.075472 0.000000 0.000000 0.075472 0.000000 0.000000 0.075472 0.000000 0.000000 0.075472 0.000000 0.000000 0.075472 0.000000 0.000000 0.075472 0.000000 0.000000 0.075472 0.000000 0.000000 0.075472 0.000000 0.000000 0.075472 0.000000 0.000000 0.075472 0.000000 0.000000 0.075472 0.000000 0.000000 0.075472 0.000000 0.000000 0.075472 0.000000 0.000000 0.075472 0.000000 0.000000 0.075472 0.000000 0.000000 0.075472 0.000000 0.000000 0.075472 0.000000 0.000000
0 0.83521163 0.1623349 0.035063386 0.08570755 0.075472 0.000000 0.000000 0.075472 0.000000 0.000000 0.075472 0.000000 0.000000 0.075472 0.000000 0.000000 0.075472 0.000000 0.000000 0.075472 0.000000 0.000000 0.075472 0.000000 0.000000 0.075472 0.000000 0.000000 0.075472 0.000000 0.000000 0.075472 0.000000 0.000000 0.075472 0.000000 0.000000 0.075472 0.000000 0.000000 0.075472 0.000000 0.000000 0.075472 0.000000 0.000000 0.075472 0.000000 0.000000 0.075472 0.000000 0.000000 0.075472 0.000000 0.000000
0 0.50331664 0.6179246 0.70975834 0.5471698 0.075472 0.000000 0.000000 0.075472 0.000000 0.000000 0.075472 0.000000 0.000000 0.075472 0.000000 0.000000 0.075472 0.000000 0.000000 0.075472 0.000000 0.000000 0.075472 0.000000 0.000000 0.075472 0.000000 0.000000 0.075472 0.000000 0.000000 0.075472 0.000000 0.000000 0.075472 0.000000 0.000000 0.075472 0.000000 0.000000 0.075472 0.000000 0.000000 0.075472 0.000000 0.000000 0.075472 0.000000 0.000000 0.075472 0.000000 0.000000 0.075472 0.000000 0.000000