0 0.47635 0.33707944 0.101131715 0.45841122 0.475029 0.151869 2.000000 0.478972 0.140187 2.000000 0.469772 0.140187 2.000000 0.079439 0.000000 0.000000 0.459258 0.142523 2.000000 0.481600 0.193925 2.000000 0.440859 0.193925 2.000000 0.514457 0.219626 2.000000 0.079439 0.000000 0.000000 0.488172 0.257009 2.000000 0.079439 0.000000 0.000000 0.472401 0.317757 2.000000 0.448744 0.320093 2.000000 0.475029 0.441589 2.000000 0.454001 0.439252 2.000000 0.475029 0.551402 2.000000 0.457944 0.518692 1.000000
0 0.78855723 0.35661215 0.08908002 0.23172899 0.787821 0.296729 2.000000 0.793078 0.285047 2.000000 0.782564 0.285047 2.000000 0.802278 0.296729 2.000000 0.770736 0.294393 2.000000 0.811478 0.373832 2.000000 0.751022 0.364486 2.000000 0.819363 0.467290 1.000000 0.079439 0.000000 0.000000 0.079439 0.000000 0.000000 0.079439 0.000000 0.000000 0.079439 0.000000 0.000000 0.079439 0.000000 0.000000 0.079439 0.000000 0.000000 0.079439 0.000000 0.000000 0.079439 0.000000 0.000000 0.079439 0.000000 0.000000
0 0.5907491 0.8314603 0.14283295 0.31011683 0.556513 0.801402 2.000000 0.574912 0.778037 2.000000 0.559141 0.764019 2.000000 0.610397 0.799065 2.000000 0.079439 0.000000 0.000000 0.605140 0.913551 2.000000 0.079439 0.000000 0.000000 0.079439 0.000000 0.000000 0.079439 0.000000 0.000000 0.545999 0.862150 2.000000 0.079439 0.000000 0.000000 0.079439 0.000000 0.000000 0.079439 0.000000 0.000000 0.079439 0.000000 0.000000 0.079439 0.000000 0.000000 0.079439 0.000000 0.000000 0.079439 0.000000 0.000000
0 0.65647495 0.74044394 0.14535631 0.45616826 0.603826 0.663551 2.000000 0.613026 0.642523 2.000000 0.595940 0.647196 2.000000 0.636682 0.633178 2.000000 0.079439 0.000000 0.000000 0.687938 0.742991 2.000000 0.079439 0.000000 0.000000 0.716852 0.906542 1.000000 0.079439 0.000000 0.000000 0.660339 0.953271 1.000000 0.079439 0.000000 0.000000 0.079439 0.000000 0.000000 0.079439 0.000000 0.000000 0.079439 0.000000 0.000000 0.079439 0.000000 0.000000 0.079439 0.000000 0.000000 0.079439 0.000000 0.000000
0 0.47541696 0.8065888 0.16476782 0.38682243 0.459258 0.728972 2.000000 0.476343 0.710280 2.000000 0.452687 0.700935 2.000000 0.497372 0.726636 2.000000 0.079439 0.000000 0.000000 0.542056 0.850467 1.000000 0.406688 0.810748 2.000000 0.079439 0.000000 0.000000 0.079439 0.000000 0.000000 0.496057 0.990654 2.000000 0.079439 0.000000 0.000000 0.079439 0.000000 0.000000 0.079439 0.000000 0.000000 0.079439 0.000000 0.000000 0.079439 0.000000 0.000000 0.079439 0.000000 0.000000 0.079439 0.000000 0.000000
0 0.35375005 0.80044395 0.19548191 0.3721963 0.079439 0.000000 0.000000 0.079439 0.000000 0.000000 0.079439 0.000000 0.000000 0.296291 0.728972 1.000000 0.363318 0.714953 2.000000 0.289720 0.878505 2.000000 0.413259 0.841122 2.000000 0.079439 0.000000 0.000000 0.079439 0.000000 0.000000 0.079439 0.000000 0.000000 0.079439 0.000000 0.000000 0.079439 0.000000 0.000000 0.079439 0.000000 0.000000 0.079439 0.000000 0.000000 0.079439 0.000000 0.000000 0.079439 0.000000 0.000000 0.079439 0.000000 0.000000
0 0.20769714 0.76981306 0.14916764 0.46037382 0.079439 0.000000 0.000000 0.079439 0.000000 0.000000 0.079439 0.000000 0.000000 0.166180 0.619159 2.000000 0.259492 0.626168 2.000000 0.079439 0.000000 0.000000 0.079439 0.000000 0.000000 0.079439 0.000000 0.000000 0.079439 0.000000 0.000000 0.079439 0.000000 0.000000 0.079439 0.000000 0.000000 0.079439 0.000000 0.000000 0.079439 0.000000 0.000000 0.079439 0.000000 0.000000 0.079439 0.000000 0.000000 0.079439 0.000000 0.000000 0.079439 0.000000 0.000000
0 0.12568122 0.805187 0.092483945 0.36485982 0.160923 0.766355 2.000000 0.079439 0.000000 0.000000 0.138581 0.745327 2.000000 0.079439 0.000000 0.000000 0.091268 0.761682 2.000000 0.124124 0.887851 2.000000 0.089953 0.953271 2.000000 0.079439 0.000000 0.000000 0.079439 0.000000 0.000000 0.079439 0.000000 0.000000 0.079439 0.000000 0.000000 0.079439 0.000000 0.000000 0.079439 0.000000 0.000000 0.079439 0.000000 0.000000 0.079439 0.000000 0.000000 0.079439 0.000000 0.000000 0.079439 0.000000 0.000000
0 0.27706337 0.4870794 0.12022781 0.4203271 0.280520 0.359813 2.000000 0.289720 0.345794 2.000000 0.270006 0.352804 2.000000 0.079439 0.000000 0.000000 0.255549 0.359813 2.000000 0.312062 0.432243 2.000000 0.234521 0.448598 2.000000 0.333090 0.542056 2.000000 0.234521 0.549065 1.000000 0.296291 0.425234 2.000000 0.251606 0.415888 2.000000 0.313376 0.672897 1.000000 0.259492 0.682243 1.000000 0.079439 0.000000 0.000000 0.079439 0.000000 0.000000 0.079439 0.000000 0.000000 0.079439 0.000000 0.000000
0 0.4180498 0.5789019 0.09810894 0.42742994 0.396174 0.436916 2.000000 0.406688 0.425234 2.000000 0.389603 0.427570 2.000000 0.079439 0.000000 0.000000 0.079439 0.000000 0.000000 0.440859 0.532710 2.000000 0.401431 0.525701 2.000000 0.431659 0.672897 2.000000 0.079439 0.000000 0.000000 0.389603 0.745327 2.000000 0.079439 0.000000 0.000000 0.413259 0.768692 2.000000 0.386974 0.731308 2.000000 0.079439 0.000000 0.000000 0.079439 0.000000 0.000000 0.079439 0.000000 0.000000 0.079439 0.000000 0.000000
0 0.54499346 0.50501174 0.10236712 0.2032944 0.536799 0.471963 2.000000 0.549942 0.462617 2.000000 0.531542 0.457944 2.000000 0.563084 0.471963 2.000000 0.079439 0.000000 0.000000 0.581484 0.567757 1.000000 0.513143 0.565421 2.000000 0.079439 0.000000 0.000000 0.079439 0.000000 0.000000 0.079439 0.000000 0.000000 0.079439 0.000000 0.000000 0.079439 0.000000 0.000000 0.079439 0.000000 0.000000 0.079439 0.000000 0.000000 0.079439 0.000000 0.000000 0.079439 0.000000 0.000000 0.079439 0.000000 0.000000
0 0.6684806 0.53258175 0.0758455 0.30563083 0.079439 0.000000 0.000000 0.079439 0.000000 0.000000 0.079439 0.000000 0.000000 0.079439 0.000000 0.000000 0.683995 0.460280 2.000000 0.637996 0.553738 1.000000 0.674796 0.570093 2.000000 0.079439 0.000000 0.000000 0.079439 0.000000 0.000000 0.079439 0.000000 0.000000 0.079439 0.000000 0.000000 0.079439 0.000000 0.000000 0.079439 0.000000 0.000000 0.079439 0.000000 0.000000 0.079439 0.000000 0.000000 0.079439 0.000000 0.000000 0.079439 0.000000 0.000000
0 0.56955683 0.28338784 0.061835572 0.22285046 0.549942 0.212617 2.000000 0.556513 0.203271 2.000000 0.552570 0.203271 2.000000 0.568341 0.214953 2.000000 0.079439 0.000000 0.000000 0.569655 0.257009 2.000000 0.557827 0.250000 2.000000 0.079439 0.000000 0.000000 0.079439 0.000000 0.000000 0.079439 0.000000 0.000000 0.079439 0.000000 0.000000 0.079439 0.000000 0.000000 0.079439 0.000000 0.000000 0.079439 0.000000 0.000000 0.079439 0.000000 0.000000 0.079439 0.000000 0.000000 0.079439 0.000000 0.000000
0 0.5 0.4988318 0.83849305 0.9976636 0.079439 0.000000 0.000000 0.079439 0.000000 0.000000 0.079439 0.000000 0.000000 0.079439 0.000000 0.000000 0.079439 0.000000 0.000000 0.079439 0.000000 0.000000 0.079439 0.000000 0.000000 0.079439 0.000000 0.000000 0.079439 0.000000 0.000000 0.079439 0.000000 0.000000 0.079439 0.000000 0.000000 0.079439 0.000000 0.000000 0.079439 0.000000 0.000000 0.079439 0.000000 0.000000 0.079439 0.000000 0.000000 0.079439 0.000000 0.000000 0.079439 0.000000 0.000000