0 0.739629 0.51300937 0.24901493 0.66967213 0.673888 0.266979 2.000000 0.680474 0.252927 2.000000 0.669936 0.255269 2.000000 0.706821 0.250585 2.000000 0.078454 0.000000 0.000000 0.738437 0.274005 2.000000 0.663349 0.332553 2.000000 0.777957 0.276347 2.000000 0.637002 0.437939 2.000000 0.829333 0.255269 2.000000 0.630416 0.407494 2.000000 0.747658 0.473068 2.000000 0.702869 0.498829 2.000000 0.801669 0.594848 2.000000 0.745023 0.622951 2.000000 0.808255 0.784543 2.000000 0.717359 0.817330 2.000000
0 0.8868077 0.46291566 0.05941159 0.26067916 0.884660 0.377049 2.000000 0.887295 0.370023 2.000000 0.882026 0.372365 2.000000 0.078454 0.000000 0.000000 0.078454 0.000000 0.000000 0.901786 0.405152 2.000000 0.872804 0.412178 2.000000 0.905738 0.435597 2.000000 0.866218 0.435597 2.000000 0.912324 0.451991 2.000000 0.860949 0.463700 2.000000 0.897834 0.470726 2.000000 0.882026 0.470726 2.000000 0.904420 0.522248 2.000000 0.891247 0.519906 2.000000 0.900468 0.552693 2.000000 0.893882 0.580796 2.000000
0 0.41513762 0.49077284 0.05229801 0.24819672 0.411739 0.391101 2.000000 0.413056 0.386417 2.000000 0.407787 0.384075 2.000000 0.417008 0.388759 2.000000 0.403835 0.391101 2.000000 0.420960 0.416862 2.000000 0.395931 0.419204 1.000000 0.422278 0.440281 2.000000 0.394614 0.449649 2.000000 0.430182 0.484777 2.000000 0.409104 0.442623 2.000000 0.419643 0.491803 2.000000 0.399883 0.491803 2.000000 0.424912 0.538642 2.000000 0.407787 0.538642 2.000000 0.419643 0.578454 2.000000 0.406470 0.597190 2.000000
0 0.275 0.47697896 0.07780152 0.12782201 0.291862 0.440281 2.000000 0.294496 0.433255 2.000000 0.289227 0.433255 2.000000 0.299766 0.440281 2.000000 0.285275 0.437939 2.000000 0.302400 0.468384 2.000000 0.274737 0.468384 2.000000 0.302400 0.503513 2.000000 0.262881 0.491803 2.000000 0.286593 0.489461 2.000000 0.251025 0.512881 2.000000 0.293179 0.526932 1.000000 0.277371 0.517564 2.000000 0.078454 0.000000 0.000000 0.078454 0.000000 0.000000 0.078454 0.000000 0.000000 0.078454 0.000000 0.000000
0 0.2479091 0.49137002 0.059319377 0.26667446 0.251025 0.379391 2.000000 0.253659 0.372365 2.000000 0.247073 0.374707 2.000000 0.258929 0.377049 2.000000 0.243121 0.377049 2.000000 0.265515 0.409836 2.000000 0.235217 0.409836 2.000000 0.269467 0.440281 2.000000 0.224678 0.444965 2.000000 0.273419 0.473068 1.000000 0.224678 0.484777 2.000000 0.261563 0.487119 1.000000 0.243121 0.487119 2.000000 0.261563 0.543326 1.000000 0.239169 0.548009 2.000000 0.078454 0.000000 0.000000 0.225995 0.590164 2.000000
0 0.2031199 0.52288055 0.04962383 0.2308665 0.200966 0.430913 2.000000 0.203601 0.426230 2.000000 0.198331 0.426230 2.000000 0.206235 0.428571 2.000000 0.193062 0.428571 2.000000 0.214139 0.459016 2.000000 0.186475 0.463700 2.000000 0.218091 0.489461 2.000000 0.182523 0.489461 2.000000 0.223361 0.519906 2.000000 0.185158 0.517564 2.000000 0.204918 0.515222 2.000000 0.193062 0.515222 2.000000 0.212822 0.571429 2.000000 0.194379 0.573770 2.000000 0.204918 0.592506 2.000000 0.197014 0.620609 2.000000
0 0.13015296 0.51943797 0.04893882 0.2145199 0.124561 0.437939 2.000000 0.128513 0.433255 2.000000 0.123244 0.433255 2.000000 0.078454 0.000000 0.000000 0.116657 0.435597 2.000000 0.136417 0.459016 2.000000 0.114022 0.466042 2.000000 0.143004 0.494145 2.000000 0.110070 0.498829 2.000000 0.148273 0.515222 2.000000 0.112705 0.524590 2.000000 0.137734 0.524590 2.000000 0.123244 0.526932 2.000000 0.136417 0.573770 2.000000 0.121926 0.573770 2.000000 0.133782 0.611241 2.000000 0.123244 0.618267 2.000000
0 0.76675284 0.42790398 0.05578893 0.17384076 0.742389 0.367682 2.000000 0.746341 0.362998 2.000000 0.739754 0.362998 1.000000 0.748975 0.370023 2.000000 0.078454 0.000000 0.000000 0.760831 0.405152 2.000000 0.078454 0.000000 0.000000 0.777957 0.442623 2.000000 0.078454 0.000000 0.000000 0.784543 0.473068 2.000000 0.078454 0.000000 0.000000 0.078454 0.000000 0.000000 0.078454 0.000000 0.000000 0.078454 0.000000 0.000000 0.078454 0.000000 0.000000 0.078454 0.000000 0.000000 0.078454 0.000000 0.000000
0 0.8006016 0.47142854 0.028454334 0.14435597 0.078454 0.000000 0.000000 0.078454 0.000000 0.000000 0.078454 0.000000 0.000000 0.078454 0.000000 0.000000 0.078454 0.000000 0.000000 0.078454 0.000000 0.000000 0.078454 0.000000 0.000000 0.078454 0.000000 0.000000 0.078454 0.000000 0.000000 0.078454 0.000000 0.000000 0.078454 0.000000 0.000000 0.078454 0.000000 0.000000 0.078454 0.000000 0.000000 0.078454 0.000000 0.000000 0.078454 0.000000 0.000000 0.078454 0.000000 0.000000 0.078454 0.000000 0.000000
0 0.3717118 0.7280796 0.25280884 0.4044965 0.256294 0.611241 2.000000 0.264198 0.604215 2.000000 0.078454 0.000000 0.000000 0.294496 0.594848 2.000000 0.078454 0.000000 0.000000 0.328747 0.646370 2.000000 0.286593 0.637002 2.000000 0.397248 0.721311 2.000000 0.322160 0.672131 2.000000 0.340603 0.768150 2.000000 0.293179 0.740047 1.000000 0.393296 0.775176 2.000000 0.353776 0.775176 2.000000 0.364315 0.911007 2.000000 0.322160 0.892272 2.000000 0.461797 0.852459 2.000000 0.409104 0.824356 2.000000
0 0.37789667 0.5160773 0.017704917 0.10372365 0.078454 0.000000 0.000000 0.078454 0.000000 0.000000 0.078454 0.000000 0.000000 0.078454 0.000000 0.000000 0.078454 0.000000 0.000000 0.078454 0.000000 0.000000 0.078454 0.000000 0.000000 0.078454 0.000000 0.000000 0.078454 0.000000 0.000000 0.078454 0.000000 0.000000 0.078454 0.000000 0.000000 0.078454 0.000000 0.000000 0.078454 0.000000 0.000000 0.078454 0.000000 0.000000 0.078454 0.000000 0.000000 0.078454 0.000000 0.000000 0.078454 0.000000 0.000000
0 0.08621342 0.5294848 0.015518149 0.123325534 0.078454 0.000000 0.000000 0.078454 0.000000 0.000000 0.078454 0.000000 0.000000 0.078454 0.000000 0.000000 0.078454 0.000000 0.000000 0.078454 0.000000 0.000000 0.078454 0.000000 0.000000 0.078454 0.000000 0.000000 0.078454 0.000000 0.000000 0.078454 0.000000 0.000000 0.078454 0.000000 0.000000 0.078454 0.000000 0.000000 0.078454 0.000000 0.000000 0.078454 0.000000 0.000000 0.078454 0.000000 0.000000 0.078454 0.000000 0.000000 0.078454 0.000000 0.000000
0 0.84632605 0.5196604 0.010512295 0.030515222 0.078454 0.000000 0.000000 0.078454 0.000000 0.000000 0.078454 0.000000 0.000000 0.078454 0.000000 0.000000 0.078454 0.000000 0.000000 0.078454 0.000000 0.000000 0.078454 0.000000 0.000000 0.078454 0.000000 0.000000 0.078454 0.000000 0.000000 0.078454 0.000000 0.000000 0.078454 0.000000 0.000000 0.078454 0.000000 0.000000 0.078454 0.000000 0.000000 0.078454 0.000000 0.000000 0.078454 0.000000 0.000000 0.078454 0.000000 0.000000 0.078454 0.000000 0.000000
0 0.4664081 0.5398126 0.7732728 0.08196721 0.078454 0.000000 0.000000 0.078454 0.000000 0.000000 0.078454 0.000000 0.000000 0.078454 0.000000 0.000000 0.078454 0.000000 0.000000 0.078454 0.000000 0.000000 0.078454 0.000000 0.000000 0.078454 0.000000 0.000000 0.078454 0.000000 0.000000 0.078454 0.000000 0.000000 0.078454 0.000000 0.000000 0.078454 0.000000 0.000000 0.078454 0.000000 0.000000 0.078454 0.000000 0.000000 0.078454 0.000000 0.000000 0.078454 0.000000 0.000000 0.078454 0.000000 0.000000