0 0.5909748 0.52405155 0.062151637 0.38163936 0.586944 0.367682 2.000000 0.589578 0.362998 2.000000 0.584309 0.362998 2.000000 0.596165 0.367682 2.000000 0.577722 0.370023 2.000000 0.606704 0.416862 2.000000 0.569818 0.416862 2.000000 0.614608 0.470726 2.000000 0.564549 0.470726 2.000000 0.078454 0.000000 0.000000 0.078454 0.000000 0.000000 0.594848 0.508197 2.000000 0.573771 0.508197 2.000000 0.600117 0.599532 2.000000 0.571136 0.597190 2.000000 0.597482 0.693208 2.000000 0.571136 0.688525 2.000000
0 0.29116362 0.42175648 0.071741804 0.17559719 0.291862 0.372365 2.000000 0.295814 0.367682 2.000000 0.286593 0.367682 2.000000 0.078454 0.000000 0.000000 0.281323 0.372365 2.000000 0.310304 0.412178 2.000000 0.272102 0.409836 2.000000 0.305035 0.473068 2.000000 0.280006 0.468384 2.000000 0.299766 0.409836 2.000000 0.307670 0.475410 2.000000 0.297131 0.484777 2.000000 0.272102 0.489461 2.000000 0.308987 0.489461 2.000000 0.291862 0.487119 2.000000 0.318208 0.569087 1.000000 0.286593 0.569087 1.000000
0 0.179375 0.42461357 0.1170843 0.22777517 0.193062 0.348946 2.000000 0.078454 0.000000 0.000000 0.189110 0.341920 2.000000 0.078454 0.000000 0.000000 0.173302 0.339578 2.000000 0.195697 0.391101 2.000000 0.149590 0.377049 2.000000 0.204918 0.454333 2.000000 0.123244 0.414520 1.000000 0.206235 0.423888 2.000000 0.140369 0.454333 2.000000 0.193062 0.491803 2.000000 0.157494 0.494145 2.000000 0.222043 0.491803 2.000000 0.168033 0.480094 2.000000 0.222043 0.580796 1.000000 0.171985 0.583138 1.000000
0 0.12802547 0.11108899 0.08789227 0.22217798 0.124561 0.016393 2.000000 0.127196 0.009368 2.000000 0.120609 0.009368 2.000000 0.135100 0.014052 2.000000 0.112705 0.011710 2.000000 0.140369 0.060890 2.000000 0.100849 0.046838 2.000000 0.150908 0.098361 2.000000 0.098214 0.091335 2.000000 0.132465 0.098361 2.000000 0.139052 0.093677 2.000000 0.135100 0.131148 2.000000 0.110070 0.133489 2.000000 0.161446 0.145199 2.000000 0.099532 0.156909 2.000000 0.157494 0.231850 1.000000 0.110070 0.229508 1.000000
0 0.21744584 0.11501171 0.09171253 0.22899297 0.227313 0.011710 2.000000 0.231265 0.002342 2.000000 0.222043 0.002342 2.000000 0.237851 0.004684 2.000000 0.212822 0.007026 2.000000 0.249707 0.046838 2.000000 0.203601 0.044496 2.000000 0.253659 0.107728 2.000000 0.190427 0.096019 2.000000 0.228630 0.126464 2.000000 0.204918 0.124122 2.000000 0.236534 0.142857 2.000000 0.212822 0.142857 2.000000 0.252342 0.131148 2.000000 0.177254 0.131148 2.000000 0.239169 0.236534 1.000000 0.195697 0.234192 1.000000
0 0.24391101 0.4477166 0.05524883 0.13234192 0.241803 0.409836 2.000000 0.243121 0.402810 2.000000 0.236534 0.405152 2.000000 0.078454 0.000000 0.000000 0.225995 0.409836 2.000000 0.245755 0.433255 2.000000 0.224678 0.437939 2.000000 0.252342 0.480094 2.000000 0.235217 0.484777 2.000000 0.243121 0.468384 2.000000 0.248390 0.484777 2.000000 0.078454 0.000000 0.000000 0.078454 0.000000 0.000000 0.078454 0.000000 0.000000 0.078454 0.000000 0.000000 0.078454 0.000000 0.000000 0.078454 0.000000 0.000000
0 0.34143957 0.09167447 0.05963554 0.18161593 0.078454 0.000000 0.000000 0.078454 0.000000 0.000000 0.078454 0.000000 0.000000 0.078454 0.000000 0.000000 0.078454 0.000000 0.000000 0.078454 0.000000 0.000000 0.078454 0.000000 0.000000 0.365632 0.035129 2.000000 0.319526 0.042155 2.000000 0.355094 0.060890 2.000000 0.331382 0.063232 2.000000 0.359046 0.058548 2.000000 0.331382 0.056206 2.000000 0.347190 0.088993 2.000000 0.332699 0.088993 2.000000 0.357728 0.156909 2.000000 0.328747 0.156909 2.000000
0 0.505401 0.5061944 0.14949064 0.98761123 0.503952 0.271663 2.000000 0.519760 0.276347 2.000000 0.505269 0.250585 2.000000 0.536885 0.297424 2.000000 0.078454 0.000000 0.000000 0.522395 0.402810 2.000000 0.482875 0.264637 2.000000 0.561915 0.531616 2.000000 0.447307 0.135831 2.000000 0.515808 0.620609 2.000000 0.505269 0.063232 2.000000 0.513173 0.557377 2.000000 0.460480 0.503513 2.000000 0.480240 0.704918 2.000000 0.445989 0.735363 2.000000 0.496048 0.957845 2.000000 0.500000 0.871194 2.000000
0 0.17731337 0.0642623 0.056658372 0.1285246 0.078454 0.000000 0.000000 0.078454 0.000000 0.000000 0.078454 0.000000 0.000000 0.078454 0.000000 0.000000 0.078454 0.000000 0.000000 0.198331 0.025761 2.000000 0.154859 0.021077 2.000000 0.195697 0.056206 1.000000 0.154859 0.072600 2.000000 0.174619 0.070258 2.000000 0.171985 0.070258 2.000000 0.078454 0.000000 0.000000 0.078454 0.000000 0.000000 0.078454 0.000000 0.000000 0.078454 0.000000 0.000000 0.078454 0.000000 0.000000 0.078454 0.000000 0.000000
0 0.26998755 0.085807964 0.060873825 0.17161593 0.252342 0.007026 2.000000 0.257611 0.000000 1.000000 0.078454 0.000000 0.000000 0.268150 0.004684 2.000000 0.078454 0.000000 0.000000 0.282641 0.023419 2.000000 0.243121 0.025761 2.000000 0.286593 0.077283 2.000000 0.078454 0.000000 0.000000 0.253659 0.098361 1.000000 0.252342 0.035129 2.000000 0.286593 0.103044 2.000000 0.253659 0.103044 1.000000 0.282641 0.096019 2.000000 0.078454 0.000000 0.000000 0.287910 0.192037 1.000000 0.078454 0.000000 0.000000
0 0.11081456 0.45593676 0.06472044 0.15098362 0.079772 0.423888 1.000000 0.083724 0.414520 2.000000 0.078454 0.000000 0.000000 0.091628 0.421546 2.000000 0.078454 0.000000 0.000000 0.102166 0.463700 2.000000 0.078454 0.000000 0.000000 0.133782 0.480094 2.000000 0.078454 0.000000 0.000000 0.119292 0.517564 2.000000 0.078454 0.000000 0.000000 0.078454 0.000000 0.000000 0.078454 0.000000 0.000000 0.078454 0.000000 0.000000 0.078454 0.000000 0.000000 0.078454 0.000000 0.000000 0.078454 0.000000 0.000000
0 0.12211065 0.3502459 0.06504977 0.16386417 0.121926 0.306792 2.000000 0.127196 0.302108 2.000000 0.116657 0.302108 2.000000 0.078454 0.000000 0.000000 0.078454 0.000000 0.000000 0.143004 0.346604 2.000000 0.100849 0.348946 2.000000 0.078454 0.000000 0.000000 0.098214 0.395785 2.000000 0.078454 0.000000 0.000000 0.078454 0.000000 0.000000 0.078454 0.000000 0.000000 0.078454 0.000000 0.000000 0.078454 0.000000 0.000000 0.078454 0.000000 0.000000 0.078454 0.000000 0.000000 0.078454 0.000000 0.000000
0 0.090395935 0.3832904 0.02261856 0.12409836 0.078454 0.000000 0.000000 0.078454 0.000000 0.000000 0.078454 0.000000 0.000000 0.078454 0.000000 0.000000 0.078454 0.000000 0.000000 0.078454 0.000000 0.000000 0.078454 0.000000 0.000000 0.078454 0.000000 0.000000 0.078454 0.000000 0.000000 0.078454 0.000000 0.000000 0.078454 0.000000 0.000000 0.078454 0.000000 0.000000 0.078454 0.000000 0.000000 0.078454 0.000000 0.000000 0.078454 0.000000 0.000000 0.078454 0.000000 0.000000 0.078454 0.000000 0.000000