0 0.66145474 0.65169024 0.116289616 0.6966198 0.629401 0.359155 2.000000 0.077465 0.000000 0.000000 0.077465 0.000000 0.000000 0.642606 0.352113 2.000000 0.077465 0.000000 0.000000 0.638644 0.429577 2.000000 0.686180 0.420188 2.000000 0.614877 0.492958 2.000000 0.695423 0.535211 2.000000 0.077465 0.000000 0.000000 0.077465 0.000000 0.000000 0.654489 0.619718 2.000000 0.686180 0.593897 2.000000 0.657130 0.784038 2.000000 0.692782 0.774648 2.000000 0.661092 0.960094 2.000000 0.698063 0.936620 2.000000
0 0.2640141 0.5951995 0.09425176 0.54941314 0.283451 0.377934 2.000000 0.077465 0.000000 0.000000 0.276849 0.368545 2.000000 0.077465 0.000000 0.000000 0.262324 0.373239 2.000000 0.249120 0.436620 2.000000 0.254401 0.450704 2.000000 0.261004 0.558685 2.000000 0.243838 0.570423 2.000000 0.288732 0.582160 2.000000 0.263644 0.654930 2.000000 0.264965 0.666667 2.000000 0.268926 0.666667 2.000000 0.263644 0.800470 2.000000 0.264965 0.802817 2.000000 0.258363 0.955399 1.000000 0.259683 0.957747 1.000000
0 0.70517385 0.3553404 0.07353433 0.16476527 0.700704 0.300469 2.000000 0.707306 0.291080 2.000000 0.698063 0.293427 2.000000 0.716549 0.305164 2.000000 0.077465 0.000000 0.000000 0.721831 0.342723 2.000000 0.691461 0.340376 2.000000 0.738997 0.410798 1.000000 0.675616 0.415493 1.000000 0.077465 0.000000 0.000000 0.077465 0.000000 0.000000 0.715229 0.434272 1.000000 0.695423 0.434272 1.000000 0.719190 0.450704 1.000000 0.077465 0.000000 0.000000 0.723151 0.495305 1.000000 0.077465 0.000000 0.000000
0 0.7155656 0.26176056 0.102662854 0.19521128 0.717870 0.192488 2.000000 0.720511 0.183099 2.000000 0.708627 0.183099 2.000000 0.728433 0.185446 2.000000 0.703345 0.199531 2.000000 0.738997 0.241784 2.000000 0.687500 0.241784 2.000000 0.077465 0.000000 0.000000 0.672975 0.330986 1.000000 0.077465 0.000000 0.000000 0.077465 0.000000 0.000000 0.737676 0.354460 2.000000 0.690141 0.354460 1.000000 0.077465 0.000000 0.000000 0.077465 0.000000 0.000000 0.077465 0.000000 0.000000 0.077465 0.000000 0.000000
0 0.5687412 0.1608216 0.053846832 0.3216432 0.575264 0.009390 2.000000 0.576585 0.002347 2.000000 0.568662 0.004695 2.000000 0.077465 0.000000 0.000000 0.077465 0.000000 0.000000 0.583187 0.046948 2.000000 0.548856 0.053991 2.000000 0.077465 0.000000 0.000000 0.548856 0.112676 2.000000 0.077465 0.000000 0.000000 0.559419 0.159624 2.000000 0.583187 0.150235 2.000000 0.566021 0.150235 2.000000 0.581866 0.241784 2.000000 0.568662 0.239437 2.000000 0.573944 0.314554 2.000000 0.077465 0.000000 0.000000
0 0.78381824 0.060669016 0.07585827 0.11922535 0.779930 0.021127 2.000000 0.783891 0.016432 2.000000 0.777289 0.016432 2.000000 0.077465 0.000000 0.000000 0.077465 0.000000 0.000000 0.798415 0.044601 2.000000 0.764085 0.046948 2.000000 0.815581 0.082160 2.000000 0.750880 0.100939 2.000000 0.789173 0.086854 2.000000 0.768046 0.084507 2.000000 0.077465 0.000000 0.000000 0.077465 0.000000 0.000000 0.077465 0.000000 0.000000 0.077465 0.000000 0.000000 0.077465 0.000000 0.000000 0.077465 0.000000 0.000000
0 0.49902952 0.61235917 0.14536531 0.67640847 0.498680 0.354460 2.000000 0.502641 0.340376 2.000000 0.490757 0.347418 2.000000 0.077465 0.000000 0.000000 0.474912 0.356808 2.000000 0.533011 0.422535 2.000000 0.453785 0.424883 2.000000 0.548856 0.500000 2.000000 0.439261 0.511737 2.000000 0.554137 0.593897 2.000000 0.439261 0.600939 2.000000 0.519806 0.615023 2.000000 0.472271 0.605634 2.000000 0.510563 0.751174 2.000000 0.476232 0.751174 2.000000 0.511884 0.884977 2.000000 0.486796 0.880282 2.000000
0 0.61150306 0.16264084 0.049740314 0.3241549 0.077465 0.000000 0.000000 0.595070 0.002347 2.000000 0.077465 0.000000 0.000000 0.609595 0.002347 2.000000 0.077465 0.000000 0.000000 0.618838 0.032864 2.000000 0.600352 0.037559 2.000000 0.591109 0.072770 2.000000 0.077465 0.000000 0.000000 0.604313 0.021127 2.000000 0.077465 0.000000 0.000000 0.616197 0.150235 2.000000 0.599032 0.147887 2.000000 0.610915 0.239437 2.000000 0.602993 0.244131 2.000000 0.621479 0.330986 1.000000 0.612236 0.328639 1.000000
0 0.4427069 0.2568075 0.072464794 0.13943662 0.436620 0.223005 2.000000 0.441901 0.218310 2.000000 0.432658 0.218310 2.000000 0.448504 0.218310 2.000000 0.428697 0.223005 1.000000 0.459067 0.248826 2.000000 0.420775 0.262911 2.000000 0.470951 0.288732 2.000000 0.414173 0.302817 2.000000 0.457747 0.319249 2.000000 0.422095 0.323944 2.000000 0.077465 0.000000 0.000000 0.077465 0.000000 0.000000 0.077465 0.000000 0.000000 0.077465 0.000000 0.000000 0.077465 0.000000 0.000000 0.077465 0.000000 0.000000
0 0.25265184 0.26415497 0.054308984 0.14079814 0.249120 0.232394 2.000000 0.251761 0.223005 2.000000 0.243838 0.223005 2.000000 0.258363 0.227700 2.000000 0.239877 0.227700 2.000000 0.266285 0.260563 2.000000 0.234595 0.260563 2.000000 0.267606 0.298122 2.000000 0.225352 0.288732 1.000000 0.241197 0.298122 2.000000 0.255722 0.284038 2.000000 0.077465 0.000000 0.000000 0.077465 0.000000 0.000000 0.249120 0.288732 2.000000 0.235915 0.286385 2.000000 0.247799 0.340376 1.000000 0.233275 0.338028 1.000000
0 0.183125 0.26633805 0.07732394 0.12131456 0.185739 0.253521 2.000000 0.189701 0.244131 2.000000 0.180458 0.244131 2.000000 0.196303 0.244131 2.000000 0.077465 0.000000 0.000000 0.212148 0.274648 2.000000 0.171215 0.269953 2.000000 0.213468 0.323944 2.000000 0.156690 0.309859 2.000000 0.192342 0.293427 2.000000 0.171215 0.295775 2.000000 0.206866 0.347418 1.000000 0.173856 0.342723 1.000000 0.167254 0.305164 2.000000 0.077465 0.000000 0.000000 0.077465 0.000000 0.000000 0.077465 0.000000 0.000000
0 0.38443002 0.2713263 0.057953347 0.10302817 0.389084 0.248826 2.000000 0.393046 0.244131 2.000000 0.385123 0.246479 2.000000 0.077465 0.000000 0.000000 0.379842 0.251174 2.000000 0.406250 0.284038 2.000000 0.373239 0.288732 2.000000 0.415493 0.326291 1.000000 0.361356 0.326291 1.000000 0.385123 0.326291 1.000000 0.386444 0.314554 2.000000 0.402289 0.352113 1.000000 0.377201 0.352113 1.000000 0.077465 0.000000 0.000000 0.077465 0.000000 0.000000 0.077465 0.000000 0.000000 0.077465 0.000000 0.000000
0 0.8348196 0.2542958 0.097869724 0.19906105 0.831426 0.204225 2.000000 0.836708 0.197183 2.000000 0.826144 0.197183 2.000000 0.845951 0.197183 2.000000 0.819542 0.199531 2.000000 0.852553 0.246479 2.000000 0.811620 0.248826 2.000000 0.849912 0.197183 2.000000 0.790493 0.291080 2.000000 0.834067 0.159624 2.000000 0.805018 0.244131 2.000000 0.844630 0.366197 1.000000 0.811620 0.366197 1.000000 0.077465 0.000000 0.000000 0.077465 0.000000 0.000000 0.077465 0.000000 0.000000 0.077465 0.000000 0.000000