0 0.89455545 0.15014085 0.013573944 0.03671362 0.077465 0.000000 0.000000 0.077465 0.000000 0.000000 0.077465 0.000000 0.000000 0.077465 0.000000 0.000000 0.077465 0.000000 0.000000 0.077465 0.000000 0.000000 0.077465 0.000000 0.000000 0.077465 0.000000 0.000000 0.077465 0.000000 0.000000 0.077465 0.000000 0.000000 0.077465 0.000000 0.000000 0.077465 0.000000 0.000000 0.077465 0.000000 0.000000 0.077465 0.000000 0.000000 0.077465 0.000000 0.000000 0.077465 0.000000 0.000000 0.077465 0.000000 0.000000
0 0.46300176 0.49213618 0.14915493 0.43596244 0.406250 0.345070 2.000000 0.410211 0.326291 2.000000 0.400968 0.335681 2.000000 0.427377 0.319249 2.000000 0.077465 0.000000 0.000000 0.440581 0.361502 2.000000 0.077465 0.000000 0.000000 0.464349 0.392019 2.000000 0.077465 0.000000 0.000000 0.473592 0.427230 2.000000 0.077465 0.000000 0.000000 0.506602 0.476526 2.000000 0.501320 0.490610 2.000000 0.426056 0.502347 2.000000 0.447183 0.565728 2.000000 0.453785 0.647887 2.000000 0.484155 0.694836 2.000000
0 0.6134771 0.36771128 0.116038725 0.54706573 0.584507 0.180751 2.000000 0.588468 0.166667 2.000000 0.577905 0.166667 2.000000 0.600352 0.169014 2.000000 0.567342 0.169014 1.000000 0.622799 0.211268 2.000000 0.567342 0.234742 2.000000 0.659771 0.260563 2.000000 0.575264 0.326291 2.000000 0.641285 0.185446 2.000000 0.595070 0.307512 2.000000 0.628081 0.396714 2.000000 0.591109 0.399061 2.000000 0.077465 0.000000 0.000000 0.600352 0.521127 2.000000 0.077465 0.000000 0.000000 0.575264 0.563380 2.000000
0 0.706184 0.52915496 0.3544014 0.9147888 0.790493 0.225352 1.000000 0.077465 0.000000 0.000000 0.773328 0.213615 2.000000 0.077465 0.000000 0.000000 0.077465 0.000000 0.000000 0.764085 0.356808 2.000000 0.702025 0.342723 2.000000 0.077465 0.000000 0.000000 0.746919 0.572770 2.000000 0.077465 0.000000 0.000000 0.814261 0.516432 2.000000 0.736356 0.762911 2.000000 0.655810 0.755869 2.000000 0.077465 0.000000 0.000000 0.077465 0.000000 0.000000 0.077465 0.000000 0.000000 0.077465 0.000000 0.000000
0 0.10035431 0.26508218 0.044643488 0.17617373 0.077465 0.000000 0.000000 0.077465 0.000000 0.000000 0.077465 0.000000 0.000000 0.077465 0.000000 0.000000 0.077465 0.000000 0.000000 0.077465 0.000000 0.000000 0.077465 0.000000 0.000000 0.077465 0.000000 0.000000 0.077465 0.000000 0.000000 0.077465 0.000000 0.000000 0.077465 0.000000 0.000000 0.077465 0.000000 0.000000 0.077465 0.000000 0.000000 0.077465 0.000000 0.000000 0.077465 0.000000 0.000000 0.077465 0.000000 0.000000 0.077465 0.000000 0.000000
0 0.13939922 0.2126878 0.047812503 0.098521136 0.077465 0.000000 0.000000 0.077465 0.000000 0.000000 0.077465 0.000000 0.000000 0.077465 0.000000 0.000000 0.077465 0.000000 0.000000 0.077465 0.000000 0.000000 0.077465 0.000000 0.000000 0.077465 0.000000 0.000000 0.077465 0.000000 0.000000 0.077465 0.000000 0.000000 0.077465 0.000000 0.000000 0.077465 0.000000 0.000000 0.077465 0.000000 0.000000 0.077465 0.000000 0.000000 0.077465 0.000000 0.000000 0.077465 0.000000 0.000000 0.077465 0.000000 0.000000
0 0.89185524 0.21572772 0.06136004 0.0943662 0.892165 0.192488 2.000000 0.894806 0.187793 2.000000 0.889525 0.187793 2.000000 0.077465 0.000000 0.000000 0.884243 0.192488 2.000000 0.909331 0.218310 2.000000 0.878961 0.218310 2.000000 0.918574 0.248826 2.000000 0.869718 0.253521 2.000000 0.897447 0.258216 2.000000 0.077465 0.000000 0.000000 0.077465 0.000000 0.000000 0.077465 0.000000 0.000000 0.077465 0.000000 0.000000 0.077465 0.000000 0.000000 0.077465 0.000000 0.000000 0.077465 0.000000 0.000000
0 0.8643838 0.18464789 0.03340669 0.060563378 0.077465 0.000000 0.000000 0.077465 0.000000 0.000000 0.077465 0.000000 0.000000 0.077465 0.000000 0.000000 0.077465 0.000000 0.000000 0.077465 0.000000 0.000000 0.077465 0.000000 0.000000 0.077465 0.000000 0.000000 0.077465 0.000000 0.000000 0.077465 0.000000 0.000000 0.077465 0.000000 0.000000 0.077465 0.000000 0.000000 0.077465 0.000000 0.000000 0.077465 0.000000 0.000000 0.077465 0.000000 0.000000 0.077465 0.000000 0.000000 0.077465 0.000000 0.000000
0 0.20071302 0.19325118 0.05434859 0.089882635 0.077465 0.000000 0.000000 0.077465 0.000000 0.000000 0.077465 0.000000 0.000000 0.077465 0.000000 0.000000 0.077465 0.000000 0.000000 0.077465 0.000000 0.000000 0.077465 0.000000 0.000000 0.077465 0.000000 0.000000 0.077465 0.000000 0.000000 0.077465 0.000000 0.000000 0.077465 0.000000 0.000000 0.077465 0.000000 0.000000 0.077465 0.000000 0.000000 0.077465 0.000000 0.000000 0.077465 0.000000 0.000000 0.077465 0.000000 0.000000 0.077465 0.000000 0.000000
0 0.19219631 0.07426057 0.021707747 0.062370893 0.077465 0.000000 0.000000 0.077465 0.000000 0.000000 0.077465 0.000000 0.000000 0.077465 0.000000 0.000000 0.077465 0.000000 0.000000 0.077465 0.000000 0.000000 0.077465 0.000000 0.000000 0.077465 0.000000 0.000000 0.077465 0.000000 0.000000 0.077465 0.000000 0.000000 0.077465 0.000000 0.000000 0.077465 0.000000 0.000000 0.077465 0.000000 0.000000 0.077465 0.000000 0.000000 0.077465 0.000000 0.000000 0.077465 0.000000 0.000000 0.077465 0.000000 0.000000
0 0.47434416 0.21807513 0.08316021 0.092300475 0.490757 0.197183 2.000000 0.493398 0.192488 2.000000 0.488116 0.192488 2.000000 0.498680 0.194836 1.000000 0.484155 0.197183 2.000000 0.506602 0.223005 2.000000 0.477553 0.220657 2.000000 0.506602 0.255869 2.000000 0.461708 0.230047 2.000000 0.496039 0.286385 1.000000 0.447183 0.230047 2.000000 0.503961 0.281690 1.000000 0.480194 0.279343 1.000000 0.077465 0.000000 0.000000 0.077465 0.000000 0.000000 0.077465 0.000000 0.000000 0.077465 0.000000 0.000000
0 0.156228 0.17204225 0.031478874 0.08769954 0.077465 0.000000 0.000000 0.077465 0.000000 0.000000 0.077465 0.000000 0.000000 0.077465 0.000000 0.000000 0.077465 0.000000 0.000000 0.077465 0.000000 0.000000 0.077465 0.000000 0.000000 0.077465 0.000000 0.000000 0.077465 0.000000 0.000000 0.077465 0.000000 0.000000 0.077465 0.000000 0.000000 0.077465 0.000000 0.000000 0.077465 0.000000 0.000000 0.077465 0.000000 0.000000 0.077465 0.000000 0.000000 0.077465 0.000000 0.000000 0.077465 0.000000 0.000000
0 0.5307923 0.21667841 0.04365317 0.09349766 0.077465 0.000000 0.000000 0.077465 0.000000 0.000000 0.077465 0.000000 0.000000 0.077465 0.000000 0.000000 0.077465 0.000000 0.000000 0.077465 0.000000 0.000000 0.077465 0.000000 0.000000 0.077465 0.000000 0.000000 0.077465 0.000000 0.000000 0.077465 0.000000 0.000000 0.077465 0.000000 0.000000 0.077465 0.000000 0.000000 0.077465 0.000000 0.000000 0.077465 0.000000 0.000000 0.077465 0.000000 0.000000 0.077465 0.000000 0.000000 0.077465 0.000000 0.000000
0 0.5 0.1960094 0.8424296 0.38732395 0.077465 0.000000 0.000000 0.077465 0.000000 0.000000 0.077465 0.000000 0.000000 0.077465 0.000000 0.000000 0.077465 0.000000 0.000000 0.077465 0.000000 0.000000 0.077465 0.000000 0.000000 0.077465 0.000000 0.000000 0.077465 0.000000 0.000000 0.077465 0.000000 0.000000 0.077465 0.000000 0.000000 0.077465 0.000000 0.000000 0.077465 0.000000 0.000000 0.077465 0.000000 0.000000 0.077465 0.000000 0.000000 0.077465 0.000000 0.000000 0.077465 0.000000 0.000000