0 0.4221897 0.5280942 0.33244413 0.82696474 0.375588 0.228235 2.000000 0.383529 0.214118 2.000000 0.362353 0.214118 2.000000 0.076471 0.000000 0.000000 0.076471 0.000000 0.000000 0.424559 0.324706 2.000000 0.310735 0.348235 2.000000 0.484118 0.416471 2.000000 0.285588 0.501177 2.000000 0.546324 0.432941 2.000000 0.325294 0.510588 2.000000 0.411324 0.621176 1.000000 0.362353 0.625882 2.000000 0.076471 0.000000 0.000000 0.346471 0.672941 2.000000 0.076471 0.000000 0.000000 0.383529 0.910588 2.000000
0 0.13399118 0.5775176 0.1125 0.8224706 0.076471 0.000000 0.000000 0.076471 0.000000 0.000000 0.076471 0.000000 0.000000 0.076471 0.000000 0.000000 0.117500 0.242353 2.000000 0.076471 0.000000 0.000000 0.110882 0.360000 2.000000 0.076471 0.000000 0.000000 0.114853 0.510588 2.000000 0.076471 0.000000 0.000000 0.161176 0.595294 2.000000 0.076471 0.000000 0.000000 0.089706 0.616471 2.000000 0.076471 0.000000 0.000000 0.134706 0.802353 2.000000 0.076471 0.000000 0.000000 0.181029 0.974118 2.000000
0 0.30245003 0.29315296 0.034835294 0.075058825 0.076471 0.000000 0.000000 0.076471 0.000000 0.000000 0.076471 0.000000 0.000000 0.076471 0.000000 0.000000 0.076471 0.000000 0.000000 0.076471 0.000000 0.000000 0.076471 0.000000 0.000000 0.076471 0.000000 0.000000 0.076471 0.000000 0.000000 0.076471 0.000000 0.000000 0.076471 0.000000 0.000000 0.076471 0.000000 0.000000 0.076471 0.000000 0.000000 0.076471 0.000000 0.000000 0.076471 0.000000 0.000000 0.076471 0.000000 0.000000 0.076471 0.000000 0.000000
0 0.6018854 0.19757648 0.037879415 0.049082357 0.076471 0.000000 0.000000 0.076471 0.000000 0.000000 0.076471 0.000000 0.000000 0.076471 0.000000 0.000000 0.076471 0.000000 0.000000 0.076471 0.000000 0.000000 0.076471 0.000000 0.000000 0.076471 0.000000 0.000000 0.076471 0.000000 0.000000 0.076471 0.000000 0.000000 0.076471 0.000000 0.000000 0.076471 0.000000 0.000000 0.076471 0.000000 0.000000 0.076471 0.000000 0.000000 0.076471 0.000000 0.000000 0.076471 0.000000 0.000000 0.076471 0.000000 0.000000
0 0.6365353 0.2439294 0.050426472 0.13364705 0.620441 0.207059 2.000000 0.623088 0.202353 2.000000 0.619118 0.202353 2.000000 0.631029 0.197647 2.000000 0.076471 0.000000 0.000000 0.644265 0.235294 2.000000 0.076471 0.000000 0.000000 0.653529 0.284706 2.000000 0.076471 0.000000 0.000000 0.653529 0.324706 1.000000 0.076471 0.000000 0.000000 0.076471 0.000000 0.000000 0.076471 0.000000 0.000000 0.076471 0.000000 0.000000 0.076471 0.000000 0.000000 0.076471 0.000000 0.000000 0.076471 0.000000 0.000000
0 0.70280445 0.3690941 0.07456765 0.35955292 0.701176 0.232941 2.000000 0.705147 0.223529 2.000000 0.694559 0.225882 2.000000 0.713088 0.230588 2.000000 0.686618 0.237647 2.000000 0.722353 0.282353 1.000000 0.677353 0.296471 2.000000 0.076471 0.000000 0.000000 0.673382 0.362353 2.000000 0.076471 0.000000 0.000000 0.699853 0.381176 2.000000 0.725000 0.388235 2.000000 0.694559 0.397647 2.000000 0.076471 0.000000 0.000000 0.698529 0.392941 2.000000 0.076471 0.000000 0.000000 0.703824 0.508235 2.000000
0 0.71503377 0.17822354 0.02649706 0.055505883 0.076471 0.000000 0.000000 0.076471 0.000000 0.000000 0.076471 0.000000 0.000000 0.076471 0.000000 0.000000 0.076471 0.000000 0.000000 0.076471 0.000000 0.000000 0.076471 0.000000 0.000000 0.076471 0.000000 0.000000 0.076471 0.000000 0.000000 0.076471 0.000000 0.000000 0.076471 0.000000 0.000000 0.076471 0.000000 0.000000 0.076471 0.000000 0.000000 0.076471 0.000000 0.000000 0.076471 0.000000 0.000000 0.076471 0.000000 0.000000 0.076471 0.000000 0.000000
0 0.25608018 0.44818825 0.07140442 0.3963765 0.264412 0.296471 2.000000 0.268382 0.289412 2.000000 0.256471 0.289412 2.000000 0.275000 0.298824 2.000000 0.249853 0.303529 2.000000 0.285588 0.345882 1.000000 0.245882 0.341176 2.000000 0.076471 0.000000 0.000000 0.223382 0.411765 2.000000 0.076471 0.000000 0.000000 0.257794 0.425882 2.000000 0.276324 0.440000 1.000000 0.236618 0.435294 2.000000 0.076471 0.000000 0.000000 0.253824 0.456471 2.000000 0.076471 0.000000 0.000000 0.257794 0.609412 2.000000
0 0.5474089 0.2602941 0.05966471 0.10350589 0.076471 0.000000 0.000000 0.076471 0.000000 0.000000 0.076471 0.000000 0.000000 0.076471 0.000000 0.000000 0.076471 0.000000 0.000000 0.076471 0.000000 0.000000 0.076471 0.000000 0.000000 0.076471 0.000000 0.000000 0.076471 0.000000 0.000000 0.076471 0.000000 0.000000 0.076471 0.000000 0.000000 0.076471 0.000000 0.000000 0.076471 0.000000 0.000000 0.076471 0.000000 0.000000 0.076471 0.000000 0.000000 0.076471 0.000000 0.000000 0.076471 0.000000 0.000000
0 0.69181913 0.20405884 0.031129414 0.121341184 0.076471 0.000000 0.000000 0.076471 0.000000 0.000000 0.076471 0.000000 0.000000 0.076471 0.000000 0.000000 0.076471 0.000000 0.000000 0.076471 0.000000 0.000000 0.076471 0.000000 0.000000 0.076471 0.000000 0.000000 0.076471 0.000000 0.000000 0.076471 0.000000 0.000000 0.076471 0.000000 0.000000 0.076471 0.000000 0.000000 0.076471 0.000000 0.000000 0.076471 0.000000 0.000000 0.076471 0.000000 0.000000 0.076471 0.000000 0.000000 0.076471 0.000000 0.000000
0 0.6072522 0.26400003 0.06544854 0.09195294 0.604559 0.249412 2.000000 0.608529 0.242353 2.000000 0.603235 0.242353 2.000000 0.616471 0.251765 2.000000 0.076471 0.000000 0.000000 0.631029 0.280000 2.000000 0.588676 0.282353 2.000000 0.076471 0.000000 0.000000 0.076471 0.000000 0.000000 0.076471 0.000000 0.000000 0.076471 0.000000 0.000000 0.076471 0.000000 0.000000 0.076471 0.000000 0.000000 0.076471 0.000000 0.000000 0.076471 0.000000 0.000000 0.076471 0.000000 0.000000 0.076471 0.000000 0.000000
0 0.7351183 0.24410589 0.031354412 0.069152944 0.076471 0.000000 0.000000 0.076471 0.000000 0.000000 0.076471 0.000000 0.000000 0.076471 0.000000 0.000000 0.076471 0.000000 0.000000 0.076471 0.000000 0.000000 0.076471 0.000000 0.000000 0.076471 0.000000 0.000000 0.076471 0.000000 0.000000 0.076471 0.000000 0.000000 0.076471 0.000000 0.000000 0.076471 0.000000 0.000000 0.076471 0.000000 0.000000 0.076471 0.000000 0.000000 0.076471 0.000000 0.000000 0.076471 0.000000 0.000000 0.076471 0.000000 0.000000
0 0.13164191 0.17882355 0.03529853 0.11505883 0.076471 0.000000 0.000000 0.076471 0.000000 0.000000 0.076471 0.000000 0.000000 0.076471 0.000000 0.000000 0.076471 0.000000 0.000000 0.076471 0.000000 0.000000 0.076471 0.000000 0.000000 0.076471 0.000000 0.000000 0.076471 0.000000 0.000000 0.076471 0.000000 0.000000 0.076471 0.000000 0.000000 0.076471 0.000000 0.000000 0.076471 0.000000 0.000000 0.076471 0.000000 0.000000 0.076471 0.000000 0.000000 0.076471 0.000000 0.000000 0.076471 0.000000 0.000000
0 0.48808825 0.20941177 0.7517647 0.33411765 0.076471 0.000000 0.000000 0.076471 0.000000 0.000000 0.076471 0.000000 0.000000 0.076471 0.000000 0.000000 0.076471 0.000000 0.000000 0.076471 0.000000 0.000000 0.076471 0.000000 0.000000 0.076471 0.000000 0.000000 0.076471 0.000000 0.000000 0.076471 0.000000 0.000000 0.076471 0.000000 0.000000 0.076471 0.000000 0.000000 0.076471 0.000000 0.000000 0.076471 0.000000 0.000000 0.076471 0.000000 0.000000 0.076471 0.000000 0.000000 0.076471 0.000000 0.000000