0 0.53086704 0.36411273 0.013352036 0.04329854 0.124217 0.000000 0.000000 0.124217 0.000000 0.000000 0.124217 0.000000 0.000000 0.124217 0.000000 0.000000 0.124217 0.000000 0.000000 0.124217 0.000000 0.000000 0.124217 0.000000 0.000000 0.124217 0.000000 0.000000 0.124217 0.000000 0.000000 0.124217 0.000000 0.000000 0.124217 0.000000 0.000000 0.124217 0.000000 0.000000 0.124217 0.000000 0.000000 0.124217 0.000000 0.000000 0.124217 0.000000 0.000000 0.124217 0.000000 0.000000 0.124217 0.000000 0.000000
0 0.2656348 0.33963466 0.017227296 0.048037577 0.124217 0.000000 0.000000 0.124217 0.000000 0.000000 0.124217 0.000000 0.000000 0.124217 0.000000 0.000000 0.124217 0.000000 0.000000 0.124217 0.000000 0.000000 0.124217 0.000000 0.000000 0.124217 0.000000 0.000000 0.124217 0.000000 0.000000 0.124217 0.000000 0.000000 0.124217 0.000000 0.000000 0.124217 0.000000 0.000000 0.124217 0.000000 0.000000 0.124217 0.000000 0.000000 0.124217 0.000000 0.000000 0.124217 0.000000 0.000000 0.124217 0.000000 0.000000
0 0.5095355 0.31435284 0.019752087 0.03480167 0.124217 0.000000 0.000000 0.124217 0.000000 0.000000 0.124217 0.000000 0.000000 0.124217 0.000000 0.000000 0.124217 0.000000 0.000000 0.124217 0.000000 0.000000 0.124217 0.000000 0.000000 0.124217 0.000000 0.000000 0.124217 0.000000 0.000000 0.124217 0.000000 0.000000 0.124217 0.000000 0.000000 0.124217 0.000000 0.000000 0.124217 0.000000 0.000000 0.124217 0.000000 0.000000 0.124217 0.000000 0.000000 0.124217 0.000000 0.000000 0.124217 0.000000 0.000000
0 0.54568106 0.31399792 0.0075391443 0.014008351 0.124217 0.000000 0.000000 0.124217 0.000000 0.000000 0.124217 0.000000 0.000000 0.124217 0.000000 0.000000 0.124217 0.000000 0.000000 0.124217 0.000000 0.000000 0.124217 0.000000 0.000000 0.124217 0.000000 0.000000 0.124217 0.000000 0.000000 0.124217 0.000000 0.000000 0.124217 0.000000 0.000000 0.124217 0.000000 0.000000 0.124217 0.000000 0.000000 0.124217 0.000000 0.000000 0.124217 0.000000 0.000000 0.124217 0.000000 0.000000 0.124217 0.000000 0.000000
0 0.5733305 0.3059186 0.004145355 0.009582464 0.124217 0.000000 0.000000 0.124217 0.000000 0.000000 0.124217 0.000000 0.000000 0.124217 0.000000 0.000000 0.124217 0.000000 0.000000 0.124217 0.000000 0.000000 0.124217 0.000000 0.000000 0.124217 0.000000 0.000000 0.124217 0.000000 0.000000 0.124217 0.000000 0.000000 0.124217 0.000000 0.000000 0.124217 0.000000 0.000000 0.124217 0.000000 0.000000 0.124217 0.000000 0.000000 0.124217 0.000000 0.000000 0.124217 0.000000 0.000000 0.124217 0.000000 0.000000
0 0.49354127 0.3570877 0.010193111 0.038810022 0.124217 0.000000 0.000000 0.124217 0.000000 0.000000 0.124217 0.000000 0.000000 0.124217 0.000000 0.000000 0.124217 0.000000 0.000000 0.124217 0.000000 0.000000 0.124217 0.000000 0.000000 0.124217 0.000000 0.000000 0.124217 0.000000 0.000000 0.124217 0.000000 0.000000 0.124217 0.000000 0.000000 0.124217 0.000000 0.000000 0.124217 0.000000 0.000000 0.124217 0.000000 0.000000 0.124217 0.000000 0.000000 0.124217 0.000000 0.000000 0.124217 0.000000 0.000000
0 0.55565107 0.30501044 0.0051435283 0.012233821 0.124217 0.000000 0.000000 0.124217 0.000000 0.000000 0.124217 0.000000 0.000000 0.124217 0.000000 0.000000 0.124217 0.000000 0.000000 0.124217 0.000000 0.000000 0.124217 0.000000 0.000000 0.124217 0.000000 0.000000 0.124217 0.000000 0.000000 0.124217 0.000000 0.000000 0.124217 0.000000 0.000000 0.124217 0.000000 0.000000 0.124217 0.000000 0.000000 0.124217 0.000000 0.000000 0.124217 0.000000 0.000000 0.124217 0.000000 0.000000 0.124217 0.000000 0.000000
0 0.78493726 0.2833925 0.006270877 0.011962422 0.124217 0.000000 0.000000 0.124217 0.000000 0.000000 0.124217 0.000000 0.000000 0.124217 0.000000 0.000000 0.124217 0.000000 0.000000 0.124217 0.000000 0.000000 0.124217 0.000000 0.000000 0.124217 0.000000 0.000000 0.124217 0.000000 0.000000 0.124217 0.000000 0.000000 0.124217 0.000000 0.000000 0.124217 0.000000 0.000000 0.124217 0.000000 0.000000 0.124217 0.000000 0.000000 0.124217 0.000000 0.000000 0.124217 0.000000 0.000000 0.124217 0.000000 0.000000
0 0.8318633 0.29433197 0.0068815243 0.013382046 0.124217 0.000000 0.000000 0.124217 0.000000 0.000000 0.124217 0.000000 0.000000 0.124217 0.000000 0.000000 0.124217 0.000000 0.000000 0.124217 0.000000 0.000000 0.124217 0.000000 0.000000 0.124217 0.000000 0.000000 0.124217 0.000000 0.000000 0.124217 0.000000 0.000000 0.124217 0.000000 0.000000 0.124217 0.000000 0.000000 0.124217 0.000000 0.000000 0.124217 0.000000 0.000000 0.124217 0.000000 0.000000 0.124217 0.000000 0.000000 0.124217 0.000000 0.000000
0 0.7559492 0.28940502 0.016546192 0.008037578 0.124217 0.000000 0.000000 0.124217 0.000000 0.000000 0.124217 0.000000 0.000000 0.124217 0.000000 0.000000 0.124217 0.000000 0.000000 0.124217 0.000000 0.000000 0.124217 0.000000 0.000000 0.124217 0.000000 0.000000 0.124217 0.000000 0.000000 0.124217 0.000000 0.000000 0.124217 0.000000 0.000000 0.124217 0.000000 0.000000 0.124217 0.000000 0.000000 0.124217 0.000000 0.000000 0.124217 0.000000 0.000000 0.124217 0.000000 0.000000 0.124217 0.000000 0.000000
0 0.7921008 0.28872654 0.0081497915 0.011482255 0.124217 0.000000 0.000000 0.124217 0.000000 0.000000 0.124217 0.000000 0.000000 0.124217 0.000000 0.000000 0.124217 0.000000 0.000000 0.124217 0.000000 0.000000 0.124217 0.000000 0.000000 0.124217 0.000000 0.000000 0.124217 0.000000 0.000000 0.124217 0.000000 0.000000 0.124217 0.000000 0.000000 0.124217 0.000000 0.000000 0.124217 0.000000 0.000000 0.124217 0.000000 0.000000 0.124217 0.000000 0.000000 0.124217 0.000000 0.000000 0.124217 0.000000 0.000000
0 0.28348446 0.3635073 0.005883351 0.011482255 0.124217 0.000000 0.000000 0.124217 0.000000 0.000000 0.124217 0.000000 0.000000 0.124217 0.000000 0.000000 0.124217 0.000000 0.000000 0.124217 0.000000 0.000000 0.124217 0.000000 0.000000 0.124217 0.000000 0.000000 0.124217 0.000000 0.000000 0.124217 0.000000 0.000000 0.124217 0.000000 0.000000 0.124217 0.000000 0.000000 0.124217 0.000000 0.000000 0.124217 0.000000 0.000000 0.124217 0.000000 0.000000 0.124217 0.000000 0.000000 0.124217 0.000000 0.000000