0 0.048195314 0.543125 0.045265622 0.20330556 0.000000 0.079167 0.000000 0.000000 0.079167 0.000000 0.000000 0.079167 0.000000 0.000000 0.079167 0.000000 0.000000 0.079167 0.000000 0.053125 0.476389 2.000000 0.034375 0.476389 2.000000 0.000000 0.079167 0.000000 0.035937 0.501389 2.000000 0.000000 0.079167 0.000000 0.045313 0.476389 2.000000 0.053125 0.534722 2.000000 0.040625 0.534722 2.000000 0.056250 0.593056 2.000000 0.042188 0.587500 2.000000 0.057813 0.623611 2.000000 0.042188 0.626389 2.000000
0 0.1533672 0.58183336 0.111734375 0.279 0.000000 0.079167 0.000000 0.000000 0.079167 0.000000 0.000000 0.079167 0.000000 0.107813 0.473611 2.000000 0.000000 0.079167 0.000000 0.117188 0.490278 2.000000 0.134375 0.479167 2.000000 0.129688 0.526389 2.000000 0.000000 0.079167 0.000000 0.125000 0.570833 2.000000 0.000000 0.079167 0.000000 0.157813 0.543056 2.000000 0.176563 0.534722 2.000000 0.140625 0.609722 2.000000 0.165625 0.629167 2.000000 0.164062 0.693056 2.000000 0.196875 0.695833 2.000000
0 0.5980547 0.53954166 0.16626564 0.34075 0.518750 0.418056 2.000000 0.518750 0.404167 2.000000 0.000000 0.079167 0.000000 0.526563 0.398611 2.000000 0.000000 0.079167 0.000000 0.534375 0.412500 2.000000 0.570312 0.398611 2.000000 0.553125 0.415278 2.000000 0.593750 0.412500 2.000000 0.565625 0.462500 2.000000 0.609375 0.459722 2.000000 0.576563 0.512500 2.000000 0.604688 0.504167 2.000000 0.559375 0.581944 2.000000 0.623438 0.565278 2.000000 0.578125 0.673611 2.000000 0.664062 0.631944 2.000000
0 0.8741015 0.50308335 0.12689063 0.3605556 0.815625 0.379167 2.000000 0.815625 0.370833 2.000000 0.000000 0.079167 0.000000 0.826563 0.362500 2.000000 0.000000 0.079167 0.000000 0.835938 0.384722 2.000000 0.837500 0.376389 2.000000 0.870313 0.420833 2.000000 0.000000 0.079167 0.000000 0.882812 0.490278 2.000000 0.000000 0.079167 0.000000 0.892187 0.448611 2.000000 0.892187 0.440278 2.000000 0.853125 0.551389 2.000000 0.884375 0.565278 2.000000 0.878125 0.651389 2.000000 0.923437 0.648611 2.000000
0 0.8215781 0.4974028 0.101406254 0.32436112 0.790625 0.390278 2.000000 0.789062 0.376389 2.000000 0.000000 0.079167 0.000000 0.800000 0.370833 2.000000 0.000000 0.079167 0.000000 0.803125 0.379167 2.000000 0.806250 0.376389 2.000000 0.785937 0.429167 1.000000 0.000000 0.079167 0.000000 0.768750 0.395833 1.000000 0.000000 0.079167 0.000000 0.843750 0.448611 2.000000 0.843750 0.443056 2.000000 0.834375 0.537500 2.000000 0.000000 0.079167 0.000000 0.846875 0.620833 2.000000 0.000000 0.079167 0.000000
0 0.3804453 0.5248889 0.036046874 0.15372223 0.000000 0.079167 0.000000 0.000000 0.079167 0.000000 0.000000 0.079167 0.000000 0.000000 0.079167 0.000000 0.000000 0.079167 0.000000 0.000000 0.079167 0.000000 0.000000 0.079167 0.000000 0.000000 0.079167 0.000000 0.000000 0.079167 0.000000 0.000000 0.079167 0.000000 0.000000 0.079167 0.000000 0.000000 0.079167 0.000000 0.000000 0.079167 0.000000 0.000000 0.079167 0.000000 0.000000 0.079167 0.000000 0.000000 0.079167 0.000000 0.000000 0.079167 0.000000
0 0.6928906 0.393875 0.028625 0.13319445 0.000000 0.079167 0.000000 0.000000 0.079167 0.000000 0.000000 0.079167 0.000000 0.000000 0.079167 0.000000 0.000000 0.079167 0.000000 0.000000 0.079167 0.000000 0.000000 0.079167 0.000000 0.000000 0.079167 0.000000 0.000000 0.079167 0.000000 0.000000 0.079167 0.000000 0.000000 0.079167 0.000000 0.000000 0.079167 0.000000 0.000000 0.079167 0.000000 0.000000 0.079167 0.000000 0.000000 0.079167 0.000000 0.000000 0.079167 0.000000 0.000000 0.079167 0.000000
0 0.66572654 0.39494446 0.031203123 0.1398889 0.000000 0.079167 0.000000 0.000000 0.079167 0.000000 0.000000 0.079167 0.000000 0.000000 0.079167 0.000000 0.000000 0.079167 0.000000 0.000000 0.079167 0.000000 0.000000 0.079167 0.000000 0.000000 0.079167 0.000000 0.000000 0.079167 0.000000 0.000000 0.079167 0.000000 0.000000 0.079167 0.000000 0.000000 0.079167 0.000000 0.000000 0.079167 0.000000 0.000000 0.079167 0.000000 0.000000 0.079167 0.000000 0.000000 0.079167 0.000000 0.000000 0.079167 0.000000
0 0.6203438 0.40944445 0.025249999 0.13422221 0.000000 0.079167 0.000000 0.000000 0.079167 0.000000 0.000000 0.079167 0.000000 0.000000 0.079167 0.000000 0.000000 0.079167 0.000000 0.000000 0.079167 0.000000 0.000000 0.079167 0.000000 0.000000 0.079167 0.000000 0.000000 0.079167 0.000000 0.000000 0.079167 0.000000 0.000000 0.079167 0.000000 0.000000 0.079167 0.000000 0.000000 0.079167 0.000000 0.000000 0.079167 0.000000 0.000000 0.079167 0.000000 0.000000 0.079167 0.000000 0.000000 0.079167 0.000000
0 0.5755703 0.37233332 0.029796874 0.04916667 0.000000 0.079167 0.000000 0.000000 0.079167 0.000000 0.000000 0.079167 0.000000 0.000000 0.079167 0.000000 0.000000 0.079167 0.000000 0.000000 0.079167 0.000000 0.000000 0.079167 0.000000 0.000000 0.079167 0.000000 0.000000 0.079167 0.000000 0.000000 0.079167 0.000000 0.000000 0.079167 0.000000 0.000000 0.079167 0.000000 0.000000 0.079167 0.000000 0.000000 0.079167 0.000000 0.000000 0.079167 0.000000 0.000000 0.079167 0.000000 0.000000 0.079167 0.000000
0 0.33652344 0.42856944 0.029796874 0.05247222 0.000000 0.079167 0.000000 0.000000 0.079167 0.000000 0.000000 0.079167 0.000000 0.000000 0.079167 0.000000 0.000000 0.079167 0.000000 0.000000 0.079167 0.000000 0.000000 0.079167 0.000000 0.000000 0.079167 0.000000 0.000000 0.079167 0.000000 0.000000 0.079167 0.000000 0.000000 0.079167 0.000000 0.000000 0.079167 0.000000 0.000000 0.079167 0.000000 0.000000 0.079167 0.000000 0.000000 0.079167 0.000000 0.000000 0.079167 0.000000 0.000000 0.079167 0.000000
0 0.32925782 0.5642222 0.084296875 0.31455556 0.000000 0.079167 0.000000 0.000000 0.079167 0.000000 0.000000 0.079167 0.000000 0.296875 0.437500 2.000000 0.312500 0.431944 2.000000 0.301562 0.451389 2.000000 0.328125 0.448611 2.000000 0.310937 0.468056 2.000000 0.364062 0.470833 2.000000 0.320312 0.520833 2.000000 0.368750 0.520833 1.000000 0.342187 0.537500 2.000000 0.356250 0.537500 2.000000 0.329688 0.618056 2.000000 0.325000 0.615278 2.000000 0.334375 0.690278 2.000000 0.345313 0.687500 2.000000
0 0.27683592 0.4921667 0.016484376 0.04366667 0.000000 0.079167 0.000000 0.000000 0.079167 0.000000 0.000000 0.079167 0.000000 0.000000 0.079167 0.000000 0.000000 0.079167 0.000000 0.000000 0.079167 0.000000 0.000000 0.079167 0.000000 0.000000 0.079167 0.000000 0.000000 0.079167 0.000000 0.000000 0.079167 0.000000 0.000000 0.079167 0.000000 0.000000 0.079167 0.000000 0.000000 0.079167 0.000000 0.000000 0.079167 0.000000 0.000000 0.079167 0.000000 0.000000 0.079167 0.000000 0.000000 0.079167 0.000000
0 0.46875 0.44722223 0.73125 0.2361111 0.000000 0.079167 0.000000 0.000000 0.079167 0.000000 0.000000 0.079167 0.000000 0.000000 0.079167 0.000000 0.000000 0.079167 0.000000 0.000000 0.079167 0.000000 0.000000 0.079167 0.000000 0.000000 0.079167 0.000000 0.000000 0.079167 0.000000 0.000000 0.079167 0.000000 0.000000 0.079167 0.000000 0.000000 0.079167 0.000000 0.000000 0.079167 0.000000 0.000000 0.079167 0.000000 0.000000 0.079167 0.000000 0.000000 0.079167 0.000000 0.000000 0.079167 0.000000