0 0.48668897 0.624539 0.013227539 0.049703125 0.244678 0.000000 0.000000 0.244678 0.000000 0.000000 0.244678 0.000000 0.000000 0.244678 0.000000 0.000000 0.244678 0.000000 0.000000 0.244678 0.000000 0.000000 0.244678 0.000000 0.000000 0.244678 0.000000 0.000000 0.244678 0.000000 0.000000 0.244678 0.000000 0.000000 0.244678 0.000000 0.000000 0.244678 0.000000 0.000000 0.244678 0.000000 0.000000 0.244678 0.000000 0.000000 0.244678 0.000000 0.000000 0.244678 0.000000 0.000000 0.244678 0.000000 0.000000
0 0.49942872 0.6348359 0.016576173 0.07098437 0.244678 0.000000 0.000000 0.244678 0.000000 0.000000 0.244678 0.000000 0.000000 0.244678 0.000000 0.000000 0.244678 0.000000 0.000000 0.244678 0.000000 0.000000 0.244678 0.000000 0.000000 0.244678 0.000000 0.000000 0.244678 0.000000 0.000000 0.244678 0.000000 0.000000 0.244678 0.000000 0.000000 0.244678 0.000000 0.000000 0.244678 0.000000 0.000000 0.244678 0.000000 0.000000 0.244678 0.000000 0.000000 0.244678 0.000000 0.000000 0.244678 0.000000 0.000000
0 0.53240526 0.63684374 0.019529296 0.061000004 0.244678 0.000000 0.000000 0.244678 0.000000 0.000000 0.244678 0.000000 0.000000 0.244678 0.000000 0.000000 0.244678 0.000000 0.000000 0.244678 0.000000 0.000000 0.244678 0.000000 0.000000 0.244678 0.000000 0.000000 0.244678 0.000000 0.000000 0.244678 0.000000 0.000000 0.244678 0.000000 0.000000 0.244678 0.000000 0.000000 0.244678 0.000000 0.000000 0.244678 0.000000 0.000000 0.244678 0.000000 0.000000 0.244678 0.000000 0.000000 0.244678 0.000000 0.000000
0 0.5342203 0.5935859 0.009342774 0.041296873 0.244678 0.000000 0.000000 0.244678 0.000000 0.000000 0.244678 0.000000 0.000000 0.244678 0.000000 0.000000 0.244678 0.000000 0.000000 0.244678 0.000000 0.000000 0.244678 0.000000 0.000000 0.244678 0.000000 0.000000 0.244678 0.000000 0.000000 0.244678 0.000000 0.000000 0.244678 0.000000 0.000000 0.244678 0.000000 0.000000 0.244678 0.000000 0.000000 0.244678 0.000000 0.000000 0.244678 0.000000 0.000000 0.244678 0.000000 0.000000 0.244678 0.000000 0.000000
0 0.71531886 0.74432033 0.019063476 0.050140623 0.244678 0.000000 0.000000 0.244678 0.000000 0.000000 0.244678 0.000000 0.000000 0.244678 0.000000 0.000000 0.244678 0.000000 0.000000 0.244678 0.000000 0.000000 0.244678 0.000000 0.000000 0.244678 0.000000 0.000000 0.244678 0.000000 0.000000 0.244678 0.000000 0.000000 0.244678 0.000000 0.000000 0.244678 0.000000 0.000000 0.244678 0.000000 0.000000 0.244678 0.000000 0.000000 0.244678 0.000000 0.000000 0.244678 0.000000 0.000000 0.244678 0.000000 0.000000
0 0.7453071 0.7238515 0.018922852 0.06854688 0.244678 0.000000 0.000000 0.244678 0.000000 0.000000 0.244678 0.000000 0.000000 0.244678 0.000000 0.000000 0.244678 0.000000 0.000000 0.244678 0.000000 0.000000 0.244678 0.000000 0.000000 0.244678 0.000000 0.000000 0.244678 0.000000 0.000000 0.244678 0.000000 0.000000 0.244678 0.000000 0.000000 0.244678 0.000000 0.000000 0.244678 0.000000 0.000000 0.244678 0.000000 0.000000 0.244678 0.000000 0.000000 0.244678 0.000000 0.000000 0.244678 0.000000 0.000000
0 0.5100679 0.5974219 0.011241211 0.05828125 0.244678 0.000000 0.000000 0.244678 0.000000 0.000000 0.244678 0.000000 0.000000 0.244678 0.000000 0.000000 0.244678 0.000000 0.000000 0.244678 0.000000 0.000000 0.244678 0.000000 0.000000 0.244678 0.000000 0.000000 0.244678 0.000000 0.000000 0.244678 0.000000 0.000000 0.244678 0.000000 0.000000 0.244678 0.000000 0.000000 0.244678 0.000000 0.000000 0.244678 0.000000 0.000000 0.244678 0.000000 0.000000 0.244678 0.000000 0.000000 0.244678 0.000000 0.000000
0 0.5520664 0.59446096 0.011953126 0.05407813 0.244678 0.000000 0.000000 0.244678 0.000000 0.000000 0.244678 0.000000 0.000000 0.244678 0.000000 0.000000 0.244678 0.000000 0.000000 0.244678 0.000000 0.000000 0.244678 0.000000 0.000000 0.244678 0.000000 0.000000 0.244678 0.000000 0.000000 0.244678 0.000000 0.000000 0.244678 0.000000 0.000000 0.244678 0.000000 0.000000 0.244678 0.000000 0.000000 0.244678 0.000000 0.000000 0.244678 0.000000 0.000000 0.244678 0.000000 0.000000 0.244678 0.000000 0.000000
0 0.5449912 0.5839141 0.010845703 0.043765627 0.244678 0.000000 0.000000 0.244678 0.000000 0.000000 0.244678 0.000000 0.000000 0.244678 0.000000 0.000000 0.244678 0.000000 0.000000 0.244678 0.000000 0.000000 0.244678 0.000000 0.000000 0.244678 0.000000 0.000000 0.244678 0.000000 0.000000 0.244678 0.000000 0.000000 0.244678 0.000000 0.000000 0.244678 0.000000 0.000000 0.244678 0.000000 0.000000 0.244678 0.000000 0.000000 0.244678 0.000000 0.000000 0.244678 0.000000 0.000000 0.244678 0.000000 0.000000
0 0.5635405 0.62725 0.01574121 0.0355625 0.244678 0.000000 0.000000 0.244678 0.000000 0.000000 0.244678 0.000000 0.000000 0.244678 0.000000 0.000000 0.244678 0.000000 0.000000 0.244678 0.000000 0.000000 0.244678 0.000000 0.000000 0.244678 0.000000 0.000000 0.244678 0.000000 0.000000 0.244678 0.000000 0.000000 0.244678 0.000000 0.000000 0.244678 0.000000 0.000000 0.244678 0.000000 0.000000 0.244678 0.000000 0.000000 0.244678 0.000000 0.000000 0.244678 0.000000 0.000000 0.244678 0.000000 0.000000
0 0.5133682 0.5727032 0.009158203 0.0520625 0.244678 0.000000 0.000000 0.244678 0.000000 0.000000 0.244678 0.000000 0.000000 0.244678 0.000000 0.000000 0.244678 0.000000 0.000000 0.244678 0.000000 0.000000 0.244678 0.000000 0.000000 0.244678 0.000000 0.000000 0.244678 0.000000 0.000000 0.244678 0.000000 0.000000 0.244678 0.000000 0.000000 0.244678 0.000000 0.000000 0.244678 0.000000 0.000000 0.244678 0.000000 0.000000 0.244678 0.000000 0.000000 0.244678 0.000000 0.000000 0.244678 0.000000 0.000000
0 0.3591641 0.4514219 0.0041308594 0.0125625 0.244678 0.000000 0.000000 0.244678 0.000000 0.000000 0.244678 0.000000 0.000000 0.244678 0.000000 0.000000 0.244678 0.000000 0.000000 0.244678 0.000000 0.000000 0.244678 0.000000 0.000000 0.244678 0.000000 0.000000 0.244678 0.000000 0.000000 0.244678 0.000000 0.000000 0.244678 0.000000 0.000000 0.244678 0.000000 0.000000 0.244678 0.000000 0.000000 0.244678 0.000000 0.000000 0.244678 0.000000 0.000000 0.244678 0.000000 0.000000 0.244678 0.000000 0.000000
0 0.7397173 0.70168746 0.010924805 0.05496875 0.244678 0.000000 0.000000 0.244678 0.000000 0.000000 0.244678 0.000000 0.000000 0.244678 0.000000 0.000000 0.244678 0.000000 0.000000 0.244678 0.000000 0.000000 0.244678 0.000000 0.000000 0.244678 0.000000 0.000000 0.244678 0.000000 0.000000 0.244678 0.000000 0.000000 0.244678 0.000000 0.000000 0.244678 0.000000 0.000000 0.244678 0.000000 0.000000 0.244678 0.000000 0.000000 0.244678 0.000000 0.000000 0.244678 0.000000 0.000000 0.244678 0.000000 0.000000