0 0.6375664 0.6561771 0.1858125 0.37752083 0.125000 0.000000 0.000000 0.125000 0.000000 0.000000 0.672266 0.570833 2.000000 0.125000 0.000000 0.000000 0.654688 0.566667 2.000000 0.566797 0.627083 2.000000 0.648828 0.641667 2.000000 0.125000 0.000000 0.000000 0.702734 0.833333 2.000000 0.125000 0.000000 0.000000 0.716797 0.810417 2.000000 0.563281 0.881250 1.000000 0.618359 0.900000 1.000000 0.125000 0.000000 0.000000 0.699219 0.893750 1.000000 0.125000 0.000000 0.000000 0.125000 0.000000 0.000000
0 0.49469724 0.6279687 0.117597654 0.28614584 0.546875 0.558333 2.000000 0.125000 0.000000 0.000000 0.537500 0.539583 2.000000 0.125000 0.000000 0.000000 0.510547 0.543750 2.000000 0.484766 0.577083 2.000000 0.508203 0.600000 2.000000 0.125000 0.000000 0.000000 0.528125 0.747917 1.000000 0.125000 0.000000 0.000000 0.125000 0.000000 0.000000 0.457812 0.808333 1.000000 0.482422 0.831250 1.000000 0.125000 0.000000 0.000000 0.125000 0.000000 0.000000 0.125000 0.000000 0.000000 0.125000 0.000000 0.000000
0 0.6078652 0.47304168 0.13904296 0.26741666 0.125000 0.000000 0.000000 0.125000 0.000000 0.000000 0.125000 0.000000 0.000000 0.593750 0.370833 2.000000 0.620703 0.370833 2.000000 0.580859 0.425000 2.000000 0.627734 0.427083 2.000000 0.543359 0.500000 2.000000 0.664062 0.481250 1.000000 0.583203 0.535417 2.000000 0.125000 0.000000 0.000000 0.584375 0.606250 1.000000 0.625391 0.608333 1.000000 0.125000 0.000000 0.000000 0.125000 0.000000 0.000000 0.125000 0.000000 0.000000 0.125000 0.000000 0.000000
0 0.8000761 0.57290626 0.11389454 0.22497916 0.809375 0.506250 2.000000 0.816406 0.493750 2.000000 0.804688 0.493750 2.000000 0.832812 0.502083 2.000000 0.125000 0.000000 0.000000 0.849219 0.556250 2.000000 0.782422 0.550000 2.000000 0.860937 0.647917 1.000000 0.762500 0.608333 2.000000 0.831641 0.656250 1.000000 0.753125 0.635417 2.000000 0.831641 0.691667 1.000000 0.780078 0.681250 1.000000 0.125000 0.000000 0.000000 0.125000 0.000000 0.000000 0.125000 0.000000 0.000000 0.125000 0.000000 0.000000
0 0.3134258 0.59466666 0.06009375 0.18966666 0.125000 0.000000 0.000000 0.125000 0.000000 0.000000 0.125000 0.000000 0.000000 0.282031 0.537500 1.000000 0.125000 0.000000 0.000000 0.263281 0.610417 1.000000 0.324219 0.610417 2.000000 0.125000 0.000000 0.000000 0.338281 0.672917 1.000000 0.125000 0.000000 0.000000 0.320703 0.589583 2.000000 0.125000 0.000000 0.000000 0.125000 0.000000 0.000000 0.125000 0.000000 0.000000 0.125000 0.000000 0.000000 0.125000 0.000000 0.000000 0.125000 0.000000 0.000000
0 0.24432616 0.6891875 0.11633203 0.409375 0.142578 0.627083 1.000000 0.143750 0.604167 1.000000 0.125000 0.000000 0.000000 0.175391 0.595833 1.000000 0.125000 0.000000 0.000000 0.183594 0.685417 1.000000 0.243359 0.660417 1.000000 0.129688 0.866667 1.000000 0.125000 0.000000 0.000000 0.133203 0.722917 1.000000 0.125000 0.000000 0.000000 0.163672 0.970833 1.000000 0.230469 0.939583 1.000000 0.125000 0.000000 0.000000 0.125000 0.000000 0.000000 0.125000 0.000000 0.000000 0.125000 0.000000 0.000000
0 0.36065236 0.6735729 0.07258593 0.31347916 0.334766 0.547917 2.000000 0.340625 0.539583 2.000000 0.328906 0.541667 2.000000 0.345313 0.543750 2.000000 0.125000 0.000000 0.000000 0.369922 0.579167 2.000000 0.326562 0.589583 2.000000 0.391016 0.606250 2.000000 0.125000 0.000000 0.000000 0.383984 0.633333 2.000000 0.125000 0.000000 0.000000 0.368750 0.675000 2.000000 0.333594 0.675000 1.000000 0.366406 0.695833 2.000000 0.334766 0.700000 1.000000 0.369922 0.789583 2.000000 0.337109 0.770833 1.000000
0 0.6031777 0.37639585 0.098660156 0.14645834 0.624219 0.356250 1.000000 0.626562 0.345833 2.000000 0.618359 0.347917 1.000000 0.125000 0.000000 0.000000 0.125000 0.000000 0.000000 0.630078 0.391667 2.000000 0.573828 0.400000 2.000000 0.651172 0.462500 1.000000 0.552734 0.500000 1.000000 0.640625 0.412500 2.000000 0.125000 0.000000 0.000000 0.125000 0.000000 0.000000 0.125000 0.000000 0.000000 0.125000 0.000000 0.000000 0.125000 0.000000 0.000000 0.125000 0.000000 0.000000 0.125000 0.000000 0.000000
0 0.70373046 0.56954163 0.05282813 0.18816666 0.708594 0.529167 2.000000 0.125000 0.000000 0.000000 0.700391 0.520833 2.000000 0.125000 0.000000 0.000000 0.682813 0.527083 2.000000 0.703906 0.581250 2.000000 0.660547 0.579167 1.000000 0.719141 0.637500 1.000000 0.125000 0.000000 0.000000 0.712109 0.687500 1.000000 0.125000 0.000000 0.000000 0.703906 0.706250 1.000000 0.125000 0.000000 0.000000 0.125000 0.000000 0.000000 0.125000 0.000000 0.000000 0.125000 0.000000 0.000000 0.125000 0.000000 0.000000
0 0.1958457 0.7577292 0.14169142 0.48454165 0.141406 0.625000 1.000000 0.125000 0.000000 0.000000 0.125000 0.000000 0.000000 0.175391 0.593750 2.000000 0.125000 0.000000 0.000000 0.187109 0.689583 2.000000 0.248047 0.672917 2.000000 0.127344 0.866667 2.000000 0.125000 0.000000 0.000000 0.130859 0.729167 2.000000 0.125000 0.000000 0.000000 0.174219 0.962500 2.000000 0.230469 0.941667 1.000000 0.125000 0.000000 0.000000 0.125000 0.000000 0.000000 0.125000 0.000000 0.000000 0.125000 0.000000 0.000000
0 0.27432618 0.60076046 0.06697266 0.22060417 0.244531 0.552083 1.000000 0.251563 0.539583 2.000000 0.244531 0.539583 2.000000 0.275000 0.550000 2.000000 0.125000 0.000000 0.000000 0.285547 0.606250 1.000000 0.125000 0.000000 0.000000 0.125000 0.000000 0.000000 0.125000 0.000000 0.000000 0.125000 0.000000 0.000000 0.125000 0.000000 0.000000 0.125000 0.000000 0.000000 0.125000 0.000000 0.000000 0.125000 0.000000 0.000000 0.125000 0.000000 0.000000 0.125000 0.000000 0.000000 0.125000 0.000000 0.000000