0 0.3087207 0.5548646 0.097535156 0.47585416 0.314844 0.362500 2.000000 0.320703 0.354167 2.000000 0.308984 0.354167 2.000000 0.328906 0.360417 2.000000 0.301953 0.362500 2.000000 0.338281 0.412500 2.000000 0.293750 0.410417 2.000000 0.357031 0.458333 1.000000 0.266797 0.456250 2.000000 0.344141 0.500000 2.000000 0.284375 0.508333 2.000000 0.327734 0.575000 2.000000 0.303125 0.572917 2.000000 0.326562 0.656250 2.000000 0.300781 0.654167 2.000000 0.332422 0.737500 2.000000 0.299609 0.733333 2.000000
0 0.62245506 0.29829165 0.043511722 0.09483333 0.620703 0.312500 2.000000 0.626562 0.297917 2.000000 0.614844 0.304167 2.000000 0.642969 0.293750 1.000000 0.125000 0.000000 0.000000 0.125000 0.000000 0.000000 0.606641 0.391667 1.000000 0.125000 0.000000 0.000000 0.125000 0.000000 0.000000 0.125000 0.000000 0.000000 0.125000 0.000000 0.000000 0.125000 0.000000 0.000000 0.125000 0.000000 0.000000 0.125000 0.000000 0.000000 0.125000 0.000000 0.000000 0.125000 0.000000 0.000000 0.125000 0.000000 0.000000
0 0.48803514 0.52875 0.10420312 0.6580833 0.489453 0.264583 2.000000 0.497656 0.250000 2.000000 0.482422 0.250000 2.000000 0.509375 0.256250 2.000000 0.474219 0.258333 2.000000 0.524609 0.337500 2.000000 0.457812 0.333333 2.000000 0.536328 0.437500 1.000000 0.442578 0.425000 2.000000 0.517578 0.454167 2.000000 0.450781 0.441667 2.000000 0.508203 0.522917 2.000000 0.463672 0.520833 1.000000 0.503516 0.662500 2.000000 0.469531 0.650000 2.000000 0.501172 0.806250 2.000000 0.470703 0.789583 2.000000
0 0.42856833 0.6232917 0.116753906 0.51891667 0.421484 0.414583 2.000000 0.426172 0.402083 2.000000 0.414453 0.406250 2.000000 0.435547 0.408333 2.000000 0.401563 0.422917 2.000000 0.437891 0.479167 2.000000 0.391016 0.477083 2.000000 0.455469 0.541667 2.000000 0.373437 0.537500 2.000000 0.469531 0.485417 2.000000 0.380469 0.547917 2.000000 0.434375 0.627083 2.000000 0.402734 0.622917 2.000000 0.442578 0.727083 2.000000 0.400391 0.720833 2.000000 0.441406 0.829167 2.000000 0.399219 0.822917 2.000000
0 0.7957051 0.6999479 0.15858984 0.60010415 0.783594 0.497917 2.000000 0.794141 0.483333 2.000000 0.775391 0.477083 2.000000 0.821094 0.491667 2.000000 0.125000 0.000000 0.000000 0.826953 0.591667 2.000000 0.761328 0.579167 2.000000 0.870313 0.697917 2.000000 0.741406 0.668750 2.000000 0.826953 0.754167 2.000000 0.125000 0.000000 0.000000 0.789453 0.827083 2.000000 0.747266 0.806250 2.000000 0.795313 0.972917 2.000000 0.748438 0.927083 2.000000 0.125000 0.000000 0.000000 0.125000 0.000000 0.000000
0 0.6730273 0.71721876 0.13464843 0.5655625 0.681641 0.535417 2.000000 0.695703 0.516667 2.000000 0.673437 0.510417 2.000000 0.713281 0.525000 2.000000 0.661719 0.506250 1.000000 0.721484 0.633333 2.000000 0.645312 0.604167 2.000000 0.722656 0.760417 2.000000 0.623047 0.691667 2.000000 0.680469 0.835417 2.000000 0.627734 0.800000 2.000000 0.683984 0.885417 2.000000 0.642969 0.864583 2.000000 0.125000 0.000000 0.000000 0.645312 0.972917 2.000000 0.125000 0.000000 0.000000 0.125000 0.000000 0.000000
0 0.62312895 0.66569793 0.10364063 0.66510415 0.624219 0.416667 2.000000 0.632422 0.400000 2.000000 0.620703 0.400000 2.000000 0.657031 0.404167 2.000000 0.125000 0.000000 0.000000 0.665234 0.491667 1.000000 0.617188 0.485417 2.000000 0.125000 0.000000 0.000000 0.599609 0.600000 2.000000 0.125000 0.000000 0.000000 0.585547 0.704167 2.000000 0.652344 0.685417 1.000000 0.611328 0.677083 1.000000 0.645312 0.818750 1.000000 0.608984 0.818750 2.000000 0.640625 0.979167 1.000000 0.610156 0.972917 2.000000
0 0.5604629 0.6483125 0.09732422 0.65391666 0.567969 0.383333 2.000000 0.577344 0.370833 2.000000 0.563281 0.370833 2.000000 0.590234 0.379167 2.000000 0.553906 0.377083 2.000000 0.604297 0.462500 2.000000 0.537500 0.454167 2.000000 0.607813 0.591667 1.000000 0.529297 0.558333 2.000000 0.583203 0.675000 2.000000 0.522266 0.660417 2.000000 0.578516 0.647917 2.000000 0.543359 0.637500 2.000000 0.571484 0.772917 2.000000 0.530469 0.781250 2.000000 0.566797 0.927083 2.000000 0.551562 0.902083 2.000000
0 0.65796286 0.3491875 0.10323046 0.25241667 0.655859 0.287500 2.000000 0.665234 0.277083 2.000000 0.647656 0.275000 2.000000 0.678125 0.287500 2.000000 0.638281 0.285417 1.000000 0.695703 0.370833 2.000000 0.621875 0.370833 1.000000 0.675781 0.481250 1.000000 0.612500 0.466667 2.000000 0.125000 0.000000 0.000000 0.125000 0.000000 0.000000 0.669922 0.535417 1.000000 0.624219 0.529167 1.000000 0.125000 0.000000 0.000000 0.125000 0.000000 0.000000 0.125000 0.000000 0.000000 0.125000 0.000000 0.000000
0 0.39603713 0.53690624 0.112230465 0.56822914 0.403906 0.308333 2.000000 0.412109 0.297917 2.000000 0.396875 0.295833 2.000000 0.421484 0.304167 2.000000 0.389844 0.293750 1.000000 0.429688 0.358333 2.000000 0.379297 0.356250 2.000000 0.451953 0.414583 1.000000 0.360547 0.460417 2.000000 0.442578 0.452083 2.000000 0.359375 0.543750 2.000000 0.426172 0.545833 1.000000 0.381641 0.539583 1.000000 0.415625 0.670833 1.000000 0.360547 0.660417 1.000000 0.412109 0.764583 2.000000 0.359375 0.766667 2.000000
0 0.22082421 0.607052 0.069445305 0.44277084 0.229297 0.439583 2.000000 0.230469 0.425000 2.000000 0.221094 0.431250 2.000000 0.125000 0.000000 0.000000 0.205859 0.443750 2.000000 0.232812 0.483333 2.000000 0.200000 0.487500 2.000000 0.238672 0.541667 2.000000 0.191797 0.554167 2.000000 0.245703 0.593750 2.000000 0.202344 0.610417 2.000000 0.232812 0.604167 2.000000 0.202344 0.606250 2.000000 0.230469 0.683333 2.000000 0.203516 0.691667 1.000000 0.235156 0.762500 1.000000 0.204688 0.777083 1.000000
0 0.5654023 0.29015625 0.061687503 0.0856875 0.563281 0.308333 2.000000 0.572656 0.295833 2.000000 0.559766 0.295833 2.000000 0.590234 0.302083 2.000000 0.553906 0.306250 2.000000 0.601953 0.370833 1.000000 0.543359 0.370833 1.000000 0.125000 0.000000 0.000000 0.125000 0.000000 0.000000 0.125000 0.000000 0.000000 0.125000 0.000000 0.000000 0.125000 0.000000 0.000000 0.125000 0.000000 0.000000 0.125000 0.000000 0.000000 0.125000 0.000000 0.000000 0.125000 0.000000 0.000000 0.125000 0.000000 0.000000