0 0.5808008 0.56626046 0.11224219 0.29147917 0.583203 0.454167 2.000000 0.586719 0.450000 2.000000 0.580859 0.447917 2.000000 0.594922 0.450000 2.000000 0.125000 0.000000 0.000000 0.605469 0.489583 2.000000 0.577344 0.477083 2.000000 0.625391 0.535417 2.000000 0.549219 0.477083 2.000000 0.611328 0.570833 2.000000 0.532812 0.443750 2.000000 0.610156 0.600000 2.000000 0.583203 0.593750 2.000000 0.610156 0.672917 2.000000 0.557422 0.637500 1.000000 0.634766 0.716667 1.000000 0.125000 0.000000 0.000000
0 0.20931055 0.80811465 0.09078515 0.3539375 0.125000 0.000000 0.000000 0.125000 0.000000 0.000000 0.125000 0.000000 0.000000 0.125000 0.000000 0.000000 0.190625 0.652083 2.000000 0.173047 0.691667 2.000000 0.204688 0.670833 2.000000 0.177734 0.760417 2.000000 0.231641 0.693750 2.000000 0.125000 0.000000 0.000000 0.243359 0.752083 2.000000 0.198828 0.758333 2.000000 0.221094 0.745833 2.000000 0.209375 0.866667 2.000000 0.231641 0.856250 2.000000 0.232812 0.966667 2.000000 0.242188 0.918750 2.000000
0 0.48537496 0.7191979 0.14416406 0.29247916 0.456641 0.600000 2.000000 0.457812 0.593750 2.000000 0.451953 0.593750 2.000000 0.462500 0.593750 2.000000 0.446094 0.597917 2.000000 0.471875 0.618750 2.000000 0.446094 0.620833 2.000000 0.503516 0.616667 2.000000 0.420312 0.647917 2.000000 0.516406 0.658333 2.000000 0.423828 0.633333 2.000000 0.500000 0.693750 2.000000 0.496484 0.712500 2.000000 0.466016 0.758333 2.000000 0.503516 0.783333 1.000000 0.494141 0.800000 1.000000 0.541016 0.827083 2.000000
0 0.5303106 0.7477813 0.15071484 0.3765625 0.125000 0.000000 0.000000 0.125000 0.000000 0.000000 0.125000 0.000000 0.000000 0.549219 0.591667 2.000000 0.125000 0.000000 0.000000 0.545703 0.633333 2.000000 0.572656 0.622917 2.000000 0.539844 0.695833 2.000000 0.553906 0.670833 2.000000 0.521094 0.654167 2.000000 0.532812 0.635417 1.000000 0.551562 0.737500 2.000000 0.573828 0.733333 2.000000 0.500000 0.756250 2.000000 0.583203 0.812500 2.000000 0.475391 0.858333 2.000000 0.597266 0.912500 2.000000
0 0.49240044 0.10360417 0.050683595 0.119375005 0.491797 0.072917 2.000000 0.495313 0.066667 2.000000 0.489453 0.066667 2.000000 0.500000 0.068750 2.000000 0.485938 0.070833 2.000000 0.505859 0.095833 2.000000 0.484766 0.089583 2.000000 0.125000 0.000000 0.000000 0.474219 0.120833 2.000000 0.125000 0.000000 0.000000 0.467187 0.147917 1.000000 0.488281 0.164583 1.000000 0.471875 0.156250 1.000000 0.125000 0.000000 0.000000 0.125000 0.000000 0.000000 0.125000 0.000000 0.000000 0.125000 0.000000 0.000000
0 0.8002519 0.59398955 0.08609765 0.35285416 0.125000 0.000000 0.000000 0.125000 0.000000 0.000000 0.125000 0.000000 0.000000 0.782422 0.445833 2.000000 0.796484 0.439583 1.000000 0.782422 0.470833 2.000000 0.807031 0.466667 2.000000 0.784766 0.522917 2.000000 0.831641 0.500000 2.000000 0.769531 0.552083 2.000000 0.828125 0.541667 2.000000 0.803516 0.560417 2.000000 0.818750 0.560417 2.000000 0.803516 0.647917 2.000000 0.782422 0.625000 2.000000 0.821094 0.729167 2.000000 0.811719 0.689583 2.000000
0 0.69188863 0.3929896 0.10233985 0.2993125 0.640625 0.275000 1.000000 0.641797 0.266667 2.000000 0.125000 0.000000 0.000000 0.650000 0.262500 2.000000 0.125000 0.000000 0.000000 0.652344 0.283333 2.000000 0.669922 0.272917 2.000000 0.661719 0.331250 2.000000 0.699219 0.310417 2.000000 0.653516 0.364583 2.000000 0.681641 0.339583 2.000000 0.680469 0.370833 2.000000 0.693359 0.362500 2.000000 0.687500 0.447917 2.000000 0.662891 0.427083 2.000000 0.730859 0.475000 2.000000 0.668750 0.508333 2.000000
0 0.44244337 0.4572708 0.1506914 0.29591668 0.403906 0.341667 2.000000 0.407422 0.335417 2.000000 0.400391 0.335417 2.000000 0.414453 0.329167 2.000000 0.125000 0.000000 0.000000 0.426172 0.354167 2.000000 0.407422 0.354167 2.000000 0.454297 0.352083 2.000000 0.401563 0.387500 2.000000 0.471875 0.395833 2.000000 0.380469 0.377083 2.000000 0.454297 0.429167 2.000000 0.466016 0.427083 2.000000 0.423828 0.502083 2.000000 0.462500 0.508333 2.000000 0.468359 0.539583 2.000000 0.498828 0.564583 2.000000
0 0.19612108 0.24125 0.07832812 0.33658335 0.185937 0.097917 2.000000 0.187109 0.089583 2.000000 0.182422 0.091667 2.000000 0.194141 0.093750 2.000000 0.178906 0.097917 2.000000 0.202344 0.133333 2.000000 0.174219 0.129167 2.000000 0.218750 0.179167 2.000000 0.158984 0.162500 2.000000 0.194141 0.175000 2.000000 0.173047 0.170833 2.000000 0.203516 0.227083 2.000000 0.183594 0.225000 2.000000 0.211719 0.293750 2.000000 0.195312 0.295833 2.000000 0.224609 0.366667 2.000000 0.204688 0.370833 2.000000
0 0.23802148 0.14660417 0.07454297 0.276625 0.217578 0.029167 2.000000 0.219922 0.027083 2.000000 0.214062 0.027083 2.000000 0.224609 0.027083 2.000000 0.210547 0.029167 2.000000 0.235156 0.058333 2.000000 0.205859 0.056250 2.000000 0.245703 0.089583 2.000000 0.207031 0.091667 2.000000 0.242188 0.120833 2.000000 0.204688 0.120833 1.000000 0.237500 0.131250 2.000000 0.218750 0.135417 2.000000 0.250391 0.202083 2.000000 0.215234 0.193750 1.000000 0.260938 0.262500 2.000000 0.230469 0.239583 2.000000
0 0.65653324 0.74607295 0.14537111 0.28764588 0.605469 0.641667 2.000000 0.607813 0.633333 2.000000 0.125000 0.000000 0.000000 0.618359 0.635417 2.000000 0.125000 0.000000 0.000000 0.633594 0.664583 2.000000 0.631250 0.645833 2.000000 0.623047 0.722917 2.000000 0.125000 0.000000 0.000000 0.593750 0.716667 2.000000 0.125000 0.000000 0.000000 0.665234 0.733333 2.000000 0.642969 0.725000 2.000000 0.683984 0.806250 2.000000 0.611328 0.762500 2.000000 0.717969 0.866667 2.000000 0.623047 0.839583 2.000000
0 0.3892695 0.06973958 0.053390626 0.10110416 0.392188 0.037500 2.000000 0.393359 0.035417 2.000000 0.388672 0.033333 2.000000 0.396875 0.035417 2.000000 0.383984 0.037500 2.000000 0.405078 0.062500 2.000000 0.379297 0.056250 2.000000 0.405078 0.104167 2.000000 0.373437 0.089583 2.000000 0.393359 0.120833 1.000000 0.372266 0.108333 2.000000 0.398047 0.116667 2.000000 0.385156 0.116667 2.000000 0.125000 0.000000 0.000000 0.125000 0.000000 0.000000 0.125000 0.000000 0.000000 0.125000 0.000000 0.000000
0 0.7007773 0.2504792 0.042796873 0.12679167 0.694531 0.210417 2.000000 0.698047 0.204167 2.000000 0.694531 0.204167 2.000000 0.705078 0.208333 2.000000 0.125000 0.000000 0.000000 0.709766 0.237500 2.000000 0.695703 0.229167 1.000000 0.713281 0.268750 2.000000 0.691016 0.254167 2.000000 0.692187 0.279167 2.000000 0.687500 0.268750 2.000000 0.706250 0.277083 2.000000 0.696875 0.266667 2.000000 0.687500 0.297917 1.000000 0.676953 0.281250 1.000000 0.125000 0.000000 0.000000 0.125000 0.000000 0.000000
0 0.49179688 0.190625 0.73359376 0.38125 0.125000 0.000000 0.000000 0.125000 0.000000 0.000000 0.125000 0.000000 0.000000 0.125000 0.000000 0.000000 0.125000 0.000000 0.000000 0.125000 0.000000 0.000000 0.125000 0.000000 0.000000 0.125000 0.000000 0.000000 0.125000 0.000000 0.000000 0.125000 0.000000 0.000000 0.125000 0.000000 0.000000 0.125000 0.000000 0.000000 0.125000 0.000000 0.000000 0.125000 0.000000 0.000000 0.125000 0.000000 0.000000 0.125000 0.000000 0.000000 0.125000 0.000000 0.000000