0 0.5881719 0.37569535 0.121798836 0.23589063 0.613818 0.337500 2.000000 0.622607 0.332812 2.000000 0.614697 0.325000 2.000000 0.633154 0.334375 2.000000 0.312354 0.000000 0.000000 0.625244 0.371875 2.000000 0.641064 0.348437 2.000000 0.589209 0.412500 2.000000 0.610303 0.306250 2.000000 0.546143 0.412500 2.000000 0.594482 0.281250 2.000000 0.600635 0.479688 2.000000 0.616455 0.464063 2.000000 0.587451 0.364062 2.000000 0.564600 0.359375 2.000000 0.538232 0.428125 2.000000 0.537354 0.443750 1.000000
0 0.47834376 0.73810154 0.047953125 0.08776563 0.486377 0.729688 2.000000 0.490771 0.726562 2.000000 0.482861 0.721875 2.000000 0.489893 0.734375 2.000000 0.473193 0.720312 2.000000 0.481104 0.759375 2.000000 0.467041 0.750000 2.000000 0.312354 0.000000 0.000000 0.312354 0.000000 0.000000 0.312354 0.000000 0.000000 0.312354 0.000000 0.000000 0.312354 0.000000 0.000000 0.312354 0.000000 0.000000 0.312354 0.000000 0.000000 0.312354 0.000000 0.000000 0.312354 0.000000 0.000000 0.312354 0.000000 0.000000
0 0.5552173 0.8102109 0.037836913 0.06532812 0.312354 0.000000 0.000000 0.312354 0.000000 0.000000 0.312354 0.000000 0.000000 0.312354 0.000000 0.000000 0.312354 0.000000 0.000000 0.312354 0.000000 0.000000 0.312354 0.000000 0.000000 0.312354 0.000000 0.000000 0.312354 0.000000 0.000000 0.312354 0.000000 0.000000 0.312354 0.000000 0.000000 0.312354 0.000000 0.000000 0.312354 0.000000 0.000000 0.312354 0.000000 0.000000 0.312354 0.000000 0.000000 0.312354 0.000000 0.000000 0.312354 0.000000 0.000000
0 0.6200498 0.9283438 0.040552735 0.1433125 0.627881 0.881250 2.000000 0.632275 0.878125 2.000000 0.625244 0.875000 2.000000 0.634033 0.889063 2.000000 0.619092 0.881250 2.000000 0.632275 0.921875 2.000000 0.616455 0.903125 2.000000 0.630518 0.956250 2.000000 0.601514 0.926562 2.000000 0.312354 0.000000 0.000000 0.615576 0.965625 2.000000 0.625244 0.996875 2.000000 0.612061 0.985937 2.000000 0.312354 0.000000 0.000000 0.312354 0.000000 0.000000 0.312354 0.000000 0.000000 0.312354 0.000000 0.000000
0 0.6542788 0.94095314 0.03757324 0.11809375 0.651611 0.914062 2.000000 0.655127 0.909375 2.000000 0.648975 0.907812 2.000000 0.312354 0.000000 0.000000 0.312354 0.000000 0.000000 0.663916 0.931250 2.000000 0.640186 0.929688 2.000000 0.312354 0.000000 0.000000 0.312354 0.000000 0.000000 0.312354 0.000000 0.000000 0.312354 0.000000 0.000000 0.656885 0.981250 2.000000 0.646338 0.978125 2.000000 0.312354 0.000000 0.000000 0.312354 0.000000 0.000000 0.312354 0.000000 0.000000 0.312354 0.000000 0.000000
0 0.5813955 0.82748437 0.03260742 0.0454375 0.312354 0.000000 0.000000 0.312354 0.000000 0.000000 0.312354 0.000000 0.000000 0.312354 0.000000 0.000000 0.312354 0.000000 0.000000 0.312354 0.000000 0.000000 0.312354 0.000000 0.000000 0.312354 0.000000 0.000000 0.312354 0.000000 0.000000 0.312354 0.000000 0.000000 0.312354 0.000000 0.000000 0.312354 0.000000 0.000000 0.312354 0.000000 0.000000 0.312354 0.000000 0.000000 0.312354 0.000000 0.000000 0.312354 0.000000 0.000000 0.312354 0.000000 0.000000
0 0.39968604 0.67463285 0.029100588 0.097046874 0.312354 0.000000 0.000000 0.312354 0.000000 0.000000 0.312354 0.000000 0.000000 0.312354 0.000000 0.000000 0.312354 0.000000 0.000000 0.312354 0.000000 0.000000 0.312354 0.000000 0.000000 0.312354 0.000000 0.000000 0.312354 0.000000 0.000000 0.312354 0.000000 0.000000 0.312354 0.000000 0.000000 0.312354 0.000000 0.000000 0.312354 0.000000 0.000000 0.312354 0.000000 0.000000 0.312354 0.000000 0.000000 0.312354 0.000000 0.000000 0.312354 0.000000 0.000000
0 0.51800436 0.78939843 0.029469725 0.10842188 0.527686 0.760938 2.000000 0.530322 0.759375 2.000000 0.525049 0.754687 2.000000 0.312354 0.000000 0.000000 0.518018 0.756250 2.000000 0.525049 0.784375 2.000000 0.509229 0.776563 2.000000 0.312354 0.000000 0.000000 0.503076 0.810938 1.000000 0.312354 0.000000 0.000000 0.522412 0.812500 2.000000 0.522412 0.859375 1.000000 0.506592 0.851562 1.000000 0.312354 0.000000 0.000000 0.312354 0.000000 0.000000 0.312354 0.000000 0.000000 0.312354 0.000000 0.000000
0 0.37385055 0.58349997 0.061787114 0.23784375 0.377393 0.575000 2.000000 0.383545 0.571875 2.000000 0.374756 0.568750 2.000000 0.387939 0.579687 2.000000 0.368604 0.570312 2.000000 0.389697 0.604688 2.000000 0.358936 0.590625 2.000000 0.397607 0.568750 2.000000 0.365088 0.540625 2.000000 0.389697 0.517187 2.000000 0.371240 0.489062 2.000000 0.312354 0.000000 0.000000 0.312354 0.000000 0.000000 0.312354 0.000000 0.000000 0.312354 0.000000 0.000000 0.312354 0.000000 0.000000 0.312354 0.000000 0.000000
0 0.49625146 0.8011641 0.022561524 0.07273437 0.312354 0.000000 0.000000 0.312354 0.000000 0.000000 0.312354 0.000000 0.000000 0.312354 0.000000 0.000000 0.312354 0.000000 0.000000 0.312354 0.000000 0.000000 0.312354 0.000000 0.000000 0.312354 0.000000 0.000000 0.312354 0.000000 0.000000 0.312354 0.000000 0.000000 0.312354 0.000000 0.000000 0.312354 0.000000 0.000000 0.312354 0.000000 0.000000 0.312354 0.000000 0.000000 0.312354 0.000000 0.000000 0.312354 0.000000 0.000000 0.312354 0.000000 0.000000
0 0.3342075 0.5997578 0.042090822 0.11604687 0.345752 0.573438 2.000000 0.350146 0.570312 2.000000 0.340479 0.565625 2.000000 0.312354 0.000000 0.000000 0.331689 0.568750 2.000000 0.343115 0.609375 2.000000 0.321143 0.590625 2.000000 0.340479 0.654688 2.000000 0.312354 0.000000 0.000000 0.351025 0.653125 1.000000 0.336963 0.634375 2.000000 0.312354 0.000000 0.000000 0.312354 0.000000 0.000000 0.312354 0.000000 0.000000 0.312354 0.000000 0.000000 0.312354 0.000000 0.000000 0.312354 0.000000 0.000000
0 0.5273999 0.8405937 0.027764648 0.069156244 0.312354 0.000000 0.000000 0.312354 0.000000 0.000000 0.312354 0.000000 0.000000 0.312354 0.000000 0.000000 0.312354 0.000000 0.000000 0.312354 0.000000 0.000000 0.312354 0.000000 0.000000 0.312354 0.000000 0.000000 0.312354 0.000000 0.000000 0.312354 0.000000 0.000000 0.312354 0.000000 0.000000 0.312354 0.000000 0.000000 0.312354 0.000000 0.000000 0.312354 0.000000 0.000000 0.312354 0.000000 0.000000 0.312354 0.000000 0.000000 0.312354 0.000000 0.000000
0 0.4175454 0.707836 0.028151365 0.06157812 0.312354 0.000000 0.000000 0.312354 0.000000 0.000000 0.312354 0.000000 0.000000 0.312354 0.000000 0.000000 0.312354 0.000000 0.000000 0.312354 0.000000 0.000000 0.312354 0.000000 0.000000 0.312354 0.000000 0.000000 0.312354 0.000000 0.000000 0.312354 0.000000 0.000000 0.312354 0.000000 0.000000 0.312354 0.000000 0.000000 0.312354 0.000000 0.000000 0.312354 0.000000 0.000000 0.312354 0.000000 0.000000 0.312354 0.000000 0.000000 0.312354 0.000000 0.000000
0 0.5443848 0.8515625 0.02109375 0.06875 0.312354 0.000000 0.000000 0.312354 0.000000 0.000000 0.312354 0.000000 0.000000 0.312354 0.000000 0.000000 0.312354 0.000000 0.000000 0.312354 0.000000 0.000000 0.312354 0.000000 0.000000 0.312354 0.000000 0.000000 0.312354 0.000000 0.000000 0.312354 0.000000 0.000000 0.312354 0.000000 0.000000 0.312354 0.000000 0.000000 0.312354 0.000000 0.000000 0.312354 0.000000 0.000000 0.312354 0.000000 0.000000 0.312354 0.000000 0.000000 0.312354 0.000000 0.000000